840
   0.000   90.000 4 0
  54.000   82.071 4 0
 126.000   82.071 4 0
  54.000   74.141 4 0
  90.000   77.057 4 0
 126.000   74.141 4 0
  54.000   66.212 4 0
  76.610   69.868 4 0
 103.390   69.868 4 0
 126.000   66.212 4 0
  54.000   58.282 4 0
  70.498   62.057 4 0
  90.000   63.435 4 0
 109.502   62.057 4 0
 126.000   58.282 4 0
  54.000   50.353 4 0
  67.133   53.961 4 0
  82.123   55.911 4 0
  97.877   55.911 4 0
 112.867   53.961 4 0
 126.000   50.353 4 0
  54.000   42.424 4 0
  65.044   45.684 4 0
  77.189   47.765 4 0
  90.000   48.483 4 0
 102.811   47.765 4 0
 114.956   45.684 4 0
 126.000   42.424 4 0
  54.000   34.494 4 0
  63.633   37.271 4 0
  73.886   39.214 4 0
  84.576   40.216 4 0
  95.424   40.216 4 0
 106.114   39.214 4 0
 116.367   37.271 4 0
 126.000   34.494 4 0
  54.000   26.565 4 0
  62.607   28.755 4 0
  71.533   30.379 4 0
  80.701   31.380 4 0
  90.000   31.718 4 0
  99.299   31.380 4 0
 108.467   30.379 4 0
 117.393   28.755 4 0
 126.000   26.565 4 0
 198.000   82.071 4 0
 162.000   77.057 4 0
 148.610   69.868 4 0
 198.000   66.212 5 1
 142.498   62.057 4 0
 162.000   63.435 4 0
 198.000   58.282 5 1
 139.133   53.961 4 0
 154.123   55.911 4 0
 169.877   55.911 4 0
 137.044   45.684 4 0
 149.189   47.765 4 0
 162.000   48.483 4 0
 174.811   47.765 4 0
 186.956   45.684 4 0
 198.000   42.424 4 0
 135.633   37.271 4 0
 145.886   39.214 4 0
 156.576   40.216 4 0
 167.424   40.216 4 0
 178.114   39.214 4 0
 188.367   37.271 4 0
 198.000   34.494 4 0
 134.607   28.755 4 0
 143.533   30.379 4 0
 152.701   31.380 4 0
 162.000   31.718 4 0
 171.299   31.380 4 0
 180.467   30.379 4 0
 189.393   28.755 4 0
 198.000   26.565 4 0
 270.000   82.071 4 0
 220.610   69.868 5 1
 247.390   69.868 5 1
 270.000   66.212 5 1
 214.498   62.057 5 1
 234.000   63.435 5 1
 253.502   62.057 5 1
 270.000   58.282 5 1
 211.133   53.961 5 1
 226.123   55.911 5 1
 241.877   55.911 5 1
 256.867   53.961 5 1
 270.000   50.353 5 1
 221.189   47.765 5 1
 234.000   48.483 5 1
 246.811   47.765 5 1
 258.956   45.684 5 1
 270.000   42.424 5 1
 207.633   37.271 4 0
 228.576   40.216 5 1
 239.424   40.216 5 1
 250.114   39.214 5 1
 260.367   37.271 5 1
 270.000   34.494 5 1
 206.607   28.755 4 0
 215.533   30.379 4 0
 234.000   31.718 5 1
 243.299   31.380 5 1
 252.467   30.379 5 1
 261.393   28.755 5 1
 270.000   26.565 5 1
 342.000   82.071 4 0
 342.000   74.141 4 0
 292.610   69.868 5 1
 342.000   66.212 4 0
 286.498   62.057 5 1
 306.000   63.435 5 1
 342.000   58.282 4 0
 283.133   53.961 5 1
 298.123   55.911 5 1
 313.877   55.911 5 1
 342.000   50.353 4 0
 281.044   45.684 5 1
 293.189   47.765 5 1
 306.000   48.483 5 1
 330.956   45.684 4 0
 342.000   42.424 4 0
 279.633   37.271 5 1
 289.886   39.214 5 1
 300.576   40.216 5 1
 322.114   39.214 4 0
 332.367   37.271 4 0
 342.000   34.494 4 0
 278.607   28.755 5 1
 287.533   30.379 5 1
 315.299   31.380 4 0
 324.467   30.379 4 0
 333.393   28.755 4 0
 342.000   26.565 4 0
  18.000   77.057 4 0
   4.610   69.868 4 0
  31.390   69.868 4 0
 358.498   62.057 4 0
  18.000   63.435 4 0
  37.502   62.057 4 0
 355.133   53.961 4 0
  10.123   55.911 4 0
  25.877   55.911 4 0
  40.867   53.961 4 0
 353.044   45.684 4 0
   5.189   47.765 4 0
  18.000   48.483 4 0
  30.811   47.765 4 0
  42.956   45.684 4 0
 351.633   37.271 4 0
   1.886   39.214 4 0
  12.576   40.216 4 0
  23.424   40.216 4 0
  34.114   39.214 4 0
  44.367   37.271 4 0
 350.607   28.755 4 0
 359.533   30.379 4 0
   8.701   31.380 4 0
  18.000   31.718 4 0
  27.299   31.380 4 0
  36.467   30.379 4 0
  45.393   28.755 4 0
  58.952   20.067 4 0
  63.506   13.442 4 0
  67.279   21.959 4 0
  67.812    6.739 4 0
  71.712   15.043 4 0
  75.930   23.275 4 0
  72.000    0.000 4 0
  76.052    8.043 4 0
  80.268   16.045 4 0
  84.837   23.958 4 0
  76.188   -6.739 4 0
  80.422    0.992 4 0
  84.676    8.718 4 0
  89.110   16.395 4 0
  93.907   23.971 4 0
  80.494  -13.442 4 0
  84.944   -6.075 4 0
  89.272    1.328 4 0
  93.626    8.723 4 0
  98.156   16.066 4 0
 103.033   23.307 4 0
  85.048  -20.067 4 0
  89.741  -13.114 4 0
  94.173   -6.081 4 0
  98.490    0.988 4 0
 102.826    8.050 4 0
 107.316   15.066 4 0
 112.110   21.987 4 0
  90.000  -26.565 4 0
  94.952  -20.067 4 0
  99.506  -13.442 4 0
 103.812   -6.739 4 0
 108.000   -0.000 4 0
 112.188    6.739 4 0
 116.494   13.442 4 0
 121.048   20.067 4 0
 130.952   20.067 4 0
 126.000   13.622 4 0
 135.506   13.442 4 0
 121.395    6.916 4 0
 130.605    6.916 4 0
 139.812    6.739 4 0
 117.000    0.000 4 0
 126.000    0.000 4 0
 135.000    0.000 4 0
 144.000   -0.000 4 0
 112.681   -7.079 4 0
 121.559   -7.251 4 0
 130.441   -7.251 4 0
 139.319   -7.079 4 0
 148.188   -6.739 4 0
 108.293  -14.273 4 0
 117.133  -14.781 4 0
 126.000  -14.952 4 0
 134.867  -14.781 4 0
 143.707  -14.273 4 0
 152.494  -13.442 4 0
 103.671  -21.524 4 0
 112.538  -22.522 4 0
 121.501  -23.028 4 0
 130.499  -23.028 4 0
 139.462  -22.522 4 0
 148.329  -21.524 4 0
 157.048  -20.067 4 0
  98.607  -28.755 4 0
 107.533  -30.379 4 0
 116.701  -31.380 4 0
 126.000  -31.718 4 0
 135.299  -31.380 4 0
 144.467  -30.379 4 0
 153.393  -28.755 4 0
 162.000  -26.565 4 0
 139.279   21.959 4 0
 143.712   15.043 4 0
 147.929   23.275 4 0
 148.052    8.043 4 0
 152.268   16.045 4 0
 156.837   23.958 4 0
 152.422    0.992 4 0
 156.676    8.718 4 0
 161.110   16.395 4 0
 165.907   23.971 4 0
 156.943   -6.075 4 0
 161.272    1.328 4 0
 165.626    8.723 4 0
 170.157   16.066 4 0
 175.033   23.307 4 0
 161.741  -13.114 4 0
 166.173   -6.081 4 0
 170.490    0.988 4 0
 174.826    8.050 4 0
 179.316   15.066 4 0
 184.110   21.987 4 0
 166.952  -20.067 4 0
 171.506  -13.442 4 0
 175.812   -6.739 4 0
 180.000   -0.000 4 0
 184.188    6.739 4 0
 188.494   13.442 4 0
 193.048   20.067 4 0
 202.952   20.067 4 0
 198.000   13.622 4 0
 207.506   13.442 4 0
 193.395    6.916 4 0
 202.605    6.916 4 0
 211.812    6.739 4 0
 189.000    0.000 4 0
 198.000    0.000 4 0
 207.000    0.000 4 0
 216.000   -0.000 4 0
 184.681   -7.079 4 0
 193.559   -7.251 4 0
 202.441   -7.251 4 0
 211.319   -7.079 4 0
 220.188   -6.739 4 0
 180.293  -14.273 4 0
 189.133  -14.781 4 0
 198.000  -14.952 4 0
 206.867  -14.781 4 0
 215.707  -14.273 4 0
 224.494  -13.442 4 0
 175.671  -21.524 4 0
 184.538  -22.522 4 0
 193.501  -23.028 4 0
 202.499  -23.028 4 0
 211.462  -22.522 4 0
 220.329  -21.524 4 0
 229.048  -20.067 4 0
 170.607  -28.755 4 0
 179.533  -30.379 4 0
 188.701  -31.380 4 0
 198.000  -31.718 4 0
 207.299  -31.380 4 0
 216.467  -30.379 4 0
 225.393  -28.755 4 0
 234.000  -26.565 4 0
 211.279   21.959 4 0
 215.712   15.043 4 0
 219.929   23.275 4 0
 220.052    8.043 4 0
 224.268   16.045 4 0
 224.422    0.992 4 0
 228.676    8.718 4 0
 237.907   23.971 5 1
 228.943   -6.075 4 0
 233.272    1.328 4 0
 237.626    8.723 4 0
 247.033   23.307 5 1
 233.741  -13.114 4 0
 238.173   -6.081 4 0
 242.490    0.988 4 0
 246.826    8.050 4 0
 256.110   21.987 5 1
 238.952  -20.067 4 0
 243.506  -13.442 4 0
 247.812   -6.739 4 0
 252.000   -0.000 4 0
 256.188    6.739 4 0
 265.048   20.067 5 1
 274.952   20.067 5 1
 265.395    6.916 4 0
 274.605    6.916 4 0
 283.812    6.739 4 0
 261.000    0.000 4 0
 270.000    0.000 4 0
 279.000    0.000 4 0
 288.000    0.000 4 0
 256.681   -7.079 4 0
 265.559   -7.251 4 0
 274.441   -7.251 4 0
 283.319   -7.079 4 0
 292.188   -6.739 4 0
 252.293  -14.273 4 0
 261.133  -14.781 4 0
 270.000  -14.952 4 0
 278.867  -14.781 4 0
 287.707  -14.273 4 0
 296.494  -13.442 4 0
 247.671  -21.524 4 0
 256.538  -22.522 4 0
 265.501  -23.028 4 0
 274.499  -23.028 4 0
 283.462  -22.522 4 0
 292.329  -21.524 4 0
 301.048  -20.067 4 0
 242.607  -28.755 4 0
 251.533  -30.379 4 0
 260.701  -31.380 4 0
 270.000  -31.718 4 0
 279.299  -31.380 4 0
 288.467  -30.379 4 0
 297.393  -28.755 4 0
 306.000  -26.565 4 0
 283.279   21.959 5 1
 292.052    8.043 4 0
 296.268   16.045 4 0
 300.837   23.958 4 0
 296.422    0.992 4 0
 300.676    8.718 4 0
 305.110   16.395 4 0
 309.907   23.971 4 0
 300.943   -6.075 4 0
 305.272    1.328 4 0
 309.626    8.723 4 0
 314.157   16.066 4 0
 319.033   23.307 4 0
 305.741  -13.114 4 0
 310.173   -6.081 4 0
 314.490    0.988 4 0
 318.826    8.050 4 0
 323.316   15.066 4 0
 328.110   21.987 4 0
 310.952  -20.067 4 0
 315.506  -13.442 4 0
 319.812   -6.739 4 0
 324.000   -0.000 4 0
 328.188    6.739 4 0
 332.494   13.442 4 0
 337.048   20.067 4 0
 346.952   20.067 4 0
 342.000   13.622 4 0
 351.506   13.442 4 0
 337.395    6.916 4 0
 346.605    6.916 4 0
 355.812    6.739 4 0
 333.000    0.000 4 0
 342.000    0.000 4 0
 351.000    0.000 4 0
 360.000    0.000 4 0
 328.681   -7.079 4 0
 337.559   -7.251 4 0
 346.441   -7.251 4 0
 355.319   -7.079 4 0
   4.188   -6.739 4 0
 324.293  -14.273 4 0
 333.133  -14.781 4 0
 342.000  -14.952 4 0
 350.867  -14.781 4 0
 359.707  -14.273 4 0
   8.494  -13.442 4 0
 319.671  -21.524 4 0
 328.538  -22.522 4 0
 337.501  -23.028 4 0
 346.499  -23.028 4 0
 355.462  -22.522 4 0
   4.329  -21.524 4 0
  13.048  -20.067 4 0
 314.607  -28.755 4 0
 323.533  -30.379 4 0
 332.701  -31.380 4 0
 342.000  -31.718 4 0
 351.299  -31.380 4 0
   0.467  -30.379 4 0
   9.393  -28.755 4 0
  18.000  -26.565 4 0
 355.279   21.959 4 0
 359.712   15.043 4 0
   3.929   23.275 4 0
   4.052    8.043 4 0
   8.268   16.045 4 0
  12.837   23.958 4 0
   8.422    0.992 4 0
  12.676    8.718 4 0
  17.110   16.395 4 0
  21.907   23.971 4 0
  12.944   -6.075 4 0
  17.272    1.328 4 0
  21.626    8.723 4 0
  26.157   16.066 4 0
  31.033   23.307 4 0
  17.741  -13.114 4 0
  22.173   -6.081 4 0
  26.490    0.988 4 0
  30.826    8.050 4 0
  35.316   15.066 4 0
  40.110   21.987 4 0
  22.952  -20.067 4 0
  27.506  -13.442 4 0
  31.812   -6.739 4 0
  36.000   -0.000 4 0
  40.188    6.739 4 0
  44.494   13.442 4 0
  49.048   20.067 4 0
  54.000   13.622 4 0
  49.395    6.916 4 0
  58.605    6.916 4 0
  45.000    0.000 4 0
  54.000    0.000 4 0
  63.000    0.000 4 0
  40.681   -7.079 4 0
  49.559   -7.251 4 0
  58.441   -7.251 4 0
  67.319   -7.079 4 0
  36.293  -14.273 4 0
  45.133  -14.781 4 0
  54.000  -14.952 4 0
  62.867  -14.781 4 0
  71.707  -14.273 4 0
  31.671  -21.524 4 0
  40.538  -22.522 4 0
  49.501  -23.028 4 0
  58.499  -23.028 4 0
  67.462  -22.522 4 0
  76.329  -21.524 4 0
  26.607  -28.755 4 0
  35.533  -30.379 4 0
  44.701  -31.380 4 0
  54.000  -31.718 4 0
  63.299  -31.380 4 0
  72.467  -30.379 4 0
  81.393  -28.755 4 0
  18.000  -34.494 4 0
  18.000  -42.424 4 0
  27.454  -36.722 4 0
  18.000  -50.353 4 0
  28.739  -44.755 4 0
  37.458  -38.336 4 0
  18.000  -58.282 4 0
  30.726  -52.839 4 0
  40.386  -46.353 4 0
  47.905  -39.231 4 0
  18.000  -66.212 4 0
  33.972  -60.937 4 0
  44.948  -54.340 4 0
  52.747  -47.031 4 0
  58.616  -39.323 4 0
  18.000  -74.141 4 0
  39.877  -68.950 4 0
  52.444  -62.098 4 0
  60.186  -54.537 4 0
  65.453  -46.639 4 0
  69.359  -38.561 4 0
  18.000  -82.071 4 0
  52.914  -76.546 4 0
  65.721  -69.133 4 0
  71.877  -61.257 4 0
  75.534  -53.215 4 0
  78.025  -45.096 4 0
  79.891  -36.938 4 0
   0.000  -90.000 4 0
  90.000  -82.071 4 0
  90.000  -74.141 4 0
  90.000  -66.212 4 0
  90.000  -58.282 4 0
  90.000  -50.353 4 0
  90.000  -42.424 4 0
  90.000  -34.494 4 0
  99.454  -36.722 4 0
 100.739  -44.755 4 0
 109.458  -38.336 4 0
 102.726  -52.839 4 0
 112.386  -46.353 4 0
 119.905  -39.231 4 0
 105.972  -60.937 4 0
 116.948  -54.340 4 0
 124.747  -47.031 4 0
 130.616  -39.323 4 0
 111.877  -68.950 4 0
 124.444  -62.098 4 0
 132.186  -54.537 4 0
 137.453  -46.639 4 0
 141.359  -38.561 4 0
 124.914  -76.546 4 0
 137.721  -69.133 4 0
 143.877  -61.257 4 0
 147.535  -53.215 4 0
 150.025  -45.096 4 0
 151.891  -36.938 4 0
 162.000  -82.071 4 0
 162.000  -74.141 4 0
 162.000  -66.212 4 0
 162.000  -58.282 4 0
 162.000  -50.353 4 0
 162.000  -42.424 4 0
 162.000  -34.494 4 0
 171.454  -36.722 4 0
 172.739  -44.755 4 0
 181.458  -38.336 4 0
 174.726  -52.839 4 0
 184.386  -46.353 4 0
 191.905  -39.231 4 0
 177.972  -60.937 4 0
 188.948  -54.340 4 0
 196.747  -47.031 4 0
 202.616  -39.323 4 0
 183.877  -68.950 4 0
 196.444  -62.098 4 0
 204.186  -54.537 4 0
 209.453  -46.639 4 0
 213.359  -38.561 4 0
 196.914  -76.546 4 0
 209.721  -69.133 4 0
 215.877  -61.257 4 0
 219.535  -53.215 4 0
 222.025  -45.096 4 0
 223.891  -36.938 4 0
 234.000  -82.071 4 0
 234.000  -74.141 4 0
 234.000  -66.212 4 0
 234.000  -58.282 4 0
 234.000  -50.353 4 0
 234.000  -42.424 4 0
 234.000  -34.494 4 0
 243.454  -36.722 4 0
 244.739  -44.755 4 0
 253.458  -38.336 4 0
 246.726  -52.839 4 0
 256.386  -46.353 4 0
 263.905  -39.231 4 0
 249.972  -60.937 4 0
 260.948  -54.340 4 0
 268.747  -47.031 4 0
 274.616  -39.323 4 0
 255.877  -68.950 4 0
 268.444  -62.098 4 0
 276.186  -54.537 4 0
 281.453  -46.639 4 0
 285.359  -38.561 4 0
 268.914  -76.546 4 0
 281.721  -69.133 4 0
 287.877  -61.257 4 0
 291.534  -53.215 4 0
 294.025  -45.096 4 0
 295.891  -36.938 4 0
 306.000  -82.071 4 0
 306.000  -74.141 4 0
 306.000  -66.212 4 0
 306.000  -58.282 4 0
 306.000  -50.353 4 0
 306.000  -42.424 4 0
 306.000  -34.494 4 0
 315.454  -36.722 4 0
 316.739  -44.755 4 0
 325.458  -38.336 4 0
 318.726  -52.839 4 0
 328.386  -46.353 4 0
 335.905  -39.231 4 0
 321.972  -60.937 4 0
 332.948  -54.340 4 0
 340.747  -47.031 4 0
 346.616  -39.323 4 0
 327.877  -68.950 4 0
 340.444  -62.098 4 0
 348.186  -54.537 4 0
 353.453  -46.639 4 0
 357.359  -38.561 4 0
 340.914  -76.546 4 0
 353.721  -69.133 4 0
 359.877  -61.257 4 0
   3.535  -53.215 4 0
   6.025  -45.096 4 0
   7.891  -36.938 4 0
 208.399   68.424 5 1
 259.601   68.424 5 1
 206.874   64.438 5 1
 217.049   66.010 5 1
 228.223   66.835 5 1
 239.777   66.835 5 1
 250.951   66.010 5 1
 261.126   64.438 5 1
 270.000   62.247 5 1
 205.772   60.425 5 1
 224.019   63.084 5 1
 243.981   63.084 5 1
 262.228   60.425 5 1
 204.943   56.392 5 1
 212.596   58.036 5 1
 220.869   59.182 5 1
 229.572   59.771 5 1
 238.428   59.771 5 1
 247.131   59.182 5 1
 255.404   58.036 5 1
 263.057   56.392 5 1
 270.000   54.318 5 1
 218.445   55.167 5 1
 234.000   56.162 5 1
 249.555   55.167 5 1
 263.701   52.340 5 1
 216.535   51.063 5 1
 223.391   51.899 5 1
 230.441   52.324 5 1
 237.559   52.324 5 1
 244.609   51.899 5 1
 251.465   51.063 5 1
 258.023   49.842 5 1
 264.213   48.271 5 1
 270.000   46.389 5 1
 227.550   48.303 5 1
 240.450   48.303 5 1
 253.001   46.885 5 1
 264.630   44.187 5 1
 225.172   44.132 5 1
 231.047   44.435 5 1
 236.953   44.435 5 1
 242.828   44.132 5 1
 248.614   43.532 5 1
 254.260   42.646 5 1
 259.724   41.492 5 1
 264.976   40.089 5 1
 270.000   38.459 5 1
 234.000   40.343 5 1
 244.808   39.838 5 1
 255.309   38.354 5 1
 265.268   35.979 5 1
 231.491   36.065 5 1
 236.509   36.065 5 1
 241.513   35.856 5 1
 246.479   35.441 5 1
 251.381   34.825 5 1
 256.199   34.017 5 1
 260.916   33.024 5 1
 265.520   31.857 5 1
 270.000   30.530 5 1
 238.658   31.633 5 1
 247.907   30.960 5 1
 256.966   29.642 5 1
 265.740   27.727 5 1
 280.399   68.424 5 1
 278.874   64.438 5 1
 289.049   66.010 5 1
 300.223   66.835 5 1
 277.772   60.425 5 1
 296.019   63.084 5 1
 276.943   56.392 5 1
 284.596   58.036 5 1
 292.869   59.182 5 1
 301.572   59.771 5 1
 276.299   52.340 5 1
 290.445   55.167 5 1
 306.000   56.162 5 1
 275.787   48.271 5 1
 281.977   49.842 5 1
 288.535   51.063 5 1
 295.391   51.899 5 1
 302.441   52.324 5 1
 309.559   52.324 5 1
 275.370   44.187 5 1
 286.999   46.885 5 1
 299.550   48.303 5 1
 275.024   40.089 5 1
 280.276   41.492 5 1
 285.740   42.646 5 1
 291.386   43.532 5 1
 297.172   44.132 5 1
 303.047   44.435 5 1
 274.732   35.979 5 1
 284.691   38.354 5 1
 295.192   39.838 5 1
 274.480   31.857 5 1
 279.084   33.024 5 1
 283.801   34.017 5 1
 288.619   34.825 5 1
 274.260   27.727 5 1
 283.034   29.642 5 1
 235.915   27.866 5 1
 240.511   27.701 5 1
 242.470   23.723 5 1
 245.099   27.368 5 1
 249.665   26.869 5 1
 251.584   22.726 5 1
 254.195   26.209 5 1
 258.678   25.395 5 1
 260.601   21.098 5 1
 263.103   24.434 5 1
 267.463   23.335 5 1
 272.537   23.335 5 1
 270.000   20.136 5 1
 276.717   24.422 5 1
 279.072   21.081 5 1
 280.983   25.375 5 1
 285.329   26.185 5 1
-162.000   74.141 5 1
-174.628   72.375 5 1
-162.000   70.177 5 1
 175.390   69.868 5 1
-172.399   68.424 5 1
 178.951   66.010 5 1
-170.874   64.438 5 1
-178.498   62.057 5 1
-169.772   60.425 5 1
-176.596   58.036 5 1
-168.943   56.392 5 1
-162.000   54.318 5 1
-175.133   53.961 5 1
-168.299   52.340 5 1
-162.000   50.353 5 1
-145.844   76.270 5 1
-126.000   77.057 5 1
-106.156   76.270 5 1
 -90.000   74.141 5 1
-149.372   72.375 5 1
-134.162   73.584 5 1
-117.838   73.584 5 1
-102.628   72.375 5 1
 -90.000   70.177 5 1
-155.701   52.340 5 1
-156.213   48.271 5 1
-150.023   49.842 5 1
-150.956   45.684 5 1
-145.001   46.885 5 1
-146.260   42.646 5 1
-140.614   43.532 5 1
-142.114   39.214 5 1
-136.808   39.838 5 1
-138.479   35.441 5 1
-133.513   35.856 5 1
-135.299   31.380 5 1
-130.658   31.633 5 1
 -73.844   76.270 5 1
 -54.000   77.057 5 1
 -77.372   72.375 5 1
 -62.162   73.584 5 1
 -45.838   73.584 5 1
 -54.000   70.373 5 1
 -40.610   69.868 5 1
 -48.223   66.835 5 1
 -37.049   66.010 5 1
 -44.019   63.084 5 1
 -34.498   62.057 5 1
 -40.869   59.182 5 1
 -32.596   58.036 5 1
 -38.445   55.167 5 1
 -31.133   53.961 5 1
 -43.391   51.899 5 1
 -36.535   51.063 5 1
 -47.550   48.303 5 1
 -41.189   47.765 5 1
 -51.047   44.435 5 1
 -45.172   44.132 5 1
 -54.000   40.343 5 1
 -48.576   40.216 5 1
 -66.479   35.441 5 1
 -61.513   35.856 5 1
 -56.509   36.065 5 1
 -51.491   36.065 5 1
 -67.907   30.960 5 1
 -63.299   31.380 5 1
 -58.658   31.633 5 1
 -54.000   31.718 5 1
-133.241   27.688 5 1
-131.163   23.958 5 1
-128.674   27.862 5 1
-129.051   20.192 5 1
-126.642   24.049 5 1
-126.890   16.395 5 1
-124.550   20.199 5 1
-122.387   16.316 5 1
-120.016   20.036 5 1
-117.843   16.066 5 1
-115.460   19.703 5 1
-113.272   15.648 5 1
-110.896   19.203 5 1
-108.684   15.066 5 1
-106.336   18.542 5 1
-104.092   14.327 5 1
-101.790   17.726 5 1
 -99.506   13.442 5 1
 -97.269   16.767 5 1
 -92.424   16.881 5 1
 -87.576   16.881 5 1
 -82.731   16.767 5 1
 -94.755   13.577 5 1
 -90.000   13.622 5 1
 -85.245   13.577 5 1
 -80.494   13.442 5 1
 -78.653   17.709 5 1
 -76.438   14.313 5 1
 -74.484   18.514 5 1
 -72.433   22.693 5 1
 -70.253   26.845 5 1
 -72.288   15.043 5 1
 -70.232   19.171 5 1
 -68.071   23.275 5 1
 -65.772   27.348 5 1
-162.000   62.247 5 1
-126.000   70.373 5 1
 -49.572   59.771 5 1
