   0.00000000       0.00000000    
  0.115000002       0.00000000    
  0.230000004       0.00000000    
  0.344999999       0.00000000    
  0.460000008       0.00000000    
  0.574999988       0.00000000    
  0.689999998       7.37433115E-37
  0.805000007       2.46533914E-36
  0.920000017      -3.97592654E-35
   1.03499997      -4.88319317E-34
   1.14999998      -3.03504744E-33
   1.26499999      -1.34907240E-32
   1.38000000      -4.78776175E-32
   1.49500000      -1.43262610E-31
   1.61000001      -3.73292455E-31
   1.72500002      -8.64767277E-31
   1.84000003      -1.80607184E-30
   1.95500004      -3.43314353E-30
   2.06999993      -5.97973450E-30
   2.18499994      -9.59617089E-30
   2.29999995      -1.42884186E-29
   2.41499996      -2.00212214E-29
   2.52999997      -2.72715532E-29
   2.64499998      -3.84981449E-29
   2.75999999      -6.11591392E-29
   2.87500000      -1.12959378E-28
   2.99000001      -2.29781739E-28
   3.10500002      -4.76045682E-28
   3.22000003      -9.55846157E-28
   3.33500004      -1.82104418E-27
   3.45000005      -3.26967553E-27
   3.56500006      -5.52512285E-27
   3.68000007      -8.78456476E-27
   3.79500008      -1.31258597E-26
   3.91000009      -1.83673597E-26
   4.02500010      -2.38870010E-26
   4.13999987      -2.84267969E-26
   4.25500011      -2.99355149E-26
   4.36999989      -2.55329176E-26
   4.48500013      -1.17054031E-26
   4.59999990       1.51449091E-26
   4.71500015       5.76926151E-26
   4.82999992       1.16177086E-25
   4.94500017       1.86452735E-25
   5.05999994       2.57833887E-25
   5.17500019       3.11173185E-25
   5.28999996       3.17827079E-25
   5.40500021       2.40332465E-25
   5.51999998       3.56806872E-26
   5.63500023      -3.38044943E-25
   5.75000000      -9.11263028E-25
   5.86499977      -1.68894449E-24
   5.98000002      -2.63422547E-24
   6.09499979      -3.65171917E-24
   6.21000004      -4.57371258E-24
   6.32499981      -5.15324294E-24
   6.44000006      -5.06842777E-24
   6.55499983      -3.94209927E-24
   6.67000008      -1.37964663E-24
   6.78499985       2.97400384E-24
   6.90000010       9.36007288E-24
   7.01499987       1.78191293E-23
   7.13000011       2.80997713E-23
   7.24499989       3.95733304E-23
   7.36000013       5.11667142E-23
   7.47499990       6.13262045E-23
   7.59000015       6.80242900E-23
   7.70499992       6.88204778E-23
   7.82000017       6.09855933E-23
   7.93499994       4.16978306E-23
   8.05000019       8.31857059E-24
   8.16499996      -4.12441883E-23
   8.27999973      -1.08077642E-22
   8.39500046      -1.91707753E-22
   8.51000023      -2.89450509E-22
   8.62500000      -3.95694523E-22
   8.73999977      -5.01168104E-22
   8.85499954      -5.92284543E-22
   8.97000027      -6.50710434E-22
   9.08500004      -6.53354342E-22
   9.19999981      -5.73019272E-22
   9.31499958      -3.79984403E-22
   9.43000031      -4.47612773E-23
   9.54500008       4.57803776E-22
   9.65999985       1.14306152E-21
   9.77499962       2.00992913E-21
   9.89000034       3.03358675E-21
   10.0050001       4.15832903E-21
   10.1199999       5.29171995E-21
   10.2349997       6.30146998E-21
   10.3500004       7.01657893E-21
   10.4650002       7.23422922E-21
   10.5799999       6.73356321E-21
   10.6949997       5.29687286E-21
   10.8100004       2.73780102E-21
   10.9250002      -1.06496606E-21
   11.0400000      -6.13130585E-21
   11.1549997      -1.23445268E-20
   11.2700005      -1.94224205E-20
   11.3850002      -2.68999022E-20
   11.5000000      -3.41284769E-20
   11.6149998      -4.02968176E-20
   11.7299995      -4.44750200E-20
   11.8450003      -4.56825131E-20
   11.9600000      -4.29768085E-20
   12.0749998      -3.55568756E-20
   12.1899996      -2.28723000E-20
   12.3050003      -4.72710092E-21
   12.4200001       1.86337006E-20
   12.5349998       4.64660793E-20
   12.6499996       7.75066231E-20
   12.7650003       1.09994885E-19
   12.8800001       1.41738755E-19
   12.9949999       1.70217756E-19
   13.1099997       1.92713928E-19
   13.2250004       2.06457121E-19
   13.3400002       2.08769362E-19
   13.4549999       1.97195826E-19
   13.5699997       1.69613488E-19
   13.6850004       1.24317375E-19
   13.8000002       6.00925066E-20
   13.9150000      -2.37099076E-20
   14.0299997      -1.27066885E-19
   14.1450005      -2.49120021E-19
   14.2600002      -3.87927700E-19
   14.3750000      -5.40118438E-19
   14.4899998      -7.00448943E-19
   14.6049995      -8.61298194E-19
   14.7200003      -1.01215743E-18
   14.8350000      -1.13921247E-18
   14.9499998      -1.22513814E-18
   15.0649996      -1.24924652E-18
   15.1800003      -1.18813297E-18
   15.2950001      -1.01693760E-18
   15.4099998      -7.11310031E-19
   15.5249996      -2.50082523E-19
   15.6400003       3.81425000E-19
   15.7550001       1.18765248E-18
   15.8699999       2.15889032E-18
   15.9849997       3.26761199E-18
   16.1000004       4.46551799E-18
   16.2150002       5.68180230E-18
   16.3299999       6.82314114E-18
   16.4449997       7.77583607E-18
   16.5599995       8.41039445E-18
   16.6749992       8.58866428E-18
   16.7900009       8.17337660E-18
   16.9050007       7.03969827E-18
   17.0200005       5.08814635E-18
   17.1350002       2.25795161E-18
   17.2500000      -1.46018389E-18
   17.3649998      -6.01310261E-18
   17.4799995      -1.12771328E-17
   17.5949993      -1.70539661E-17
   17.7099991      -2.30712650E-17
   17.8250008      -2.89885016E-17
   17.9400005      -3.44080533E-17
   18.0550003      -3.88912895E-17
   18.1700001      -4.19789429E-17
   18.2849998      -4.32147442E-17
   18.3999996      -4.21711069E-17
   18.5149994      -3.84756014E-17
   18.6299992      -3.18369145E-17
   18.7450008      -2.20693061E-17
   18.8600006      -9.11473212E-18
   18.9750004       6.93782271E-18
   19.0900002       2.58360650E-17
   19.2049999       4.71511677E-17
   19.3199997       7.02676695E-17
   19.4349995       9.43767749E-17
   19.5499992       1.18473545E-16
   19.6650009       1.41359542E-16
   19.7800007       1.61652598E-16
   19.8950005       1.77806681E-16
   20.0100002       1.88145327E-16
   20.1250000       1.90912213E-16
   20.2399998       1.84342520E-16
   20.3549995       1.66758447E-16
   20.4699993       1.36689862E-16
   20.5849991       9.30194907E-17
   20.7000008       3.51492832E-17
   20.8150005      -3.68200855E-17
   20.9300003      -1.21906901E-16
   21.0450001      -2.18079114E-16
   21.1599998      -3.22116757E-16
   21.2749996      -4.29527231E-16
   21.3899994      -5.34535388E-16
   21.5049992      -6.30171813E-16
   21.6200008      -7.08476198E-16
   21.7350006      -7.60830192E-16
   21.8500004      -7.78423755E-16
   21.9650002      -7.52850083E-16
   22.0799999      -6.76810506E-16
   22.1949997      -5.44897089E-16
   22.3099995      -3.54407532E-16
   22.4249992      -1.06132911E-16
   22.5400009       1.94950602E-16
   22.6550007       5.39163152E-16
   22.7700005       9.11852249E-16
   22.8850002       1.29344822E-15
   23.0000000       1.65990484E-15
   23.1149998       1.98356757E-15
   23.2299995       2.23448541E-15
   23.3449993       2.38215374E-15
   23.4599991       2.39762819E-15
   23.5750008       2.25592424E-15
   23.6900005       1.93856831E-15
   23.8050003       1.43613473E-15
   23.9200001       7.50571723E-16
   24.0349998      -1.02892566E-16
   24.1499996      -1.09447499E-15
   24.2649994      -2.17941429E-15
   24.3799992      -3.29854471E-15
   24.4950008      -4.38001542E-15
   24.6100006      -5.34220334E-15
   24.7250004      -6.09780374E-15
   24.8400002      -6.55898650E-15
   24.9549999      -6.64341662E-15
   25.0699997      -6.28084587E-15
   25.1849995      -5.41988558E-15
   25.2999992      -4.03452974E-15
   25.4150009      -2.12991432E-15
   25.5300007       2.53170339E-16
   25.6450005       3.03552277E-15
   25.7600002       6.09894003E-15
   25.8750000       9.28814402E-15
   25.9899998       1.24154354E-14
   26.1049995       1.52681128E-14
   26.2199993       1.76185428E-14
   26.3349991       1.92365536E-14
   26.4500008       1.99036581E-14
   26.5650005       1.94283862E-14
   26.6800003       1.76619278E-14
   26.7950001       1.45131083E-14
   26.9099998       9.96170801E-15
   27.0249996       4.06907555E-15
   27.1399994      -3.01489943E-15
   27.2549992      -1.10492788E-14
   27.3700008      -1.97047104E-14
   27.4850006      -2.85715936E-14
   27.6000004      -3.71738332E-14
   27.7150002      -4.49880679E-14
   27.8299999      -5.14677548E-14
   27.9449997      -5.60711925E-14
   28.0599995      -5.82923941E-14
   28.1749992      -5.76932436E-14
   28.2900009      -5.39352871E-14
   28.4050007      -4.68094225E-14
   28.5200005      -3.62615448E-14
   28.6350002      -2.24124630E-14
   28.7500000      -5.57042493E-15
   28.8649998       1.37650833E-14
   28.9799995       3.49092500E-14
   29.0949993       5.70081092E-14
   29.2099991       7.90650843E-14
   29.3250008       9.99773452E-14
   29.4400005       1.18581008E-13
   29.5550003       1.33703609E-13
   29.6700001       1.44221711E-13
   29.7849998       1.49121343E-13
   29.8999996       1.47558303E-13
   30.0149994       1.38915368E-13
   30.1299992       1.22853415E-13
   30.2450008       9.93533597E-14
   30.3600006       6.87461495E-14
   30.4750004       3.17285633E-14
   30.5900002      -1.06371609E-14
   30.7049999      -5.69410106E-14
   30.8199997      -1.05460677E-13
   30.9349995      -1.54214450E-13
   31.0499992      -2.01030382E-13
   31.1650009      -2.43629661E-13
   31.2800007      -2.79721342E-13
   31.3950005      -3.07105090E-13
   31.5100002      -3.23777490E-13
   31.6250000      -3.28037754E-13
   31.7399998      -3.18587794E-13
   31.8549995      -2.94622074E-13
   31.9699993      -2.55902070E-13
   32.0849991      -2.02811631E-13
   32.2000008      -1.36389164E-13
   32.3149986      -5.83336412E-14
   32.4300003       2.90172922E-14
   32.5449982       1.22738476E-13
   32.6599998       2.19397187E-13
   32.7750015       3.15160441E-13
   32.8899994       4.05927137E-13
   33.0050011       4.87481041E-13
   33.1199989       5.55659902E-13
   33.2350006       6.06534354E-13
   33.3499985       6.36590390E-13
   33.4650002       6.42907494E-13
   33.5800018       6.23325556E-13
   33.6949997       5.76592376E-13
   33.8100014       5.02484339E-13
   33.9249992       4.01893688E-13
   34.0400009       2.76876314E-13
   34.1549988       1.30654846E-13
   34.2700005      -3.24257019E-14
   34.3849983      -2.06991976E-13
   34.5000000      -3.86785737E-13
   34.6150017      -5.64854695E-13
   34.7299995      -7.33786187E-13
   34.8450012      -8.85977652E-13
   34.9599991      -1.01393535E-12
   35.0750008      -1.11059144E-12
   35.1899986      -1.16962776E-12
   35.3050003      -1.18579289E-12
   35.4199982      -1.15519812E-12
   35.5349998      -1.07558146E-12
   35.6500015      -9.46521832E-13
   35.7649994      -7.69592940E-13
   35.8800011      -5.48446434E-13
   35.9949989      -2.88812810E-13
   36.1100006       1.58355584E-15
   36.2249985       3.13199797E-13
   36.3400002       6.34939421E-13
   36.4550018       9.54500910E-13
   36.5699997       1.25880296E-12
   36.6850014       1.53447133E-12
   36.7999992       1.76837408E-12
   36.9150009       1.94818077E-12
   37.0299988       2.06292860E-12
   37.1450005       2.10356754E-12
   37.2599983       2.06345986E-12
   37.3750000       1.93881283E-12
   37.4900017       1.72901678E-12
   37.6049995       1.43687221E-12
   37.7200012       1.06868648E-12
   37.8349991       6.34230136E-13
   37.9500008       1.46544764E-13
   38.0649986      -3.78396072E-13
   38.1800003      -9.22167399E-13
   38.2949982      -1.46450246E-12
   38.4099998      -1.98401148E-12
   38.5250015      -2.45898440E-12
   38.6399994      -2.86825013E-12
   38.7550011      -3.19205426E-12
   38.8699989      -3.41292641E-12
   38.9850006      -3.51649352E-12
   39.0999985      -3.49220934E-12
   39.2150002      -3.33396071E-12
   39.3300018      -3.04052747E-12
   39.4449997      -2.61586564E-12
   39.5600014      -2.06920006E-12
   39.6749992      -1.41491116E-12
   39.7900009      -6.72220688E-13
   39.9049988       1.35327879E-13
   40.0200005       9.80574996E-13
   40.1349983       1.83361551E-12
   40.2500000       2.66281116E-12
   40.3650017       3.43590629E-12
   40.4799995       4.12120945E-12
   40.5950012       4.68880317E-12
   40.7099991       5.11173135E-12
   40.8250008       5.36712992E-12
   40.9399986       5.43724614E-12
   41.0550003       5.31032293E-12
   41.1699982       4.98129446E-12
   41.2849998       4.45227969E-12
   41.4000015       3.73283739E-12
   41.5149994       2.83997457E-12
   41.6300011       1.79789061E-12
   41.7449989       6.37466317E-13
   41.8600006      -6.04507167E-13
   41.9749985      -1.88633354E-12
   42.0900002      -3.16263118E-12
   42.2050018      -4.38574654E-12
   42.3199997      -5.50730295E-12
   42.4350014      -6.47986005E-12
   42.5499992      -7.25862859E-12
   42.6650009      -7.80318605E-12
   42.7799988      -8.07913719E-12
   42.8950005      -8.05966578E-12
   43.0099983      -7.72692067E-12
   43.1250000      -7.07317495E-12
   43.2400017      -6.10171505E-12
   43.3549995      -4.82740887E-12
   43.4700012      -3.27692517E-12
   43.5849991      -1.48855472E-12
   43.7000008       4.88366346E-13
   43.8149986       2.59443834E-12
   43.9300003       4.76159173E-12
   44.0449982       6.91485497E-12
   44.1599998       8.97446960E-12
   44.2750015       1.08583004E-11
   44.3899994       1.24844813E-11
   44.5050011       1.37742057E-11
   44.6199989       1.46546022E-11
   44.7350006       1.50615805E-11
   44.8499985       1.49425455E-11
   44.9650002       1.42589118E-11
   45.0800018       1.29882737E-11
   45.1949997       1.11261807E-11
   45.3100014       8.68740930E-12
   45.4249992       5.70666778E-12
   45.5400009       2.23868927E-12
   45.6549988      -1.64233904E-12
   45.7700005      -5.84399759E-12
   45.8849983      -1.02575179E-11
   46.0000000      -1.47602850E-11
   46.1150017      -1.92188921E-11
   46.2299995      -2.34926800E-11
   46.3450012      -2.74376303E-11
   46.4599991      -3.09105311E-11
   46.5750008      -3.37732516E-11
   46.6899986      -3.58969694E-11
   46.8050003      -3.71662354E-11
   46.9199982      -3.74827148E-11
   47.0349998      -3.67684251E-11
   47.1500015      -3.49684136E-11
   47.2649994      -3.20526869E-11
   47.3800011      -2.80173523E-11
   47.4949989      -2.28849127E-11
   47.6100006      -1.67036367E-11
   47.7249985      -9.54604538E-12
   47.8400002      -1.50655931E-12
   47.9550018       7.30165754E-12
   48.0699997       1.67505280E-11
   48.1850014       2.67014692E-11
   48.2999992       3.70101831E-11
   48.4150009       4.75316730E-11
   48.5299988       5.81253448E-11
   48.6450005       6.86599180E-11
   48.7599983       7.90180282E-11
   48.8750000       8.91003799E-11
   48.9900017       9.88291254E-11
   49.1049995       1.08150565E-10
   49.2200012       1.17036894E-10
   49.3349991       1.25486982E-10
   49.4500008       1.33526204E-10
   49.5649986       1.41205284E-10
   49.6800003       1.48598134E-10
   49.7949982       1.55799013E-10
   49.9099998       1.62918817E-10
   50.0250015       1.70080908E-10
   50.1399994       1.77416429E-10
   50.2550011       1.85059579E-10
   50.3699989       1.93142682E-10
   50.4850006       2.01791556E-10
   50.5999985       2.11121218E-10
   50.7150002       2.21231908E-10
   50.8300018       2.32205991E-10
   50.9449997       2.44105347E-10
   51.0600014       2.56969612E-10
   51.1749992       2.70815204E-10
   51.2900009       2.85635182E-10
   51.4049988       3.01399683E-10
   51.5200005       3.18056970E-10
   51.6349983       3.35535183E-10
   51.7500000       3.53744228E-10
   51.8650017       3.72578246E-10
   51.9799995       3.91917804E-10
   52.0950012       4.11632339E-10
   52.2099991       4.31582325E-10
   52.3250008       4.51621324E-10
   52.4399986       4.71597594E-10
   52.5550003       4.91355512E-10
   52.6699982       5.10736509E-10
   52.7849998       5.29579658E-10
   52.9000015       5.47722256E-10
   53.0149994       5.64999880E-10
   53.1300011       5.81246440E-10
   53.2449989       5.96294347E-10
   53.3600006       6.09974626E-10
   53.4749985       6.22117302E-10
   53.5900002       6.32551844E-10
   53.7050018       6.41108222E-10
   53.8199997       6.47618015E-10
   53.9350014       6.51916021E-10
   54.0499992       6.53842147E-10
   54.1650009       6.53243681E-10
   54.2799988       6.49977239E-10
   54.3950005       6.43911369E-10
   54.5099983       6.34928887E-10
   54.6250000       6.22928709E-10
   54.7400017       6.07827844E-10
   54.8549995       5.89562565E-10
   54.9700012       5.68089520E-10
   55.0849991       5.43385392E-10
   55.2000008       5.15446963E-10
   55.3149986       4.84289886E-10
   55.4300003       4.49946747E-10
   55.5449982       4.12465062E-10
   55.6599998       3.71904313E-10
   55.7750015       3.28332778E-10
   55.8899994       2.81824175E-10
   56.0050011       2.32454098E-10
   56.1199989       1.80296611E-10
   56.2350006       1.25420715E-10
   56.3499985       6.78875428E-11
   56.4650002       7.74770699E-12
   56.5800018      -5.49608553E-11
   56.6949997      -1.20214533E-10
   56.8100014      -1.88005098E-10
   56.9249992      -2.58339961E-10
   57.0400009      -3.31242284E-10
   57.1549988      -4.06750522E-10
   57.2700005      -4.84917106E-10
   57.3849983      -5.65807234E-10
   57.5000000      -6.49497289E-10
   57.6150017      -7.36073091E-10
   57.7299995      -8.25627455E-10
   57.8450012      -9.18258469E-10
   57.9599991      -1.01406727E-09
   58.0750008      -1.11315579E-09
   58.1899986      -1.21562482E-09
   58.3050003      -1.32157196E-09
   58.4199982      -1.43108936E-09
   58.5349998      -1.54426216E-09
   58.6500015      -1.66116632E-09
   58.7649994      -1.78186665E-09
   58.8800011      -1.90641525E-09
   58.9949989      -2.03485029E-09
   59.1100006      -2.16719265E-09
   59.2249985      -2.30344677E-09
   59.3400002      -2.44359821E-09
   59.4550018      -2.58761323E-09
   59.5699997      -2.73543765E-09
   59.6850014      -2.88699797E-09
   59.7999992      -3.04220005E-09
   59.9150009      -3.20093219E-09
   60.0299988      -3.36306494E-09
   60.1450005      -3.52845375E-09
   60.2599983      -3.69694120E-09
   60.3750000      -3.86836074E-09
   60.4900017      -4.04253919E-09
   60.6049995      -4.21930180E-09
   60.7200012      -4.39847447E-09
   60.8349991      -4.57988891E-09
   60.9500008      -4.76338613E-09
   61.0649986      -4.94881913E-09
   61.1800003      -5.13605736E-09
   61.2949982      -5.32498889E-09
   61.4099998      -5.51552182E-09
   61.5250015      -5.70758729E-09
   61.6399994      -5.90113824E-09
   61.7550011      -6.09615158E-09
   61.8699989      -6.29262686E-09
   61.9850006      -6.49058496E-09
   62.0999985      -6.69006539E-09
   62.2150002      -6.89112811E-09
   62.3300018      -7.09384729E-09
   62.4449997      -7.29831262E-09
   62.5600014      -7.50462448E-09
   62.6749992      -7.71289521E-09
   62.7900009      -7.92324428E-09
   62.9049988      -8.13580048E-09
   63.0200005      -8.35069702E-09
   63.1349983      -8.56807691E-09
   63.2500000      -8.78808670E-09
   63.3650017      -9.01088004E-09
   63.4799995      -9.23661769E-09
   63.5950012      -9.46546663E-09
   63.7099991      -9.69760361E-09
   63.8250008      -9.93320892E-09
   63.9399986      -1.01724735E-08
   64.0550003      -1.04155919E-08
   64.1699982      -1.06627649E-08
   64.2850037      -1.09141958E-08
   64.4000015      -1.11700906E-08
   64.5149994      -1.14306520E-08
   64.6299973      -1.16960743E-08
   64.7450027      -1.19665451E-08
   64.8600006      -1.22422339E-08
   64.9749985      -1.25232926E-08
   65.0899963      -1.28098456E-08
   65.2050018      -1.31019888E-08
   65.3199997      -1.33997826E-08
   65.4349976      -1.37032501E-08
   65.5500031      -1.40123682E-08
   65.6650009      -1.43270720E-08
   65.7799988      -1.46472434E-08
   65.8949966      -1.49727182E-08
   66.0100021      -1.53032751E-08
   66.1250000      -1.56386495E-08
   66.2399979      -1.59785216E-08
   66.3550034      -1.63225220E-08
   66.4700012      -1.66702421E-08
   66.5849991      -1.70212253E-08
   66.6999969      -1.73749797E-08
   66.8150024      -1.77309865E-08
   66.9300003      -1.80886950E-08
   67.0449982      -1.84475351E-08
   67.1600037      -1.88069222E-08
   67.2750015      -1.91662650E-08
   67.3899994      -1.95249648E-08
   67.5049973      -1.98824353E-08
   67.6200027      -2.02380974E-08
   67.7350006      -2.05913935E-08
   67.8499985      -2.09417870E-08
   67.9649963      -2.12887734E-08
   68.0800018      -2.16318856E-08
   68.1949997      -2.19706973E-08
   68.3099976      -2.23048264E-08
   68.4250031      -2.26339374E-08
   68.5400009      -2.29577548E-08
   68.6549988      -2.32760442E-08
   68.7699966      -2.35886315E-08
   68.8850021      -2.38953994E-08
   69.0000000      -2.41962823E-08
   69.1149979      -2.44912712E-08
   69.2300034      -2.47804053E-08
   69.3450012      -2.50637715E-08
   69.4599991      -2.53415013E-08
   69.5749969      -2.56137671E-08
   69.6900024      -2.58807766E-08
   69.8050003      -2.61427662E-08
   69.9199982      -2.63999951E-08
   70.0350037      -2.66527458E-08
   70.1500015      -2.69013132E-08
   70.2649994      -2.71459992E-08
   70.3799973      -2.73871095E-08
   70.4950027      -2.76249530E-08
   70.6100006      -2.78598229E-08
   70.7249985      -2.80920140E-08
   70.8399963      -2.83217911E-08
   70.9550018      -2.85494064E-08
   71.0699997      -2.87750783E-08
   71.1849976      -2.89990076E-08
   71.3000031      -2.92213436E-08
   71.4150009      -2.94422104E-08
   71.5299988      -2.96616740E-08
   71.6449966      -2.98797538E-08
   71.7600021      -3.00964196E-08
   71.8750000      -3.03115755E-08
   71.9899979      -3.05250616E-08
   72.1050034      -3.07366541E-08
   72.2200012      -3.09460475E-08
   72.3349991      -3.11528794E-08
   72.4499969      -3.13567092E-08
   72.5650024      -3.15570290E-08
   72.6800003      -3.17532667E-08
   72.7949982      -3.19447864E-08
   72.9100037      -3.21308988E-08
   73.0250015      -3.23108686E-08
   73.1399994      -3.24839249E-08
   73.2549973      -3.26492611E-08
   73.3700027      -3.28060707E-08
   73.4850006      -3.29535332E-08
   73.5999985      -3.30908492E-08
   73.7149963      -3.32172441E-08
   73.8300018      -3.33319825E-08
   73.9449997      -3.34343717E-08
   74.0599976      -3.35237829E-08
   74.1750031      -3.35996440E-08
   74.2900009      -3.36614718E-08
   74.4049988      -3.37088331E-08
   74.5199966      -3.37413830E-08
   74.6350021      -3.37588588E-08
   74.7500000      -3.37610686E-08
   74.8649979      -3.37478880E-08
   74.9800034      -3.37192638E-08
   75.0950012      -3.36751995E-08
   75.2099991      -3.36157520E-08
   75.3249969      -3.35410384E-08
   75.4400024      -3.34512009E-08
   75.5550003      -3.33464278E-08
   75.6699982      -3.32269394E-08
   75.7850037      -3.30929630E-08
   75.9000015      -3.29447651E-08
   76.0149994      -3.27826193E-08
   76.1299973      -3.26068275E-08
   76.2450027      -3.24177023E-08
   76.3600006      -3.22155600E-08
   76.4749985      -3.20007523E-08
   76.5899963      -3.17736308E-08
   76.7050018      -3.15345687E-08
   76.8199997      -3.12839354E-08
   76.9349976      -3.10221395E-08
   77.0500031      -3.07496038E-08
   77.1650009      -3.04667331E-08
   77.2799988      -3.01739433E-08
   77.3949966      -2.98716714E-08
   77.5100021      -2.95603257E-08
   77.6250000      -2.92403151E-08
   77.7399979      -2.89120408E-08
   77.8550034      -2.85758528E-08
   77.9700012      -2.82320993E-08
   78.0849991      -2.78810806E-08
   78.1999969      -2.75230612E-08
   78.3150024      -2.71582721E-08
   78.4300003      -2.67869016E-08
   78.5449982      -2.64090616E-08
   78.6600037      -2.60248250E-08
   78.7750015      -2.56342094E-08
   78.8899994      -2.52371617E-08
   79.0049973      -2.48335699E-08
   79.1200027      -2.44232581E-08
   79.2350006      -2.40060256E-08
   79.3499985      -2.35815811E-08
   79.4649963      -2.31495889E-08
   79.5800018      -2.27096777E-08
   79.6949997      -2.22614140E-08
   79.8099976      -2.18043219E-08
   79.9250031      -2.13378968E-08
   80.0400009      -2.08615862E-08
   80.1549988      -2.03748218E-08
   80.2699966      -1.98770191E-08
   80.3850021      -1.93675582E-08
   80.5000000      -1.88458547E-08
   80.6149979      -1.83113134E-08
   80.7300034      -1.77633801E-08
   80.8450012      -1.72015220E-08
   80.9599991      -1.66252523E-08
   81.0749969      -1.60341553E-08
   81.1900024      -1.54278652E-08
   81.3050003      -1.48061075E-08
   81.4199982      -1.41686733E-08
   81.5350037      -1.35154483E-08
   81.6500015      -1.28464022E-08
   81.7649994      -1.21615900E-08
   81.8799973      -1.14611574E-08
   81.9950027      -1.07453415E-08
   82.1100006      -1.00144142E-08
   82.2249985      -9.26874844E-09
   82.3399963      -8.50877502E-09
   82.4550018      -7.73495046E-09
   82.5699997      -6.94776370E-09
   82.6849976      -6.14773477E-09
   82.8000031      -5.33540412E-09
   82.9150009      -4.51127047E-09
   83.0299988      -3.67585562E-09
   83.1449966      -2.82965917E-09
   83.2600021      -1.97313632E-09
   83.3750000      -1.10674114E-09
   83.4899979      -2.30886740E-10
   83.6050034       6.54041321E-10
   83.7200012       1.54768065E-09
   83.8349991       2.44965159E-09
   83.9499969       3.35962724E-09
   84.0650024       4.27723723E-09
   84.1800003       5.20212584E-09
   84.2949982       6.13392581E-09
   84.4100037       7.07224723E-09
   84.5250015       8.01666555E-09
   84.6399994       8.96673580E-09
   84.7549973       9.92201787E-09
   84.8700027       1.08819709E-08
   84.9850006       1.18460797E-08
   85.0999985       1.28137945E-08
   85.2149963       1.37845211E-08
   85.3300018       1.47576644E-08
   85.4449997       1.57325264E-08
   85.5599976       1.67084693E-08
   85.6750031       1.76848332E-08
   85.7900009       1.86609377E-08
   85.9049988       1.96360972E-08
   86.0199966       2.06096313E-08
   86.1350021       2.15808988E-08
   86.2500000       2.25492496E-08
   86.3649979       2.35140245E-08
   86.4800034       2.44746445E-08
   86.5950012       2.54305217E-08
   86.7099991       2.63810822E-08
   86.8249969       2.73258305E-08
   86.9400024       2.82642638E-08
   87.0550003       2.91959434E-08
   87.1699982       3.01204643E-08
   87.2850037       3.10375086E-08
   87.4000015       3.19467901E-08
   87.5149994       3.28481207E-08
   87.6299973       3.37413830E-08
   87.7450027       3.46265310E-08
   87.8600006       3.55035965E-08
   87.9749985       3.63726649E-08
   88.0899963       3.72338818E-08
   88.2050018       3.80875065E-08
   88.3199997       3.89338517E-08
   88.4349976       3.97732407E-08
   88.5500031       4.06060785E-08
   88.6650009       4.14328234E-08
   88.7799988       4.22539870E-08
   88.8949966       4.30700986E-08
   89.0100021       4.38817231E-08
   89.1250000       4.46893793E-08
   89.2399979       4.54936533E-08
   89.3550034       4.62950602E-08
   89.4700012       4.70941792E-08
   89.5849991       4.78914473E-08
   89.6999969       4.86873653E-08
   89.8150024       4.94823453E-08
   89.9300003       5.02767818E-08
   90.0449982       5.10710265E-08
   90.1600037       5.18653742E-08
   90.2750015       5.26601021E-08
   90.3899994       5.34554481E-08
   90.5049973       5.42516005E-08
   90.6200027       5.50486874E-08
   90.7350006       5.58467690E-08
   90.8499985       5.66459235E-08
   90.9649963       5.74461012E-08
   91.0800018       5.82472772E-08
   91.1949997       5.90493023E-08
   91.3099976       5.98520415E-08
   91.4250031       6.06553670E-08
   91.5400009       6.14590405E-08
   91.6549988       6.22628562E-08
   91.7699966       6.30665440E-08
   91.8850021       6.38698410E-08
   92.0000000       6.46723990E-08
   92.1149979       6.54738983E-08
   92.2300034       6.62739694E-08
   92.3450012       6.70722144E-08
   92.4599991       6.78682426E-08
   92.5749969       6.86615707E-08
   92.6900024       6.94517368E-08
   92.8050003       7.02382792E-08
   92.9199982       7.10206720E-08
   93.0350037       7.17983966E-08
   93.1500015       7.25709270E-08
   93.2649994       7.33376879E-08
   93.3799973       7.40980610E-08
   93.4950027       7.48514211E-08
   93.6100006       7.55970646E-08
   93.7249985       7.63343593E-08
   93.8399963       7.70625661E-08
   93.9550018       7.77809532E-08
   94.0699997       7.84888243E-08
   94.1849976       7.91854760E-08
   94.3000031       7.98701834E-08
   94.4150009       8.05422928E-08
   94.5299988       8.12011223E-08
   94.6449966       8.18460393E-08
   94.7600021       8.24764186E-08
   94.8750000       8.30916775E-08
   94.9899979       8.36912335E-08
   95.1050034       8.42745749E-08
   95.2200012       8.48411901E-08
   95.3349991       8.53905888E-08
   95.4499969       8.59223306E-08
   95.5650024       8.64360032E-08
   95.6800003       8.69312160E-08
   95.7949982       8.74075923E-08
   95.9100037       8.78647768E-08
   96.0250015       8.83024143E-08
   96.1399994       8.87201352E-08
   96.2549973       8.91175986E-08
   96.3700027       8.94944492E-08
   96.4850006       8.98503387E-08
   96.5999985       9.01849120E-08
   96.7149963       9.04978279E-08
   96.8300018       9.07887667E-08
   96.9449997       9.10574656E-08
   97.0599976       9.13036331E-08
   97.1750031       9.15270562E-08
   97.2900009       9.17275287E-08
   97.4049988       9.19048730E-08
   97.5199966       9.20589187E-08
   97.6350021       9.21895307E-08
   97.7500000       9.22965810E-08
   97.8649979       9.23799206E-08
   97.9800034       9.24394428E-08
   98.0950012       9.24750125E-08
   98.2099991       9.24865091E-08
   98.3249969       9.24738046E-08
   98.4400024       9.24367711E-08
   98.5550003       9.23752452E-08
   98.6699982       9.22890635E-08
   98.7850037       9.21780483E-08
   98.9000015       9.20419794E-08
   99.0149994       9.18806435E-08
   99.1299973       9.16937921E-08
   99.2450027       9.14812048E-08
   99.3600006       9.12426898E-08
   99.4749985       9.09780553E-08
   99.5899963       9.06871946E-08
   99.7050018       9.03700368E-08
   99.8199997       9.00265746E-08
   99.9349976       8.96568935E-08
   100.050003       8.92611283E-08
   100.165001       8.88394922E-08
   100.279999       8.83922411E-08
   100.394997       8.79196591E-08
   100.510002       8.74221087E-08
   100.625000       8.68999379E-08
   100.739998       8.63535519E-08
   100.855003       8.57833271E-08
   100.970001       8.51896900E-08
   101.084999       8.45730099E-08
   101.199997       8.39336423E-08
   101.315002       8.32719067E-08
   101.430000       8.25880733E-08
   101.544998       8.18823409E-08
   101.660004       8.11548375E-08
   101.775002       8.04056057E-08
   101.889999       7.96345887E-08
   102.004997       7.88416941E-08
   102.120003       7.80267371E-08
   102.235001       7.71894690E-08
   102.349998       7.63295915E-08
   102.464996       7.54467351E-08
   102.580002       7.45404876E-08
   102.695000       7.36103587E-08
   102.809998       7.26558369E-08
   102.925003       7.16762898E-08
   103.040001       7.06710566E-08
   103.154999       6.96393201E-08
   103.269997       6.85802846E-08
   103.385002       6.74930263E-08
   103.500000       6.63765789E-08
   103.614998       6.52299121E-08
   103.730003       6.40519389E-08
   103.845001       6.28415435E-08
   103.959999       6.15975821E-08
   104.074997       6.03188823E-08
   104.190002       5.90042468E-08
   104.305000       5.76524251E-08
   104.419998       5.62622624E-08
   104.535004       5.48325652E-08
   104.650002       5.33622035E-08
   104.764999       5.18500656E-08
   104.879997       5.02952524E-08
   104.995003       4.86968617E-08
   105.110001       4.70541828E-08
   105.224998       4.53666580E-08
   105.339996       4.36338397E-08
   105.455002       4.18554684E-08
   105.570000       4.00314129E-08
   105.684998       3.81617156E-08
   105.800003       3.62465080E-08
   105.915001       3.42861313E-08
   106.029999       3.22809974E-08
   106.144997       3.02316607E-08
   106.260002       2.81388992E-08
   106.375000       2.60035264E-08
   106.489998       2.38264999E-08
   106.605003       2.16088836E-08
   106.720001       1.93518908E-08
   106.834999       1.70568004E-08
   106.949997       1.47249049E-08
   107.065002       1.23575230E-08
   107.180000       9.95609817E-09
   107.294998       7.52201768E-09
   107.410004       5.05682118E-09
   107.525002       2.56188515E-09
   107.639999       3.87876849E-11
   107.754997      -2.51099186E-09
   107.870003      -5.08595255E-09
   107.985001      -7.68446995E-09
   108.099998      -1.03051265E-08
   108.214996      -1.29463720E-08
   108.330002      -1.56068758E-08
   108.445000      -1.82851974E-08
   108.559998      -2.09802273E-08
   108.675003      -2.36906921E-08
   108.790001      -2.64153748E-08
   108.904999      -2.91533038E-08
   109.019997      -3.19033440E-08
   109.135002      -3.46645592E-08
   109.250000      -3.74359210E-08
   109.364998      -4.02165696E-08
   109.480003      -4.30054961E-08
   109.595001      -4.58019294E-08
   109.709999      -4.86050737E-08
   109.824997      -5.14142471E-08
   109.940002      -5.42288490E-08
   110.055000      -5.70483039E-08
   110.169998      -5.98720931E-08
   110.285004      -6.26998258E-08
   110.400002      -6.55310544E-08
   110.514999      -6.83654662E-08
   110.629997      -7.12028125E-08
   110.745003      -7.40428590E-08
   110.860001      -7.68855344E-08
   110.974998      -7.97308317E-08
   111.089996      -8.25787012E-08
   111.205002      -8.54293134E-08
   111.320000      -8.82827393E-08
   111.434998      -9.11391993E-08
   111.550003      -9.39988780E-08
   111.665001      -9.68620242E-08
   111.779999      -9.97287870E-08
   111.894997      -1.02599266E-07
   112.010002      -1.05473525E-07
   112.125000      -1.08351422E-07
   112.239998      -1.11232822E-07
   112.355003      -1.14117476E-07
   112.470001      -1.17004859E-07
   112.584999      -1.19894509E-07
   112.699997      -1.22785693E-07
   112.815002      -1.25677715E-07
   112.930000      -1.28569596E-07
   113.044998      -1.31460340E-07
   113.160004      -1.34348781E-07
   113.275002      -1.37233684E-07
   113.389999      -1.40113613E-07
   113.504997      -1.42987219E-07
   113.620003      -1.45852908E-07
   113.735001      -1.48708992E-07
   113.849998      -1.51553763E-07
   113.964996      -1.54385731E-07
   114.080002      -1.57203132E-07
   114.195000      -1.60004305E-07
   114.309998      -1.62787700E-07
   114.425003      -1.65551484E-07
   114.540001      -1.68294065E-07
   114.654999      -1.71013752E-07
   114.769997      -1.73708628E-07
   114.885002      -1.76376957E-07
   115.000000      -1.79016908E-07
   115.114998      -1.81626518E-07
   115.230003      -1.84203941E-07
   115.345001      -1.86747258E-07
   115.459999      -1.89254607E-07
   115.574997      -1.91724155E-07
   115.690002      -1.94153714E-07
   115.805000      -1.96541265E-07
   115.919998      -1.98884877E-07
   116.035004      -2.01182317E-07
   116.150002      -2.03431682E-07
   116.264999      -2.05630926E-07
   116.379997      -2.07777902E-07
   116.495003      -2.09870862E-07
   116.610001      -2.11907874E-07
   116.724998      -2.13887233E-07
   116.839996      -2.15807347E-07
   116.955002      -2.17666596E-07
   117.070000      -2.19463544E-07
   117.184998      -2.21196558E-07
   117.300003      -2.22864301E-07
   117.415001      -2.24465452E-07
   117.529999      -2.25998818E-07
   117.644997      -2.27463332E-07
   117.760002      -2.28857999E-07
   117.875000      -2.30181826E-07
   117.989998      -2.31434271E-07
   118.105003      -2.32614482E-07
   118.220001      -2.33721835E-07
   118.334999      -2.34755859E-07
   118.449997      -2.35716001E-07
   118.565002      -2.36601451E-07
   118.680000      -2.37412010E-07
   118.794998      -2.38147138E-07
   118.910004      -2.38806507E-07
   119.025002      -2.39389607E-07
   119.139999      -2.39896195E-07
   119.254997      -2.40326017E-07
   119.370003      -2.40678759E-07
   119.485001      -2.40954222E-07
   119.599998      -2.41151952E-07
   119.714996      -2.41271522E-07
   119.830002      -2.41312620E-07
   119.945000      -2.41274762E-07
   120.059998      -2.41157551E-07
   120.175003      -2.40960503E-07
   120.290001      -2.40682937E-07
   120.404999      -2.40324425E-07
   120.519997      -2.39884258E-07
   120.635002      -2.39362009E-07
   120.750000      -2.38757053E-07
   120.864998      -2.38068864E-07
   120.980003      -2.37296831E-07
   121.095001      -2.36440798E-07
   121.209999      -2.35500025E-07
   121.324997      -2.34474214E-07
   121.440002      -2.33363252E-07
   121.555000      -2.32166769E-07
   121.669998      -2.30884496E-07
   121.785004      -2.29516317E-07
   121.900002      -2.28062149E-07
   122.014999      -2.26521934E-07
   122.129997      -2.24895786E-07
   122.245003      -2.23183733E-07
   122.360001      -2.21386003E-07
   122.474998      -2.19502866E-07
   122.589996      -2.17534478E-07
   122.705002      -2.15480910E-07
   122.820000      -2.13342361E-07
   122.934998      -2.11119087E-07
   123.050003      -2.08811088E-07
   123.165001      -2.06418562E-07
   123.279999      -2.03941653E-07
   123.394997      -2.01380502E-07
   123.510002      -1.98735520E-07
   123.625000      -1.96006766E-07
   123.739998      -1.93194538E-07
   123.855003      -1.90299104E-07
   123.970001      -1.87320637E-07
   124.084999      -1.84259349E-07
   124.199997      -1.81115439E-07
   124.315002      -1.77888978E-07
   124.430000      -1.74580151E-07
   124.544998      -1.71189157E-07
   124.660004      -1.67716067E-07
   124.775002      -1.64161150E-07
   124.889999      -1.60524522E-07
   125.004997      -1.56806308E-07
   125.120003      -1.53006681E-07
   125.235001      -1.49125697E-07
   125.349998      -1.45163369E-07
   125.464996      -1.41119656E-07
   125.580002      -1.36994558E-07
   125.695000      -1.32788060E-07
   125.809998      -1.28500247E-07
   125.925003      -1.24131248E-07
   126.040001      -1.19681161E-07
   126.154999      -1.15150243E-07
   126.269997      -1.10538920E-07
   126.385002      -1.05847576E-07
   126.500000      -1.01076751E-07
   126.614998      -9.62271258E-08
   126.730003      -9.12993698E-08
   126.845001      -8.62943210E-08
   126.959999      -8.12129386E-08
   127.074997      -7.60563026E-08
   127.190002      -7.08255428E-08
   127.305000      -6.55219239E-08
   127.419998      -6.01468386E-08
   127.535004      -5.47017613E-08
   127.650002      -4.91882233E-08
   127.764999      -4.36078622E-08
   127.879997      -3.79623586E-08
   127.995003      -3.22535101E-08
   128.110001      -2.64831286E-08
   128.225006      -2.06531077E-08
   128.339996      -1.47654422E-08
   128.455002      -8.82221585E-09
   128.570007      -2.82557244E-09
   128.684998       3.22221716E-09
   128.800003       9.31877420E-09
   128.914993       1.54616568E-08
   129.029999       2.16483720E-08
   129.145004       2.78763999E-08
   129.259995       3.41431061E-08
   129.375000       4.04458866E-08
   129.490005       4.67820342E-08
   129.604996       5.31488844E-08
   129.720001       5.95438010E-08
   129.835007       6.59640165E-08
   129.949997       7.24069267E-08
   130.065002       7.88699026E-08
   130.179993       8.53504503E-08
   130.294998       9.18460756E-08
   130.410004       9.83544197E-08
   130.524994       1.04873152E-07
   130.639999       1.11400084E-07
   130.755005       1.17933048E-07
   130.869995       1.24469892E-07
   130.985001       1.31008633E-07
   131.100006       1.37547289E-07
   131.214996       1.44083856E-07
   131.330002       1.50616373E-07
   131.445007       1.57142935E-07
   131.559998       1.63661539E-07
   131.675003       1.70170310E-07
   131.789993       1.76667356E-07
   131.904999       1.83150760E-07
   132.020004       1.89618703E-07
   132.134995       1.96069124E-07
   132.250000       2.02500203E-07
   132.365005       2.08910009E-07
   132.479996       2.15296851E-07
   132.595001       2.21658922E-07
   132.710007       2.27994377E-07
   132.824997       2.34301510E-07
   132.940002       2.40578800E-07
   133.054993       2.46824413E-07
   133.169998       2.53036717E-07
   133.285004       2.59214346E-07
   133.399994       2.65355538E-07
   133.514999       2.71458987E-07
   133.630005       2.77523128E-07
   133.744995       2.83546342E-07
   133.860001       2.89527094E-07
   133.975006       2.95463735E-07
   134.089996       3.01354703E-07
   134.205002       3.07198320E-07
   134.320007       3.12992853E-07
   134.434998       3.18736511E-07
   134.550003       3.24427475E-07
   134.664993       3.30063671E-07
   134.779999       3.35643250E-07
   134.895004       3.41164224E-07
   135.009995       3.46624518E-07
   135.125000       3.52021885E-07
   135.240005       3.57354224E-07
   135.354996       3.62619261E-07
   135.470001       3.67814380E-07
   135.585007       3.72937393E-07
   135.699997       3.77985771E-07
   135.815002       3.82957182E-07
   135.929993       3.87849013E-07
   136.044998       3.92659075E-07
   136.160004       3.97384696E-07
   136.274994       4.02023744E-07
   136.389999       4.06573804E-07
   136.505005       4.11032744E-07
   136.619995       4.15398205E-07
   136.735001       4.19667884E-07
   136.850006       4.23839737E-07
   136.964996       4.27911544E-07
   137.080002       4.31881176E-07
   137.195007       4.35746614E-07
   137.309998       4.39505925E-07
   137.425003       4.43157461E-07
   137.539993       4.46699431E-07
   137.654999       4.50130244E-07
   137.770004       4.53448138E-07
   137.884995       4.56651520E-07
   138.000000       4.59739084E-07
   138.115005       4.62708840E-07
   138.229996       4.65559566E-07
   138.345001       4.68289556E-07
   138.460007       4.70897504E-07
   138.574997       4.73381590E-07
   138.690002       4.75740592E-07
   138.804993       4.77973401E-07
   138.919998       4.80078540E-07
   139.035004       4.82054872E-07
   139.149994       4.83901090E-07
   139.264999       4.85615999E-07
   139.380005       4.87198520E-07
   139.494995       4.88647402E-07
   139.610001       4.89961735E-07
   139.725006       4.91140497E-07
   139.839996       4.92182721E-07
   139.955002       4.93087612E-07
   140.070007       4.93854657E-07
   140.184998       4.94483118E-07
   140.300003       4.94972710E-07
   140.414993       4.95322922E-07
   140.529999       4.95533470E-07
   140.645004       4.95603956E-07
   140.759995       4.95534266E-07
   140.875000       4.95324116E-07
   140.990005       4.94973449E-07
   141.104996       4.94481924E-07
   141.220001       4.93849257E-07
   141.335007       4.93075390E-07
   141.449997       4.92160268E-07
   141.565002       4.91103833E-07
   141.679993       4.89906085E-07
   141.794998       4.88567082E-07
   141.910004       4.87086652E-07
   142.024994       4.85464511E-07
   142.139999       4.83701058E-07
   142.255005       4.81795837E-07
   142.369995       4.79748678E-07
   142.485001       4.77559354E-07
   142.600006       4.75227637E-07
   142.714996       4.72753499E-07
   142.830002       4.70136541E-07
   142.945007       4.67376765E-07
   143.059998       4.64474169E-07
   143.175003       4.61428755E-07
   143.289993       4.58240578E-07
   143.404999       4.54909440E-07
   143.520004       4.51435938E-07
   143.634995       4.47820156E-07
   143.750000       4.44062408E-07
   143.865005       4.40163745E-07
   143.979996       4.36124424E-07
   144.095001       4.31945551E-07
   144.210007       4.27627924E-07
   144.324997       4.23173105E-07
   144.440002       4.18582033E-07
   144.554993       4.13856384E-07
   144.669998       4.08997494E-07
   144.785004       4.04007039E-07
   144.899994       3.98886954E-07
   145.014999       3.93638771E-07
   145.130005       3.88264283E-07
   145.244995       3.82765450E-07
   145.360001       3.77144175E-07
   145.475006       3.71402024E-07
   145.589996       3.65540927E-07
   145.705002       3.59562478E-07
   145.820007       3.53468067E-07
   145.934998       3.47259544E-07
   146.050003       3.40938357E-07
   146.164993       3.34506041E-07
   146.279999       3.27964045E-07
   146.395004       3.21313621E-07
   146.509995       3.14556274E-07
   146.625000       3.07693227E-07
   146.740005       3.00726072E-07
   146.854996       2.93655916E-07
   146.970001       2.86484180E-07
   147.085007       2.79212173E-07
   147.199997       2.71841259E-07
   147.315002       2.64372630E-07
   147.429993       2.56807795E-07
   147.544998       2.49148144E-07
   147.660004       2.41395128E-07
   147.774994       2.33550054E-07
   147.889999       2.25614684E-07
   148.005005       2.17590625E-07
   148.119995       2.09479282E-07
   148.235001       2.01282603E-07
   148.350006       1.93002123E-07
   148.464996       1.84639731E-07
   148.580002       1.76197133E-07
   148.695007       1.67676276E-07
   148.809998       1.59079036E-07
   148.925003       1.50407701E-07
   149.039993       1.41664458E-07
   149.154999       1.32851767E-07
   149.270004       1.23972143E-07
   149.384995       1.15028108E-07
   149.500000       1.06022505E-07
   149.615005       9.69581251E-08
   149.729996       8.78379538E-08
   149.845001       7.86647476E-08
   149.960007       6.94417821E-08
   150.074997       6.01721410E-08
   150.190002       5.08590574E-08
   150.304993       4.15055865E-08
   150.419998       3.21150608E-08
   150.535004       2.26908341E-08
   150.649994       1.32361784E-08
   150.764999       3.75432396E-09
   150.880005      -5.75156767E-09
   150.994995      -1.52783937E-08
   151.110001      -2.48231569E-08
   151.225006      -3.43829107E-08
   151.339996      -4.39548238E-08
   151.455002      -5.35359241E-08
   151.570007      -6.31232808E-08
   151.684998      -7.27140659E-08
   151.800003      -8.23052417E-08
   151.914993      -9.18939236E-08
   152.029999      -1.01477198E-07
   152.145004      -1.11052195E-07
   152.259995      -1.20616235E-07
   152.375000      -1.30166512E-07
   152.490005      -1.39700560E-07
   152.604996      -1.49215822E-07
   152.720001      -1.58709852E-07
   152.835007      -1.68180193E-07
   152.949997      -1.77624642E-07
   153.065002      -1.87040854E-07
   153.179993      -1.96426512E-07
   153.294998      -2.05779415E-07
   153.410004      -2.15097344E-07
   153.524994      -2.24378084E-07
   153.639999      -2.33619460E-07
   153.755005      -2.42819340E-07
   153.869995      -2.51975592E-07
   153.985001      -2.61085944E-07
   154.100006      -2.70148121E-07
   154.214996      -2.79159707E-07
   154.330002      -2.88118173E-07
   154.445007      -2.97020904E-07
   154.559998      -3.05865115E-07
   154.675003      -3.14648020E-07
   154.789993      -3.23366635E-07
   154.904999      -3.32018004E-07
   155.020004      -3.40599229E-07
   155.134995      -3.49107324E-07
   155.250000      -3.57539534E-07
   155.365005      -3.65893101E-07
   155.479996      -3.74165211E-07
   155.595001      -3.82353306E-07
   155.710007      -3.90454773E-07
   155.824997      -3.98467051E-07
   155.940002      -4.06387755E-07
   156.054993      -4.14214583E-07
   156.169998      -4.21945231E-07
   156.285004      -4.29577625E-07
   156.399994      -4.37109719E-07
   156.514999      -4.44539666E-07
   156.630005      -4.51865617E-07
   156.744995      -4.59085726E-07
   156.860001      -4.66198259E-07
   156.975006      -4.73201311E-07
   157.089996      -4.80092979E-07
   157.205002      -4.86871386E-07
   157.320007      -4.93534458E-07
   157.434998      -5.00080148E-07
   157.550003      -5.06506240E-07
   157.664993      -5.12810800E-07
   157.779999      -5.18991669E-07
   157.895004      -5.25047028E-07
   158.009995      -5.30974830E-07
   158.125000      -5.36773200E-07
   158.240005      -5.42440148E-07
   158.354996      -5.47974082E-07
   158.470001      -5.53372786E-07
   158.585007      -5.58634724E-07
   158.699997      -5.63757965E-07
   158.815002      -5.68740802E-07
   158.929993      -5.73581303E-07
   159.044998      -5.78277934E-07
   159.160004      -5.82828989E-07
   159.274994      -5.87232876E-07
   159.389999      -5.91487776E-07
   159.505005      -5.95592496E-07
   159.619995      -5.99545331E-07
   159.735001      -6.03344915E-07
   159.850006      -6.06989602E-07
   159.964996      -6.10478025E-07
   160.080002      -6.13808538E-07
   160.195007      -6.16979776E-07
   160.309998      -6.19990828E-07
   160.425003      -6.22840730E-07
   160.539993      -6.25528742E-07
   160.654999      -6.28053954E-07
   160.770004      -6.30416139E-07
   160.884995      -6.32614842E-07
   161.000000      -6.34649780E-07
   161.115005      -6.36520952E-07
   161.229996      -6.38228130E-07
   161.345001      -6.39771429E-07
   161.460007      -6.41150734E-07
   161.574997      -6.42366274E-07
   161.690002      -6.43418048E-07
   161.804993      -6.44305942E-07
   161.919998      -6.45029900E-07
   162.035004      -6.45589751E-07
   162.149994      -6.45985267E-07
   162.264999      -6.46216222E-07
   162.380005      -6.46282160E-07
   162.494995      -6.46182741E-07
   162.610001      -6.45917282E-07
   162.725006      -6.45485613E-07
   162.839996      -6.44886995E-07
   162.955002      -6.44121030E-07
   163.070007      -6.43187434E-07
   163.184998      -6.42085524E-07
   163.300003      -6.40815244E-07
   163.414993      -6.39376310E-07
   163.529999      -6.37768892E-07
   163.645004      -6.35992990E-07
   163.759995      -6.34049059E-07
   163.875000      -6.31937496E-07
   163.990005      -6.29658928E-07
   164.104996      -6.27214092E-07
   164.220001      -6.24604070E-07
   164.335007      -6.21829884E-07
   164.449997      -6.18892784E-07
   164.565002      -6.15794079E-07
   164.679993      -6.12535246E-07
   164.794998      -6.09117819E-07
   164.910004      -6.05543335E-07
   165.024994      -6.01813611E-07
   165.139999      -5.97930068E-07
   165.255005      -5.93894413E-07
   165.369995      -5.89708179E-07
   165.485001      -5.85372959E-07
   165.600006      -5.80890116E-07
   165.714996      -5.76261414E-07
   165.830002      -5.71488215E-07
   165.945007      -5.66571885E-07
   166.059998      -5.61513787E-07
   166.175003      -5.56315399E-07
   166.289993      -5.50978029E-07
   166.404999      -5.45502758E-07
   166.520004      -5.39890664E-07
   166.634995      -5.34142828E-07
   166.750000      -5.28260330E-07
   166.865005      -5.22243909E-07
   166.979996      -5.16094701E-07
   167.095001      -5.09813390E-07
   167.210007      -5.03401111E-07
   167.324997      -4.96859059E-07
   167.440002      -4.90187972E-07
   167.554993      -4.83389158E-07
   167.669998      -4.76463924E-07
   167.785004      -4.69413351E-07
   167.899994      -4.62238717E-07
   168.014999      -4.54941329E-07
   168.130005      -4.47522524E-07
   168.244995      -4.39983751E-07
   168.360001      -4.32326658E-07
   168.475006      -4.24552951E-07
   168.589996      -4.16664790E-07
   168.705002      -4.08664192E-07
   168.820007      -4.00553432E-07
   168.934998      -3.92335295E-07
   169.050003      -3.84012139E-07
   169.164993      -3.75586922E-07
   169.279999      -3.67062540E-07
   169.395004      -3.58441895E-07
   169.509995      -3.49728253E-07
   169.625000      -3.40924856E-07
   169.740005      -3.32035285E-07
   169.854996      -3.23063063E-07
   169.970001      -3.14012112E-07
   170.085007      -3.04886328E-07
   170.199997      -2.95689574E-07
   170.315002      -2.86426001E-07
   170.429993      -2.77099474E-07
   170.544998      -2.67714000E-07
   170.660004      -2.58273360E-07
   170.774994      -2.48781333E-07
   170.889999      -2.39241416E-07
   171.005005      -2.29657132E-07
   171.119995      -2.20031779E-07
   171.235001      -2.10368626E-07
   171.350006      -2.00670883E-07
   171.464996      -1.90941407E-07
   171.580002      -1.81183268E-07
   171.695007      -1.71399080E-07
   171.809998      -1.61591672E-07
   171.925003      -1.51763288E-07
   172.039993      -1.41916104E-07
   172.154999      -1.32052250E-07
   172.270004      -1.22173518E-07
   172.384995      -1.12281739E-07
   172.500000      -1.02378614E-07
   172.615005      -9.24660029E-08
   172.729996      -8.25456183E-08
   172.845001      -7.26192368E-08
   172.960007      -6.26886774E-08
   173.074997      -5.27556594E-08
   173.190002      -4.28220019E-08
   173.304993      -3.28894956E-08
   173.419998      -2.29598545E-08
   173.535004      -1.30347768E-08
   173.649994      -3.11614046E-09
   173.764999       6.79404843E-09
   173.880005       1.66937895E-08
   173.994995       2.65807962E-08
   174.110001       3.64526400E-08
   174.225006       4.63066243E-08
   174.339996       5.61400739E-08
   174.455002       6.59501609E-08
   174.570007       7.57340075E-08
   174.684998       8.54887219E-08
   174.800003       9.52114831E-08
   174.914993       1.04899414E-07
   175.029999       1.14549742E-07
   175.145004       1.24159556E-07
   175.259995       1.33725976E-07
   175.375000       1.43246154E-07
   175.490005       1.52717021E-07
   175.604996       1.62135606E-07
   175.720001       1.71498854E-07
   175.835007       1.80803724E-07
   175.949997       1.90047274E-07
   176.065002       1.99226577E-07
   176.179993       2.08338818E-07
   176.294998       2.17381199E-07
   176.410004       2.26350892E-07
   176.524994       2.35245182E-07
   176.639999       2.44061226E-07
   176.755005       2.52796269E-07
   176.869995       2.61447440E-07
   176.985001       2.70011753E-07
   177.100006       2.78486425E-07
   177.214996       2.86868612E-07
   177.330002       2.95155644E-07
   177.445007       3.03344905E-07
   177.559998       3.11433894E-07
   177.675003       3.19420252E-07
   177.789993       3.27301677E-07
   177.904999       3.35075782E-07
   178.020004       3.42740378E-07
   178.134995       3.50293277E-07
   178.250000       3.57732176E-07
   178.365005       3.65054973E-07
   178.479996       3.72259478E-07
   178.595001       3.79343788E-07
   178.710007       3.86305970E-07
   178.824997       3.93144319E-07
   178.940002       3.99857242E-07
   179.054993       4.06443206E-07
   179.169998       4.12901045E-07
   179.285004       4.19229394E-07
   179.399994       4.25427146E-07
   179.514999       4.31493248E-07
   179.630005       4.37426678E-07
   179.744995       4.43226554E-07
   179.860001       4.48891996E-07
   179.975006       4.54422292E-07
   180.089996       4.59816761E-07
   180.205002       4.65074862E-07
   180.320007       4.70196028E-07
   180.434998       4.75179746E-07
   180.550003       4.80025562E-07
   180.664993       4.84732766E-07
   180.779999       4.89300589E-07
   180.895004       4.93728294E-07
   181.009995       4.98014799E-07
   181.125000       5.02159025E-07
   181.240005       5.06159779E-07
   181.354996       5.10015582E-07
   181.470001       5.13725126E-07
   181.585007       5.17286821E-07
   181.699997       5.20699359E-07
   181.815002       5.23961205E-07
   181.929993       5.27070938E-07
   182.044998       5.30027307E-07
   182.160004       5.32828722E-07
   182.274994       5.35473816E-07
   182.389999       5.37961398E-07
   182.505005       5.40290046E-07
   182.619995       5.42458849E-07
   182.735001       5.44466673E-07
   182.850006       5.46312720E-07
   182.964996       5.47996478E-07
   183.080002       5.49517438E-07
   183.195007       5.50875711E-07
   183.309998       5.52071242E-07
   183.425003       5.53104030E-07
   183.539993       5.53974360E-07
   183.654999       5.54682515E-07
   183.770004       5.55229008E-07
   183.884995       5.55614122E-07
   184.000000       5.55838426E-07
   184.115005       5.55902602E-07
   184.229996       5.55807389E-07
   184.345001       5.55554038E-07
   184.460007       5.55143572E-07
   184.574997       5.54577241E-07
   184.690002       5.53856466E-07
   184.804993       5.52982499E-07
   184.919998       5.51956532E-07
   185.035004       5.50779873E-07
   185.149994       5.49453375E-07
   185.264999       5.47978345E-07
   185.380005       5.46355466E-07
   185.494995       5.44585532E-07
   185.610001       5.42669625E-07
   185.725006       5.40608141E-07
   185.839996       5.38402332E-07
   185.955002       5.36052710E-07
   186.070007       5.33560069E-07
   186.184998       5.30924865E-07
   186.300003       5.28147439E-07
   186.414993       5.25228359E-07
   186.529999       5.22167738E-07
   186.645004       5.18965805E-07
   186.759995       5.15623128E-07
   186.875000       5.12139934E-07
   186.990005       5.08517019E-07
   187.104996       5.04755064E-07
   187.220001       5.00855094E-07
   187.335007       4.96818132E-07
   187.449997       4.92645427E-07
   187.565002       4.88337946E-07
   187.679993       4.83896713E-07
   187.794998       4.79322864E-07
   187.910004       4.74617650E-07
   188.024994       4.69782151E-07
   188.139999       4.64817902E-07
   188.255005       4.59726294E-07
   188.369995       4.54509006E-07
   188.485001       4.49167885E-07
   188.600006       4.43704891E-07
   188.714996       4.38122129E-07
   188.830002       4.32421302E-07
   188.945007       4.26604657E-07
   189.059998       4.20674240E-07
   189.175003       4.14632154E-07
   189.289993       4.08480275E-07
   189.404999       4.02221019E-07
   189.520004       3.95856347E-07
   189.634995       3.89388873E-07
   189.750000       3.82821213E-07
   189.865005       3.76156009E-07
   189.979996       3.69396162E-07
   190.095001       3.62544512E-07
   190.210007       3.55603902E-07
   190.324997       3.48577402E-07
   190.440002       3.41467739E-07
   190.554993       3.34277814E-07
   190.669998       3.27010696E-07
   190.785004       3.19669169E-07
   190.899994       3.12256503E-07
   191.014999       3.04775568E-07
   191.130005       2.97229718E-07
   191.244995       2.89622051E-07
   191.360001       2.81955920E-07
   191.475006       2.74234566E-07
   191.589996       2.66461001E-07
   191.705002       2.58638295E-07
   191.820007       2.50769403E-07
   191.934998       2.42857084E-07
   192.050003       2.34904007E-07
   192.164993       2.26912817E-07
   192.279999       2.18886157E-07
   192.395004       2.10826414E-07
   192.509995       2.02736089E-07
   192.625000       1.94617726E-07
   192.740005       1.86473798E-07
   192.854996       1.78306564E-07
   192.970001       1.70118369E-07
   193.085007       1.61911373E-07
   193.199997       1.53687722E-07
   193.315002       1.45449462E-07
   193.429993       1.37198583E-07
   193.544998       1.28937160E-07
   193.660004       1.20667181E-07
   193.774994       1.12391028E-07
   193.889999       1.04110818E-07
   194.005005       9.58289661E-08
   194.119995       8.75479387E-08
   194.235001       7.92702082E-08
   194.350006       7.09981407E-08
   194.464996       6.27341166E-08
   194.580002       5.44804593E-08
   194.695007       4.62394851E-08
   194.809998       3.80134324E-08
   194.925003       2.98044931E-08
   195.039993       2.16150458E-08
   195.154999       1.34473241E-08
   195.270004       5.30376054E-09
   195.384995      -2.81341617E-09
   195.500000      -1.09018430E-08
   195.615005      -1.89592217E-08
   195.729996      -2.69833400E-08
   195.845001      -3.49720963E-08
   195.960007      -4.29234284E-08
   196.074997      -5.08353892E-08
   196.190002      -5.87060178E-08
   196.304993      -6.65333033E-08
   196.419998      -7.43152242E-08
   196.535004      -8.20496311E-08
   196.649994      -8.97343000E-08
   196.764999      -9.73669643E-08
   196.880005      -1.04945279E-07
   196.994995      -1.12466950E-07
   197.110001      -1.19929723E-07
   197.225006      -1.27331433E-07
   197.339996      -1.34669904E-07
   197.455002      -1.41943175E-07
   197.570007      -1.49149201E-07
   197.684998      -1.56285978E-07
   197.800003      -1.63351473E-07
   197.914993      -1.70343597E-07
   198.029999      -1.77260290E-07
   198.145004      -1.84099534E-07
   198.259995      -1.90859382E-07
   198.375000      -1.97537929E-07
   198.490005      -2.04133471E-07
   198.604996      -2.10644473E-07
   198.720001      -2.17069413E-07
   198.835007      -2.23407028E-07
   198.949997      -2.29655967E-07
   199.065002      -2.35814881E-07
   199.179993      -2.41882418E-07
   199.294998      -2.47857088E-07
   199.410004      -2.53737454E-07
   199.524994      -2.59521926E-07
   199.639999      -2.65208882E-07
   199.755005      -2.70796789E-07
   199.869995      -2.76284055E-07
   199.985001      -2.81669230E-07
   200.100006      -2.86950836E-07
   200.214996      -2.92127311E-07
   200.330002      -2.97197261E-07
   200.445007      -3.02159094E-07
   200.559998      -3.07011334E-07
   200.675003      -3.11752416E-07
   200.789993      -3.16380664E-07
   200.904999      -3.20894628E-07
   201.020004      -3.25292802E-07
   201.134995      -3.29573908E-07
   201.250000      -3.33736807E-07
   201.365005      -3.37780392E-07
   201.479996      -3.41703810E-07
   201.595001      -3.45506180E-07
   201.710007      -3.49186706E-07
   201.824997      -3.52744593E-07
   201.940002      -3.56179100E-07
   202.054993      -3.59489263E-07
   202.169998      -3.62674456E-07
   202.285004      -3.65733939E-07
   202.399994      -3.68666917E-07
   202.514999      -3.71472993E-07
   202.630005      -3.74151654E-07
   202.744995      -3.76702673E-07
   202.860001      -3.79125709E-07
   202.975006      -3.81420676E-07
   203.089996      -3.83587519E-07
   203.205002      -3.85626350E-07
   203.320007      -3.87537199E-07
   203.434998      -3.89320320E-07
   203.550003      -3.90976027E-07
   203.664993      -3.92504830E-07
   203.779999      -3.93907442E-07
   203.895004      -3.95184514E-07
   204.009995      -3.96337100E-07
   204.125000      -3.97366136E-07
   204.240005      -3.98272562E-07
   204.354996      -3.99057370E-07
   204.470001      -3.99721529E-07
   204.585007      -4.00266003E-07
   204.699997      -4.00691533E-07
   204.815002      -4.00998658E-07
   204.929993      -4.01187975E-07
   205.044998      -4.01259655E-07
   205.160004      -4.01214123E-07
   205.274994      -4.01051580E-07
   205.389999      -4.00772223E-07
   205.505005      -4.00376251E-07
   205.619995      -3.99863978E-07
   205.735001      -3.99235716E-07
   205.850006      -3.98491693E-07
   205.964996      -3.97632277E-07
   206.080002      -3.96657981E-07
   206.195007      -3.95569316E-07
   206.309998      -3.94366850E-07
   206.425003      -3.93051494E-07
   206.539993      -3.91624241E-07
   206.654999      -3.90086257E-07
   206.770004      -3.88438764E-07
   206.884995      -3.86683155E-07
   207.000000      -3.84820964E-07
   207.115005      -3.82853756E-07
   207.229996      -3.80783206E-07
   207.345001      -3.78610878E-07
   207.460007      -3.76338363E-07
   207.574997      -3.73967310E-07
   207.690002      -3.71499198E-07
   207.804993      -3.68935503E-07
   207.919998      -3.66277561E-07
   208.035004      -3.63526709E-07
   208.149994      -3.60684282E-07
   208.264999      -3.57751588E-07
   208.380005      -3.54729821E-07
   208.494995      -3.51620116E-07
   208.610001      -3.48423612E-07
   208.725006      -3.45141217E-07
   208.839996      -3.41773813E-07
   208.955002      -3.38321996E-07
   209.070007      -3.34786591E-07
   209.184998      -3.31168081E-07
   209.300003      -3.27467006E-07
   209.414993      -3.23684020E-07
   209.529999      -3.19819776E-07
   209.645004      -3.15874985E-07
   209.759995      -3.11850300E-07
   209.875000      -3.07746689E-07
   209.990005      -3.03564605E-07
   210.104996      -2.99305100E-07
   210.220001      -2.94969055E-07
   210.335007      -2.90557580E-07
   210.449997      -2.86071668E-07
   210.565002      -2.81512541E-07
   210.679993      -2.76881792E-07
   210.794998      -2.72181097E-07
   210.910004      -2.67412474E-07
   211.024994      -2.62578141E-07
   211.139999      -2.57680455E-07
   211.255005      -2.52722003E-07
   211.369995      -2.47705430E-07
   211.485001      -2.42633547E-07
   211.600006      -2.37509141E-07
   211.714996      -2.32334898E-07
   211.830002      -2.27113517E-07
   211.945007      -2.21847728E-07
   212.059998      -2.16540386E-07
   212.175003      -2.11194035E-07
   212.289993      -2.05811403E-07
   212.404999      -2.00395093E-07
   212.520004      -1.94947475E-07
   212.634995      -1.89470825E-07
   212.750000      -1.83967188E-07
   212.865005      -1.78438270E-07
   212.979996      -1.72885564E-07
   213.095001      -1.67310304E-07
   213.210007      -1.61713686E-07
   213.324997      -1.56096760E-07
   213.440002      -1.50460309E-07
   213.554993      -1.44805412E-07
   213.669998      -1.39132979E-07
   213.785004      -1.33444004E-07
   213.899994      -1.27739625E-07
   214.014999      -1.22020822E-07
   214.130005      -1.16288795E-07
   214.244995      -1.10544704E-07
   214.360001      -1.04789763E-07
   214.475006      -9.90252147E-08
   214.589996      -9.32525666E-08
   214.705002      -8.74733317E-08
   214.820007      -8.16892367E-08
   214.934998      -7.59021717E-08
   215.050003      -7.01139626E-08
   215.164993      -6.43267413E-08
   215.279999      -5.85424154E-08
   215.395004      -5.27629567E-08
   215.509995      -4.69903014E-08
   215.625000      -4.12262651E-08
   215.740005      -3.54724854E-08
   215.854996      -2.97307370E-08
   215.970001      -2.40026470E-08
   216.085007      -1.82898461E-08
   216.199997      -1.25940609E-08
   216.315002      -6.91698476E-09
   216.429993      -1.26031408E-09
   216.544998       4.37426806E-09
   216.660004       9.98516292E-09
   216.774994       1.55707163E-08
   216.889999       2.11293916E-08
   217.005005       2.66596469E-08
   217.119995       3.21600062E-08
   217.235001       3.76289506E-08
   217.350006       4.30649649E-08
   217.464996       4.84665215E-08
   217.580002       5.38320251E-08
   217.695007       5.91598734E-08
   217.809998       6.44485354E-08
   217.925003       6.96965614E-08
   218.039993       7.49025375E-08
   218.154999       8.00651847E-08
   218.270004       8.51833803E-08
   218.384995       9.02561297E-08
   218.500000       9.52824877E-08
   218.615005       1.00261680E-07
   218.729996       1.05192917E-07
   218.845001       1.10075497E-07
   218.960007       1.14908659E-07
   219.074997       1.19691705E-07
   219.190002       1.24423934E-07
   219.304993       1.29104635E-07
   219.419998       1.33733067E-07
   219.535004       1.38308607E-07
   219.649994       1.42830586E-07
   219.764999       1.47298465E-07
   219.880005       1.51711660E-07
   219.994995       1.56069660E-07
   220.110001       1.60371926E-07
   220.225006       1.64617973E-07
   220.339996       1.68807262E-07
   220.455002       1.72939210E-07
   220.570007       1.77013234E-07
   220.684998       1.81028682E-07
   220.800003       1.84984884E-07
   220.914993       1.88881160E-07
   221.029999       1.92716811E-07
   221.145004       1.96491015E-07
   221.259995       2.00203019E-07
   221.375000       2.03851883E-07
   221.490005       2.07436585E-07
   221.604996       2.10956017E-07
   221.720001       2.14408885E-07
   221.835007       2.17793740E-07
   221.949997       2.21109048E-07
   222.065002       2.24353087E-07
   222.179993       2.27524140E-07
   222.294998       2.30620515E-07
   222.410004       2.33640492E-07
   222.524994       2.36582522E-07
   222.639999       2.39445171E-07
   222.755005       2.42227145E-07
   222.869995       2.44927350E-07
   222.985001       2.47544875E-07
   223.100006       2.50078841E-07
   223.214996       2.52528764E-07
   223.330002       2.54894303E-07
   223.445007       2.57175230E-07
   223.559998       2.59371802E-07
   223.675003       2.61484303E-07
   223.789993       2.63513385E-07
   223.904999       2.65459789E-07
   224.020004       2.67324367E-07
   224.134995       2.69108000E-07
   224.250000       2.70811597E-07
   224.365005       2.72435841E-07
   224.479996       2.73981499E-07
   224.595001       2.75449082E-07
   224.710007       2.76838932E-07
   224.824997       2.78151333E-07
   224.940002       2.79386484E-07
   225.054993       2.80544640E-07
   225.169998       2.81625887E-07
   225.285004       2.82630424E-07
   225.399994       2.83558393E-07
   225.514999       2.84409992E-07
   225.630005       2.85185394E-07
   225.744995       2.85884653E-07
   225.860001       2.86507998E-07
   225.975006       2.87055656E-07
   226.089996       2.87527939E-07
   226.205002       2.87925161E-07
   226.320007       2.88247776E-07
   226.434998       2.88496381E-07
   226.550003       2.88671799E-07
   226.664993       2.88774714E-07
   226.779999       2.88806035E-07
   226.895004       2.88766472E-07
   227.009995       2.88656707E-07
   227.125000       2.88477395E-07
   227.240005       2.88229074E-07
   227.354996       2.87912144E-07
   227.470001       2.87526916E-07
   227.585007       2.87073760E-07
   227.699997       2.86552961E-07
   227.815002       2.85964887E-07
   227.929993       2.85310051E-07
   228.044998       2.84588793E-07
   228.160004       2.83801512E-07
   228.274994       2.82948633E-07
   228.389999       2.82030726E-07
   228.505005       2.81048102E-07
   228.619995       2.80001331E-07
   228.735001       2.78890838E-07
   228.850006       2.77717334E-07
   228.964996       2.76481387E-07
   229.080002       2.75183737E-07
   229.195007       2.73825236E-07
   229.309998       2.72406652E-07
   229.425003       2.70928837E-07
   229.539993       2.69392359E-07
   229.654999       2.67797901E-07
   229.770004       2.66145918E-07
   229.884995       2.64436835E-07
   230.000000       2.62670966E-07
   230.115005       2.60848566E-07
   230.229996       2.58969948E-07
   230.345001       2.57035396E-07
   230.460007       2.55045279E-07
   230.574997       2.52999968E-07
   230.690002       2.50899973E-07
   230.804993       2.48745749E-07
   230.919998       2.46537923E-07
   231.035004       2.44276862E-07
   231.149994       2.41963363E-07
   231.264999       2.39597995E-07
   231.380005       2.37181439E-07
   231.494995       2.34714449E-07
   231.610001       2.32198019E-07
   231.725006       2.29633159E-07
   231.839996       2.27020990E-07
   231.955002       2.24362608E-07
   232.070007       2.21659334E-07
   232.184998       2.18912348E-07
   232.300003       2.16122785E-07
   232.414993       2.13291827E-07
   232.529999       2.10420623E-07
   232.645004       2.07510183E-07
   232.759995       2.04561459E-07
   232.875000       2.01575446E-07
   232.990005       1.98553110E-07
   233.104996       1.95495360E-07
   233.220001       1.92403149E-07
   233.335007       1.89277486E-07
   233.449997       1.86119181E-07
   233.565002       1.82929156E-07
   233.679993       1.79708209E-07
   233.794998       1.76457021E-07
   233.910004       1.73176261E-07
   234.024994       1.69866638E-07
   234.139999       1.66528736E-07
   234.255005       1.63163207E-07
   234.369995       1.59770778E-07
   234.485001       1.56352314E-07
   234.600006       1.52908640E-07
   234.714996       1.49440709E-07
   234.830002       1.45949656E-07
   234.945007       1.42436605E-07
   235.059998       1.38902706E-07
   235.175003       1.35349353E-07
   235.289993       1.31777782E-07
   235.404999       1.28189285E-07
   235.520004       1.24585256E-07
   235.634995       1.20967130E-07
   235.750000       1.17336363E-07
   235.865005       1.13694476E-07
   235.979996       1.10043004E-07
   236.095001       1.06383602E-07
   236.210007       1.02717863E-07
   236.324997       9.90472913E-08
   236.440002       9.53734727E-08
   236.554993       9.16976930E-08
   236.669998       8.80212667E-08
   236.785004       8.43453094E-08
   236.899994       8.06708869E-08
   237.014999       7.69989441E-08
   237.130005       7.33303551E-08
   237.244995       6.96659157E-08
   237.360001       6.60064288E-08
   237.475006       6.23525906E-08
   237.589996       5.87050160E-08
   237.705002       5.50642767E-08
   237.820007       5.14307956E-08
   237.934998       4.78049138E-08
   238.050003       4.41868835E-08
   238.164993       4.05769747E-08
   238.279999       3.69753863E-08
   238.395004       3.33822996E-08
   238.509995       2.97979561E-08
   238.625000       2.62226987E-08
   238.740005       2.26569234E-08
   238.854996       1.91011047E-08
   238.970001       1.55557061E-08
   239.085007       1.20212524E-08
   239.199997       8.49824122E-09
   239.315002       4.98714803E-09
   239.429993       1.48844026E-09
   239.544998      -1.99742223E-09
   239.660004      -5.46993562E-09
   239.774994      -8.92853436E-09
   239.889999      -1.23725838E-08
   240.005005      -1.58013052E-08
   240.119995      -1.92138607E-08
   240.235001      -2.26092869E-08
   240.350006      -2.59866262E-08
   240.464996      -2.93448501E-08
   240.580002      -3.26829763E-08
   240.695007      -3.60000350E-08
   240.809998      -3.92950419E-08
   240.925003      -4.25670699E-08
   241.039993      -4.58151170E-08
   241.154999      -4.90381495E-08
   241.270004      -5.22350483E-08
   241.384995      -5.54045734E-08
   241.500000      -5.85454387E-08
   241.615005      -6.16563298E-08
   241.729996      -6.47359570E-08
   241.845001      -6.77830627E-08
   241.960007      -7.07964958E-08
   242.074997      -7.37752188E-08
   242.190002      -7.67182655E-08
   242.304993      -7.96248329E-08
   242.419998      -8.24941679E-08
   242.535004      -8.53255742E-08
   242.649994      -8.81184050E-08
   242.764999      -9.08720992E-08
   242.880005      -9.35861237E-08
   242.994995      -9.62600453E-08
   243.110001      -9.88935227E-08
   243.225006      -1.01486364E-07
   243.339996      -1.04038421E-07
   243.455002      -1.06549713E-07
   243.570007      -1.09020249E-07
   243.684998      -1.11450071E-07
   243.800003      -1.13839228E-07
   243.914993      -1.16187664E-07
   244.029999      -1.18495251E-07
   244.145004      -1.20761811E-07
   244.259995      -1.22987061E-07
   244.375000      -1.25170700E-07
   244.490005      -1.27312489E-07
   244.604996      -1.29412129E-07
   244.720001      -1.31469420E-07
   244.835007      -1.33484164E-07
   244.949997      -1.35456119E-07
   245.065002      -1.37385072E-07
   245.179993      -1.39270796E-07
   245.294998      -1.41112963E-07
   245.410004      -1.42911261E-07
   245.524994      -1.44665279E-07
   245.639999      -1.46374560E-07
   245.755005      -1.48038708E-07
   245.869995      -1.49657282E-07
   245.985001      -1.51229855E-07
   246.100006      -1.52756073E-07
   246.214996      -1.54235522E-07
   246.330002      -1.55667777E-07
   246.445007      -1.57052341E-07
   246.559998      -1.58388730E-07
   246.675003      -1.59676333E-07
   246.789993      -1.60914553E-07
   246.904999      -1.62102836E-07
   247.020004      -1.63240671E-07
   247.134995      -1.64327631E-07
   247.250000      -1.65363488E-07
   247.365005      -1.66348173E-07
   247.479996      -1.67281826E-07
   247.595001      -1.68164789E-07
   247.710007      -1.68997516E-07
   247.824997      -1.69780719E-07
   247.940002      -1.70515207E-07
   248.054993      -1.71201805E-07
   248.169998      -1.71841378E-07
   248.285004      -1.72434824E-07
   248.399994      -1.72982951E-07
   248.514999      -1.73486555E-07
   248.630005      -1.73946290E-07
   248.744995      -1.74362725E-07
   248.860001      -1.74736215E-07
   248.975006      -1.75067015E-07
   249.089996      -1.75355126E-07
   249.205002      -1.75600420E-07
   249.320007      -1.75802498E-07
   249.434998      -1.75960906E-07
   249.550003      -1.76074877E-07
   249.664993      -1.76143672E-07
   249.779999      -1.76166367E-07
   249.895004      -1.76142038E-07
   250.009995      -1.76069832E-07
   250.125000      -1.75948969E-07
   250.240005      -1.75778894E-07
   250.354996      -1.75559052E-07
   250.470001      -1.75289188E-07
   250.585007      -1.74969230E-07
   250.699997      -1.74599322E-07
   250.815002      -1.74179789E-07
   250.929993      -1.73711115E-07
   251.044998      -1.73193939E-07
   251.160004      -1.72629015E-07
   251.274994      -1.72017252E-07
   251.389999      -1.71359574E-07
   251.505005      -1.70656989E-07
   251.619995      -1.69910436E-07
   251.735001      -1.69120938E-07
   251.850006      -1.68289404E-07
   251.964996      -1.67416701E-07
   252.080002      -1.66503483E-07
   252.195007      -1.65550404E-07
   252.309998      -1.64557832E-07
   252.425003      -1.63526209E-07
   252.539993      -1.62455621E-07
   252.654999      -1.61346406E-07
   252.770004      -1.60198610E-07
   252.884995      -1.59012501E-07
   253.000000      -1.57788250E-07
   253.115005      -1.56526198E-07
   253.229996      -1.55226729E-07
   253.345001      -1.53890340E-07
   253.460007      -1.52517586E-07
   253.574997      -1.51109077E-07
   253.690002      -1.49665397E-07
   253.804993      -1.48187056E-07
   253.919998      -1.46674694E-07
   254.035004      -1.45128780E-07
   254.149994      -1.43549812E-07
   254.264999      -1.41938429E-07
   254.380005      -1.40295143E-07
   254.494995      -1.38620550E-07
   254.610001      -1.36915276E-07
   254.725006      -1.35179931E-07
   254.839996      -1.33414986E-07
   254.955002      -1.31620837E-07
   255.070007      -1.29797940E-07
   255.184998      -1.27946478E-07
   255.300003      -1.26066780E-07
   255.414993      -1.24159030E-07
   255.529999      -1.22223611E-07
   255.645004      -1.20260822E-07
   255.759995      -1.18271210E-07
   255.875000      -1.16255364E-07
   255.990005      -1.14214046E-07
   256.105011      -1.12147994E-07
   256.220001      -1.10058103E-07
   256.334991      -1.07945219E-07
   256.450012      -1.05810201E-07
   256.565002      -1.03653811E-07
   256.679993      -1.01476878E-07
   256.795013      -9.92802427E-08
   256.910004      -9.70647420E-08
   257.024994      -9.48312433E-08
   257.140015      -9.25806560E-08
   257.255005      -9.03138826E-08
   257.369995      -8.80318538E-08
   257.484985      -8.57354721E-08
   257.600006      -8.34256539E-08
   257.714996      -8.11031882E-08
   257.829987      -7.87687924E-08
   257.945007      -7.64231203E-08
   258.059998      -7.40668398E-08
   258.174988      -7.17004767E-08
   258.290009      -6.93245994E-08
   258.404999      -6.69397409E-08
   258.519989      -6.45464553E-08
   258.635010      -6.21452045E-08
   258.750000      -5.97364718E-08
   258.864990      -5.73205590E-08
   258.980011      -5.48977539E-08
   259.095001      -5.24681454E-08
   259.209991      -5.00317974E-08
   259.325012      -4.75886885E-08
   259.440002      -4.51387265E-08
   259.554993      -4.26818652E-08
   259.670013      -4.02181399E-08
   259.785004      -3.77476290E-08
   259.899994      -3.52705918E-08
   260.015015      -3.27874616E-08
   260.130005      -3.02987928E-08
   260.244995      -2.78053260E-08
   260.359985      -2.53078802E-08
   260.475006      -2.28074111E-08
   260.589996      -2.03049630E-08
   260.704987      -1.78016393E-08
   260.820007      -1.52986246E-08
   260.934998      -1.27971314E-08
   261.049988      -1.02984261E-08
   261.165009      -7.80385001E-09
   261.279999      -5.31470556E-09
   261.394989      -2.83235257E-09
   261.510010      -3.58051644E-10
   261.625000       2.10699080E-09
   261.739990       4.56166260E-09
   261.855011       7.00502012E-09
   261.970001       9.43623757E-09
   262.084991       1.18546657E-08
   262.200012       1.42597498E-08
   262.315002       1.66510468E-08
   262.429993       1.90281693E-08
   262.545013       2.13907327E-08
   262.660004       2.37383837E-08
   262.774994       2.60707456E-08
   262.890015       2.83874240E-08
   263.005005       3.06880246E-08
   263.119995       3.29722063E-08
   263.234985       3.52396405E-08
   263.350006       3.74900431E-08
   263.464996       3.97231865E-08
   263.579987       4.19388506E-08
   263.695007       4.41368329E-08
   263.809998       4.63169201E-08
   263.924988       4.84788529E-08
   264.040009       5.06223188E-08
   264.154999       5.27469659E-08
   264.269989       5.48524035E-08
   264.385010       5.69382337E-08
   264.500000       5.90040798E-08
   264.614990       6.10496258E-08
   264.730011       6.30746015E-08
   264.845001       6.50788081E-08
   264.959991       6.70620324E-08
   265.075012       6.90240824E-08
   265.190002       7.09646812E-08
   265.304993       7.28835090E-08
   265.420013       7.47801039E-08
   265.535004       7.66539259E-08
   265.649994       7.85043497E-08
   265.765015       8.03307145E-08
   265.880005       8.21323454E-08
   265.994995       8.39086098E-08
   266.109985       8.56589253E-08
   266.225006       8.73827872E-08
   266.339996       8.90797622E-08
   266.454987       9.07494737E-08
   266.570007       9.23915096E-08
   266.684998       9.40054576E-08
   266.799988       9.55908845E-08
   266.915009       9.71473426E-08
   267.029999       9.86743629E-08
   267.144989       1.00171505E-07
   267.260010       1.01638392E-07
   267.375000       1.03074740E-07
   267.489990       1.04480350E-07
   267.605011       1.05855122E-07
   267.720001       1.07199035E-07
   267.834991       1.08512090E-07
   267.950012       1.09794300E-07
   268.065002       1.11045658E-07
   268.179993       1.12266093E-07
   268.295013       1.13455506E-07
   268.410004       1.14613826E-07
   268.524994       1.15740995E-07
   268.640015       1.16837001E-07
   268.755005       1.17901905E-07
   268.869995       1.18935780E-07
   268.984985       1.19938775E-07
   269.100006       1.20910940E-07
   269.214996       1.21852324E-07
   269.329987       1.22762856E-07
   269.445007       1.23642209E-07
   269.559998       1.24490001E-07
   269.674988       1.25305604E-07
   269.790009       1.26088338E-07
   269.904999       1.26837392E-07
   270.019989       1.27551999E-07
   270.135010       1.28231363E-07
   270.250000       1.28874802E-07
   270.364990       1.29481663E-07
   270.480011       1.30051419E-07
   270.595001       1.30583615E-07
   270.709991       1.31077869E-07
   270.825012       1.31533781E-07
   270.940002       1.31951111E-07
   271.054993       1.32329689E-07
   271.170013       1.32669442E-07
   271.285004       1.32970584E-07
   271.399994       1.33233385E-07
   271.515015       1.33458386E-07
   271.630005       1.33646310E-07
   271.744995       1.33798011E-07
   271.859985       1.33914412E-07
   271.975006       1.33996494E-07
   272.089996       1.34045123E-07
   272.204987       1.34061025E-07
   272.320007       1.34044825E-07
   272.434998       1.33997048E-07
   272.549988       1.33918036E-07
   272.665009       1.33808214E-07
   272.779999       1.33667797E-07
   272.894989       1.33497124E-07
   273.010010       1.33296453E-07
   273.125000       1.33066067E-07
   273.239990       1.32806264E-07
   273.355011       1.32517272E-07
   273.470001       1.32199261E-07
   273.584991       1.31852346E-07
   273.700012       1.31476526E-07
   273.815002       1.31071758E-07
   273.929993       1.30637900E-07
   274.045013       1.30174968E-07
   274.160004       1.29682959E-07
   274.274994       1.29161961E-07
   274.390015       1.28612214E-07
   274.505005       1.28033975E-07
   274.619995       1.27427484E-07
   274.734985       1.26793040E-07
   274.850006       1.26130885E-07
   274.964996       1.25441147E-07
   275.079987       1.24723854E-07
   275.195007       1.23979035E-07
   275.309998       1.23206675E-07
   275.424988       1.22406789E-07
   275.540009       1.21579546E-07
   275.654999       1.20725176E-07
   275.769989       1.19843989E-07
   275.885010       1.18936534E-07
   276.000000       1.18003378E-07
   276.114990       1.17045062E-07
   276.230011       1.16062232E-07
   276.345001       1.15055414E-07
   276.459991       1.14025163E-07
   276.575012       1.12971954E-07
   276.690002       1.11896192E-07
   276.804993       1.10798311E-07
   276.920013       1.09678737E-07
   277.035004       1.08537854E-07
   277.149994       1.07376160E-07
   277.265015       1.06193937E-07
   277.380005       1.04991351E-07
   277.494995       1.03768514E-07
   277.609985       1.02525185E-07
   277.725006       1.01261001E-07
   277.839996       9.99754093E-08
   277.954987       9.86677406E-08
   278.070007       9.73372991E-08
   278.184998       9.59835447E-08
   278.299988       9.46059941E-08
   278.415009       9.32043775E-08
   278.529999       9.17787943E-08
   278.644989       9.03294648E-08
   278.760010       8.88569218E-08
   278.875000       8.73618333E-08
   278.989990       8.58450449E-08
   279.105011       8.43076151E-08
   279.220001       8.27506739E-08
   279.334991       8.11755356E-08
   279.450012       7.95836996E-08
   279.565002       7.79768357E-08
   279.679993       7.63567840E-08
   279.795013       7.47255484E-08
   279.910004       7.30852321E-08
   280.024994       7.14378245E-08
   280.140015       6.97853437E-08
   280.255005       6.81295447E-08
   280.369995       6.64719124E-08
   280.484985       6.48136904E-08
   280.600006       6.31557526E-08
   280.714996       6.14987172E-08
   280.829987       5.98429892E-08
   280.945007       5.81888919E-08
   281.059998       5.65365390E-08
   281.174988       5.48860584E-08
   281.290009       5.32374820E-08
   281.404999       5.15907637E-08
   281.519989       4.99457862E-08
   281.635010       4.83023648E-08
   281.750000       4.66602117E-08
   281.864990       4.50189219E-08
   281.980011       4.33780265E-08
   282.095001       4.17370494E-08
   282.209991       4.00955749E-08
   282.325012       3.84532335E-08
   282.440002       3.68097659E-08
   282.554993       3.51649909E-08
   282.670013       3.35187522E-08
   282.785004       3.18709610E-08
   282.899994       3.02214254E-08
   283.015015       2.85698647E-08
   283.130005       2.69159273E-08
   283.244995       2.52591370E-08
   283.359985       2.35990001E-08
   283.475006       2.19350333E-08
   283.589996       2.02668655E-08
   283.704987       1.85942852E-08
   283.820007       1.69173546E-08
   283.934998       1.52363455E-08
   284.049988       1.35518148E-08
   284.165009       1.18645227E-08
   284.279999       1.01754107E-08
   284.394989       8.48553139E-09
   284.510010       6.79600198E-09
   284.625000       5.10800469E-09
   284.739990       3.42277162E-09
   284.855011       1.74157111E-09
   284.970001       6.57302268E-11
   285.084991      -1.60336366E-09
   285.200012      -3.26427996E-09
   285.315002      -4.91555818E-09
   285.429993      -6.55579457E-09
   285.545013      -8.18370616E-09
   285.660004      -9.79816317E-09
   285.774994      -1.13982823E-08
   285.890015      -1.29834206E-08
   286.005005      -1.45531756E-08
   286.119995      -1.61073501E-08
   286.234985      -1.76458759E-08
   286.350006      -1.91687484E-08
   286.464996      -2.06759836E-08
   286.579987      -2.21675514E-08
   286.695007      -2.36433646E-08
   286.809998      -2.51032937E-08
   286.924988      -2.65471893E-08
   287.040009      -2.79749397E-08
   287.154999      -2.93864719E-08
   287.269989      -3.07818269E-08
   287.385010      -3.21611004E-08
   287.500000      -3.35244437E-08
   287.614990      -3.48720164E-08
   287.730011      -3.62039323E-08
   287.845001      -3.75202163E-08
   287.959991      -3.88207937E-08
   288.075012      -4.01054763E-08
   288.190002      -4.13740011E-08
   288.304993      -4.26260627E-08
   288.420013      -4.38613732E-08
   288.535004      -4.50796946E-08
   288.649994      -4.62808138E-08
   288.765015      -4.74645994E-08
   288.880005      -4.86308842E-08
   288.994995      -4.97794588E-08
   289.109985      -5.09100211E-08
   289.225006      -5.20220809E-08
   289.339996      -5.31150270E-08
   289.454987      -5.41880745E-08
   289.570007      -5.52403918E-08
   289.684998      -5.62711548E-08
   289.799988      -5.72796601E-08
   289.915009      -5.82653321E-08
   290.029999      -5.92278511E-08
   290.144989      -6.01671886E-08
   290.260010      -6.10835045E-08
   290.375000      -6.19771470E-08
   290.489990      -6.28486490E-08
   290.605011      -6.36985789E-08
   290.720001      -6.45275975E-08
   290.834991      -6.53363514E-08
   290.950012      -6.61255513E-08
   291.065002      -6.68959004E-08
   291.179993      -6.76481449E-08
   291.295013      -6.83830805E-08
   291.410004      -6.91014463E-08
   291.524994      -6.98039671E-08
   291.640015      -7.04912111E-08
   291.755005      -7.11635622E-08
   291.869995      -7.18210842E-08
   291.984985      -7.24635854E-08
   292.100006      -7.30905398E-08
   292.214996      -7.37011518E-08
   292.329987      -7.42944977E-08
   292.445007      -7.48695257E-08
   292.559998      -7.54252554E-08
   292.674988      -7.59607559E-08
   292.790009      -7.64752599E-08
   292.904999      -7.69680852E-08
   293.019989      -7.74387061E-08
   293.135010      -7.78866251E-08
   293.250000      -7.83113308E-08
   293.364990      -7.87123184E-08
   293.480011      -7.90889843E-08
   293.595001      -7.94406816E-08
   293.709991      -7.97667710E-08
   293.825012      -8.00666982E-08
   293.940002      -8.03399374E-08
   294.054993      -8.05861404E-08
   294.170013      -8.08050586E-08
   294.285004      -8.09965428E-08
   294.399994      -8.11605574E-08
   294.515015      -8.12970384E-08
   294.630005      -8.14059788E-08
   294.744995      -8.14872863E-08
   294.859985      -8.15409251E-08
   294.975006      -8.15669310E-08
   295.089996      -8.15654460E-08
   295.204987      -8.15368324E-08
   295.320007      -8.14816445E-08
   295.434998      -8.14007279E-08
   295.549988      -8.12951768E-08
   295.665009      -8.11662133E-08
   295.779999      -8.10152017E-08
   295.894989      -8.08434137E-08
   296.010010      -8.06521143E-08
   296.125000      -8.04424189E-08
   296.239990      -8.02151874E-08
   296.355011      -7.99711302E-08
   296.470001      -7.97109010E-08
   296.584991      -7.94349191E-08
   296.700012      -7.91436321E-08
   296.815002      -7.88373242E-08
   296.929993      -7.85163081E-08
   297.045013      -7.81808112E-08
   297.160004      -7.78309968E-08
   297.274994      -7.74668365E-08
   297.390015      -7.70882806E-08
   297.505005      -7.66950947E-08
   297.619995      -7.62868595E-08
   297.734985      -7.58632055E-08
   297.850006      -7.54236993E-08
   297.964996      -7.49679856E-08
   298.079987      -7.44957873E-08
   298.195007      -7.40068984E-08
   298.309998      -7.35012549E-08
   298.424988      -7.29788496E-08
   298.540009      -7.24396685E-08
   298.654999      -7.18836688E-08
   298.769989      -7.13106942E-08
   298.885010      -7.07204890E-08
   299.000000      -7.01127050E-08
   299.114990      -6.94869158E-08
   299.230011      -6.88426596E-08
   299.345001      -6.81795100E-08
   299.459991      -6.74971474E-08
   299.575012      -6.67952946E-08
   299.690002      -6.60738237E-08
   299.804993      -6.53327348E-08
   299.920013      -6.45720917E-08
   300.035004      -6.37920223E-08
   300.149994      -6.29926973E-08
   300.265015      -6.21742799E-08
   300.380005      -6.13370119E-08
   300.494995      -6.04811845E-08
   300.609985      -5.96072312E-08
   300.725006      -5.87157842E-08
   300.839996      -5.78075756E-08
   300.954987      -5.68835681E-08
   301.070007      -5.59448665E-08
   301.184998      -5.49926540E-08
   301.299988      -5.40281349E-08
   301.415009      -5.30524211E-08
   301.529999      -5.20665360E-08
   301.644989      -5.10712646E-08
   301.760010      -5.00672783E-08
   301.875000      -4.90551493E-08
   301.989990      -4.80353499E-08
   302.105011      -4.70083776E-08
   302.220001      -4.59748293E-08
   302.334991      -4.49353337E-08
   302.450012      -4.38906937E-08
   302.565002      -4.28418012E-08
   302.679993      -4.17895194E-08
   302.795013      -4.07347898E-08
   302.910004      -3.96783975E-08
   303.024994      -3.86210992E-08
   303.140015      -3.75635203E-08
   303.255005      -3.65062220E-08
   303.369995      -3.54497445E-08
   303.484985      -3.43946418E-08
   303.600006      -3.33414789E-08
   303.714996      -3.22908384E-08
   303.829987      -3.12433137E-08
   303.945007      -3.01993630E-08
   304.059998      -2.91593842E-08
   304.174988      -2.81235142E-08
   304.290009      -2.70916747E-08
   304.404999      -2.60635371E-08
   304.519989      -2.50385490E-08
   304.635010      -2.40160087E-08
   304.750000      -2.29951542E-08
   304.864990      -2.19752199E-08
   304.980011      -2.09555537E-08
   305.095001      -1.99355910E-08
   305.209991      -1.89148519E-08
   305.325012      -1.78929653E-08
   305.440002      -1.68695760E-08
   305.554993      -1.58443143E-08
   305.670013      -1.48167985E-08
   305.785004      -1.37866358E-08
   305.899994      -1.27534667E-08
   306.015015      -1.17169909E-08
   306.130005      -1.06770797E-08
   306.244995      -9.63376223E-09
   306.359985      -8.58729621E-09
   306.475006      -7.53810703E-09
   306.589996      -6.48675780E-09
   306.704987      -5.43389111E-09
   306.820007      -4.38014292E-09
   306.934998      -3.32606076E-09
   307.049988      -2.27213270E-09
   307.165009      -1.21874422E-09
   307.279999      -1.66266986E-10
   307.394989       8.84910201E-10
   307.510010       1.93430516E-09
   307.625000       2.98126901E-09
   307.739990       4.02499856E-09
   307.855011       5.06452347E-09
   307.970001       6.09876327E-09
   308.084991       7.12655757E-09
   308.200012       8.14677481E-09
   308.315002       9.15834075E-09
   308.429993       1.01602753E-08
   308.545013       1.11517053E-08
   308.660004       1.21318360E-08
   308.774994       1.30999371E-08
   308.890015       1.40552805E-08
   309.005005       1.49971520E-08
   309.119995       1.59248366E-08
   309.234985       1.68376655E-08
   309.350006       1.77350401E-08
   309.464996       1.86165146E-08
   309.579987       1.94818277E-08
   309.695007       2.03309298E-08
   309.809998       2.11639950E-08
   309.924988       2.19813767E-08
   310.040009       2.27835599E-08
   310.154999       2.35710687E-08
   310.269989       2.43444234E-08
   310.385010       2.51040770E-08
