   0.00000000       0.00000000    
  0.115000002       0.00000000    
  0.230000004       0.00000000    
  0.344999999       0.00000000    
  0.460000008       0.00000000    
  0.574999988       0.00000000    
  0.689999998      -6.57694390E-37
  0.805000007      -4.39538962E-36
  0.920000017      -3.83562895E-36
   1.03499997       3.77173663E-35
   1.14999998      -9.92384918E-36
   1.26499999      -2.08606644E-33
   1.38000000      -1.70888197E-32
   1.49500000      -8.75785198E-32
   1.61000001      -3.46251477E-31
   1.72500002      -1.14400229E-30
   1.84000003      -3.29437238E-30
   1.95500004      -8.48477690E-30
   2.06999993      -1.98851454E-29
   2.18499994      -4.29243622E-29
   2.29999995      -8.60883463E-29
   2.41499996      -1.61414644E-28
   2.52999997      -2.84133119E-28
   2.64499998      -4.70683364E-28
   2.75999999      -7.34233539E-28
   2.87500000      -1.07700208E-27
   2.99000001      -1.47938007E-27
   3.10500002      -1.88732737E-27
   3.22000003      -2.20200603E-27
   3.33500004      -2.27913972E-27
   3.45000005      -1.94990103E-27
   3.56500006      -1.07918926E-27
   3.68000007       3.20549421E-28
   3.79500008       1.90403328E-27
   3.91000009       2.73025433E-27
   4.02500010       9.36546991E-28
   4.13999987      -6.60209401E-27
   4.25500011      -2.45337852E-26
   4.36999989      -5.90620468E-26
   4.48500013      -1.17550049E-25
   4.59999990      -2.07467484E-25
   4.71500015      -3.34464821E-25
   4.82999992      -4.99444356E-25
   4.94500017      -6.94673871E-25
   5.05999994      -8.99269187E-25
   5.17500019      -1.07474213E-24
   5.28999996      -1.16173268E-24
   5.40500021      -1.07943802E-24
   5.51999998      -7.29506666E-25
   5.63500023      -6.15105123E-27
   5.75000000       1.18618983E-24
   5.86499977       2.90723189E-24
   5.98000002       5.14833661E-24
   6.09499979       7.79611196E-24
   6.21000004       1.05973223E-23
   6.32499981       1.31324515E-23
   6.44000006       1.48068419E-23
   6.55499983       1.48689331E-23
   6.67000008       1.24641727E-23
   6.78499985       6.73034194E-24
   6.90000010      -3.06467117E-24
   7.01499987      -1.73482204E-23
   7.13000011      -3.60446135E-23
   7.24499989      -5.83744448E-23
   7.36000013      -8.26799183E-23
   7.47499990      -1.06309609E-22
   7.59000015      -1.25597814E-22
   7.70499992      -1.35971739E-22
   7.82000017      -1.32212823E-22
   7.93499994      -1.08888490E-22
   8.05000019      -6.09560395E-23
   8.16499996       1.54756240E-23
   8.27999973       1.22259001E-22
   8.39500046       2.58246504E-22
   8.51000023       4.18324784E-22
   8.62500000       5.92533545E-22
   8.73999977       7.65379507E-22
   8.85499954       9.15475479E-22
   8.97000027       1.01565783E-21
   9.08500004       1.03375281E-21
   9.19999981       9.34173476E-22
   9.31499958       6.80523217E-22
   9.43000031       2.39346785E-22
   9.54500008      -4.14903779E-22
   9.65999985      -1.29374360E-21
   9.77499962      -2.38761302E-21
   9.89000034      -3.65839932E-21
   10.0050001      -5.03229179E-21
   10.1199999      -6.39403707E-21
   10.2349997      -7.58394971E-21
   10.3500004      -8.39921375E-21
   10.4650002      -8.60105228E-21
   10.5799999      -7.92918372E-21
   10.6949997      -6.12448443E-21
   10.8100004      -2.96004341E-21
   10.9250002       1.72031676E-21
   11.0400000       7.95832406E-21
   11.1549997       1.56360982E-20
   11.2700005       2.44347844E-20
   11.3850002       3.38034466E-20
   11.5000000       4.29454403E-20
   11.6149998       5.08294699E-20
   11.7299995       5.62315571E-20
   11.8450003       5.78121506E-20
   11.9600000       5.42293341E-20
   12.0749998       4.42849332E-20
   12.1899996       2.70954496E-20
   12.3050003       2.27451646E-21
   12.4200001      -2.98910632E-20
   12.5349998      -6.82934337E-20
   12.6499996      -1.10907588E-19
   12.7650003      -1.54770055E-19
   12.8800001      -1.96052029E-19
   12.9949999      -2.30239985E-19
   13.1099997      -2.52427244E-19
   13.2250004      -2.57708508E-19
   13.3400002      -2.41655749E-19
   13.4549999      -2.00841262E-19
   13.5699997      -1.33361664E-19
   13.6850004      -3.93089701E-20
   13.8000002       7.88689314E-20
   13.9150000       2.16173210E-19
   14.0299997       3.65069313E-19
   14.1450005       5.15742201E-19
   14.2600002       6.56597927E-19
   14.3750000       7.74994046E-19
   14.4899998       8.58150875E-19
   14.6049995       8.94174281E-19
   14.7200003       8.73094513E-19
   14.8350000       7.87817052E-19
   14.9499998       6.34879318E-19
   15.0649996       4.14914622E-19
   15.1800003       1.32755625E-19
   15.2950001      -2.02861328E-19
   15.4099998      -5.79975153E-19
   15.5249996      -9.84399109E-19
   15.6400003      -1.40092229E-18
   15.7550001      -1.81454909E-18
   15.8699999      -2.21157531E-18
   15.9849997      -2.58029066E-18
   16.1000004      -2.91109797E-18
   16.2150002      -3.19589067E-18
   16.3299999      -3.42658928E-18
   16.4449997      -3.59284327E-18
   16.5599995      -3.67902722E-18
   16.6749992      -3.66081271E-18
   16.7900009      -3.50174132E-18
   16.9050007      -3.15037547E-18
   17.0200005      -2.53871367E-18
   17.1350002      -1.58266752E-18
   17.2500000      -1.85331419E-19
   17.3649998       1.75620515E-18
   17.4799995       4.34004297E-18
   17.5949993       7.64438632E-18
   17.7099991       1.17084628E-17
   17.8250008       1.65101991E-17
   17.9400005       2.19420312E-17
   18.0550003       2.77870019E-17
   18.1700001       3.36978492E-17
   18.2849998       3.91825398E-17
   18.3999996       4.36000019E-17
   18.5149994       4.61700189E-17
   18.6299992       4.60009399E-17
   18.7450008       4.21382050E-17
   18.8600006       3.36353772E-17
   18.9750004       1.96475446E-17
   19.0900002      -4.55400254E-19
   19.2049999      -2.69609677E-17
   19.3199997      -5.96799761E-17
   19.4349995      -9.78178198E-17
   19.5499992      -1.39864899E-16
   19.6650009      -1.83522804E-16
   19.7800007      -2.25682876E-16
   19.8950005      -2.62473964E-16
   20.0100002      -2.89393730E-16
   20.1250000      -3.01532480E-16
   20.2399998      -2.93893698E-16
   20.3549995      -2.61805867E-16
   20.4699993      -2.01410353E-16
   20.5849991      -1.10199787E-16
   20.7000008       1.24295468E-17
   20.8150005       1.64658123E-16
   20.9300003       3.41810484E-16
   21.0450001       5.36067988E-16
   21.1599998       7.36384980E-16
   21.2749996       9.28662148E-16
   21.3899994       1.09621649E-15
   21.5049992       1.22057416E-15
   21.6200008       1.28258279E-15
   21.7350006       1.26381921E-15
   21.8500004       1.14823003E-15
   21.9650002       9.23917598E-16
   22.0799999       5.84948195E-16
   22.1949997       1.33037827E-16
   22.3099995      -4.21046896E-16
   22.4249992      -1.05654348E-15
   22.5400009      -1.74236530E-15
   22.6550007      -2.43753170E-15
   22.7700005      -3.09245863E-15
   22.8850002      -3.65116347E-15
   23.0000000      -4.05436767E-15
   23.1149998      -4.24340975E-15
   23.2299995      -4.16480340E-15
   23.3449993      -3.77518519E-15
   23.4599991      -3.04634192E-15
   23.5750008      -1.96993902E-15
   23.6900005      -5.61531228E-16
   23.8050003       1.13655251E-15
   23.9200001       3.05386082E-15
   24.0349998       5.09234217E-15
   24.1499996       7.12898673E-15
   24.2649994       9.02071285E-15
   24.3799992       1.06114763E-14
   24.4950008       1.17413869E-14
   24.6100006       1.22574849E-14
   24.7250004       1.20255834E-14
   24.8400002       1.09425213E-14
   24.9549999       8.94794679E-15
   25.0699997       6.03476035E-15
   25.1849995       2.25726996E-15
   25.2999992      -2.26381011E-15
   25.4150009      -7.34029011E-15
   25.5300007      -1.27199412E-14
   25.6450005      -1.80947549E-14
   25.7600002      -2.31140621E-14
   25.8750000      -2.74022121E-14
   25.9899998      -3.05801222E-14
   26.1049995      -3.22897023E-14
   26.2199993      -3.22198526E-14
   26.3349991      -3.01324517E-14
   26.4500008      -2.58866076E-14
   26.5650005      -1.94593724E-14
   26.6800003      -1.09612179E-14
   26.7950001      -6.44643160E-16
   26.9099998       1.10952829E-14
   27.0249996       2.37293197E-14
   27.1399994       3.66117828E-14
   27.2549992       4.90073104E-14
   27.3700008       6.01259019E-14
   27.4850006       6.91648073E-14
   27.6000004       7.53552358E-14
   27.7150002       7.80115583E-14
   27.8299999       7.65801268E-14
   27.9449997       7.06847233E-14
   28.0599995       6.01657057E-14
   28.1749992       4.51099458E-14
   28.2900009       2.58690062E-14
   28.4050007       3.06370398E-15
   28.5200005      -2.24264051E-14
   28.6350002      -4.94890587E-14
   28.7500000      -7.68205215E-14
   28.8649998      -1.02980843E-13
   28.9799995      -1.26460881E-13
   29.0949993      -1.45758432E-13
   29.2099991      -1.59459631E-13
   29.3250008      -1.66321709E-13
   29.4400005      -1.65352663E-13
   29.5550003      -1.55883349E-13
   29.6700001      -1.37627689E-13
   29.7849998      -1.10727176E-13
   29.8999996      -7.57761096E-14
   30.0149994      -3.38255391E-14
   30.1299992       1.36360217E-14
   30.2450008       6.47253315E-14
   30.3600006       1.17229645E-13
   30.4750004       1.68692886E-13
   30.5900002       2.16519294E-13
   30.7049999       2.58090749E-13
   30.8199997       2.90892744E-13
   30.9349995       3.12643412E-13
   31.0499992       3.21419459E-13
   31.1650009       3.15773178E-13
   31.2800007       2.94833954E-13
   31.3950005       2.58389339E-13
   31.5100002       2.06939798E-13
   31.6250000       1.41724157E-13
   31.7399998       6.47117383E-14
   31.8549995      -2.14392611E-14
   31.9699993      -1.13458132E-13
   32.0849991      -2.07570574E-13
   32.2000008      -2.99637702E-13
   32.3149986      -3.85320167E-13
   32.4300003      -4.60261766E-13
   32.5449982      -5.20285366E-13
   32.6599998      -5.61593198E-13
   32.7750015      -5.80962362E-13
   32.8899994      -5.75927272E-13
   33.0050011      -5.44939636E-13
   33.1199989      -4.87497900E-13
   33.2350006      -4.04238058E-13
   33.3499985      -2.96980214E-13
   33.4650002      -1.68725480E-13
   33.5800018      -2.36013110E-14
   33.6949997       1.33246672E-13
   33.8100014       2.95813639E-13
   33.9249992       4.57442135E-13
   34.0400009       6.11069626E-13
   34.1549988       7.49509233E-13
   34.2700005       8.65752890E-13
   34.3849983       9.53285411E-13
   34.5000000       1.00639614E-12
   34.6150017       1.02047570E-12
   34.7299995       9.92282753E-13
   34.8450012       9.20168130E-13
   34.9599991       8.04245180E-13
   35.0750008       6.46493655E-13
   35.1899986       4.50791937E-13
   35.3050003       2.22869181E-13
   35.4199982      -2.98233118E-14
   35.5349998      -2.98321318E-13
   35.6500015      -5.72433539E-13
   35.7649994      -8.41095422E-13
   35.8800011      -1.09278103E-12
   35.9949989      -1.31595776E-12
   36.1100006      -1.49956870E-12
   36.2249985      -1.63352188E-12
   36.3400002      -1.70916829E-12
   36.4550018      -1.71974685E-12
   36.5699997      -1.66077666E-12
   36.6850014      -1.53037641E-12
   36.7999992      -1.32949413E-12
   36.9150009      -1.06203284E-12
   37.0299988      -7.34861065E-13
   37.1450005      -3.57701499E-13
   37.2599983       5.71049759E-14
   37.3750000       4.94955693E-13
   37.4900017       9.39455436E-13
   37.6049995       1.37298538E-12
   37.7200012       1.77735376E-12
   37.8349991       2.13450481E-12
   37.9500008       2.42726108E-12
   38.0649986       2.64006937E-12
   38.1800003       2.75972062E-12
   38.2949982       2.77601206E-12
   38.4099998       2.68232116E-12
   38.5250015       2.47606558E-12
   38.6399994       2.15902079E-12
   38.7550011       1.73747854E-12
   38.8699989       1.22223130E-12
   38.9850006       6.28372029E-13
   39.0999985      -2.50870339E-14
   39.2150002      -7.15772277E-13
   39.3300018      -1.41866792E-12
   39.4449997      -2.10697475E-12
   39.5600014      -2.75307967E-12
   39.6749992      -3.32960157E-12
   39.7900009      -3.81047364E-12
   39.9049988      -4.17202167E-12
   40.0200005      -4.39399515E-12
   40.1349983      -4.46050228E-12
   40.2500000      -4.36081856E-12
   40.3650017      -4.09002172E-12
   40.4799995      -3.64942711E-12
   40.5950012      -3.04679676E-12
   40.7099991      -2.29631180E-12
   40.8250008      -1.41829224E-12
   40.9399986      -4.38675734E-13
   41.0550003       6.11735272E-13
   41.1699982       1.69823704E-12
   41.2849998       2.78336490E-12
   41.4000015       3.82817259E-12
   41.5149994       4.79360822E-12
   41.6300011       5.64193223E-12
   41.7449989       6.33813271E-12
   41.8600006       6.85127736E-12
   41.9749985       7.15575906E-12
   42.0900002       7.23237876E-12
   42.2050018       7.06923279E-12
   42.3199997       6.66235730E-12
   42.4350014       6.01611079E-12
   42.5499992       5.14327253E-12
   42.6650009       4.06484308E-12
   42.7799988       2.80955792E-12
   42.8950005       1.41310704E-12
   43.0099983      -8.28965531E-14
   43.1250000      -1.63219145E-12
   43.2400017      -3.18533719E-12
   43.3549995      -4.69133369E-12
   43.4700012      -6.09934455E-12
   43.5849991      -7.36046814E-12
   43.7000008      -8.42949668E-12
   43.8149986      -9.26659964E-12
   43.9300003      -9.83888492E-12
   44.0449982      -1.01217637E-11
   44.1599998      -1.01000770E-11
   44.2750015      -9.76892959E-12
   44.3899994      -9.13419253E-12
   44.5050011      -8.21263630E-12
   44.6199989      -7.03168383E-12
   44.7350006      -5.62876265E-12
   44.8499985      -4.05026490E-12
   44.9650002      -2.35013636E-12
   45.0800018      -5.88124601E-13
   45.1949997       1.17227538E-12
   45.3100014       2.86609430E-12
   45.4249992       4.42933320E-12
   45.5400009       5.80146868E-12
   45.6549988       6.92795430E-12
   45.7700005       7.76258832E-12
   45.8849983       8.26968442E-12
   46.0000000       8.42592142E-12
   46.1150017       8.22180605E-12
   46.2299995       7.66266304E-12
   46.3450012       6.76910177E-12
   46.4599991       5.57691523E-12
   46.5750008       4.13641127E-12
   46.6899986       2.51116749E-12
   46.8050003       7.76257747E-13
   46.9199982      -9.83981885E-13
   47.0349998      -2.67857242E-12
   47.1500015      -4.21279591E-12
   47.2649994      -5.49123464E-12
   47.3800011      -6.42084649E-12
   47.4949989      -6.91391692E-12
   47.6100006      -6.89076704E-12
   47.7249985      -6.28207816E-12
   47.8400002      -5.03073451E-12
   47.9550018      -3.09308200E-12
   48.0699997      -4.39571339E-13
   48.1850014       2.94529960E-12
   48.2999992       7.06368297E-12
   48.4150009       1.19057290E-11
   48.5299988       1.74514882E-11
   48.6450005       2.36733185E-11
   48.7599983       3.05386272E-11
   48.8750000       3.80128116E-11
   48.9900017       4.60623067E-11
   49.1049995       5.46575389E-11
   49.2200012       6.37756375E-11
   49.3349991       7.34027492E-11
   49.4500008       8.35359212E-11
   49.5649986       9.41843548E-11
   49.6800003       1.05369928E-10
   49.7949982       1.17127141E-10
   49.9099998       1.29502256E-10
   50.0250015       1.42551831E-10
   50.1399994       1.56340524E-10
   50.2550011       1.70938444E-10
   50.3699989       1.86418089E-10
   50.4850006       2.02850972E-10
   50.5999985       2.20304053E-10
   50.7150002       2.38836229E-10
   50.8300018       2.58494892E-10
   50.9449997       2.79312906E-10
   51.0600014       3.01305814E-10
   51.1749992       3.24469562E-10
   51.2900009       3.48779172E-10
   51.4049988       3.74187542E-10
   51.5200005       4.00625227E-10
   51.6349983       4.28001079E-10
   51.7500000       4.56203048E-10
   51.8650017       4.85100349E-10
   51.9799995       5.14545462E-10
   52.0950012       5.44377154E-10
   52.2099991       5.74423675E-10
   52.3250008       6.04506278E-10
   52.4399986       6.34442998E-10
   52.5550003       6.64052091E-10
   52.6699982       6.93156144E-10
   52.7849998       7.21585180E-10
   52.9000015       7.49179885E-10
   53.0149994       7.75794651E-10
   53.1300011       8.01299527E-10
   53.2449989       8.25582436E-10
   53.3600006       8.48549953E-10
   53.4749985       8.70127914E-10
   53.5900002       8.90261698E-10
   53.7050018       9.08915165E-10
   53.8199997       9.26069388E-10
   53.9350014       9.41721034E-10
   54.0499992       9.55879931E-10
   54.1650009       9.68566338E-10
   54.2799988       9.79807346E-10
   54.3950005       9.89634485E-10
   54.5099983       9.98079397E-10
   54.6250000       1.00517072E-09
   54.7400017       1.01093078E-09
   54.8549995       1.01537190E-09
   54.9700012       1.01849362E-09
   55.0849991       1.02027986E-09
   55.2000008       1.02069697E-09
   55.3149986       1.01969155E-09
   55.4300003       1.01718933E-09
   55.5449982       1.01309416E-09
   55.6599998       1.00728803E-09
   55.7750015       9.99631378E-10
   55.8899994       9.89963445E-10
   56.0050011       9.78103931E-10
   56.1199989       9.63854885E-10
   56.2350006       9.47002032E-10
   56.3499985       9.27317889E-10
   56.4650002       9.04563813E-10
   56.5800018       8.78493334E-10
   56.6949997       8.48854209E-10
   56.8100014       8.15392143E-10
   56.9249992       7.77852838E-10
   57.0400009       7.35985162E-10
   57.1549988       6.89543256E-10
   57.2700005       6.38288811E-10
   57.3849983       5.81993065E-10
   57.5000000       5.20438248E-10
   57.6150017       4.53418775E-10
   57.7299995       3.80742299E-10
   57.8450012       3.02229991E-10
   57.9599991       2.17716636E-10
   58.0750008       1.27050911E-10
   58.1899986       3.00943853E-11
   58.3050003      -7.32786123E-11
   58.4199982      -1.83182372E-10
   58.5349998      -2.99720526E-10
   58.6500015      -4.22987506E-10
   58.7649994      -5.53069424E-10
   58.8800011      -6.90045965E-10
   58.9949989      -8.33991542E-10
   59.1100006      -9.84976323E-10
   59.2249985      -1.14306808E-09
   59.3400002      -1.30833411E-09
   59.4550018      -1.48084145E-09
   59.5699997      -1.66065894E-09
   59.6850014      -1.84785909E-09
   59.7999992      -2.04251860E-09
   59.9150009      -2.24472063E-09
   60.0299988      -2.45455634E-09
   60.1450005      -2.67212474E-09
   60.2599983      -2.89753621E-09
   60.3750000      -3.13091220E-09
   60.4900017      -3.37238659E-09
   60.6049995      -3.62210750E-09
   60.7200012      -3.88023746E-09
   60.8349991      -4.14695300E-09
   60.9500008      -4.42244552E-09
   61.0649986      -4.70692108E-09
   61.1800003      -5.00059949E-09
   61.2949982      -5.30371214E-09
   61.4099998      -5.61650193E-09
   61.5250015      -5.93921889E-09
   61.6399994      -6.27212060E-09
   61.7550011      -6.61546862E-09
   61.8699989      -6.96952407E-09
   61.9850006      -7.33454542E-09
   62.0999985      -7.71078490E-09
   62.2150002      -8.09848899E-09
   62.3300018      -8.49789128E-09
   62.4449997      -8.90921115E-09
   62.5600014      -9.33265643E-09
   62.6749992      -9.76841630E-09
   62.7900009      -1.02166622E-08
   62.9049988      -1.06775495E-08
   63.0200005      -1.11512160E-08
   63.1349983      -1.16377823E-08
   63.2500000      -1.21373533E-08
   63.3650017      -1.26500206E-08
   63.4799995      -1.31758631E-08
   63.5950012      -1.37149465E-08
   63.7099991      -1.42673287E-08
   63.8250008      -1.48330583E-08
   63.9399986      -1.54121782E-08
   64.0550003      -1.60047229E-08
   64.1699982      -1.66107235E-08
   64.2850037      -1.72302066E-08
   64.4000015      -1.78631936E-08
   64.5149994      -1.85097058E-08
   64.6299973      -1.91697556E-08
   64.7450027      -1.98433590E-08
   64.8600006      -2.05305248E-08
   64.9749985      -2.12312621E-08
   65.0899963      -2.19455796E-08
   65.2050018      -2.26734809E-08
   65.3199997      -2.34149820E-08
   65.4349976      -2.41700970E-08
   65.5500031      -2.49388510E-08
   65.6650009      -2.57212829E-08
   65.7799988      -2.65174371E-08
   65.8949966      -2.73273830E-08
   66.0100021      -2.81512111E-08
   66.1250000      -2.89890369E-08
   66.2399979      -2.98410043E-08
   66.3550034      -3.07072874E-08
   66.4700012      -3.15880939E-08
   66.5849991      -3.24836655E-08
   66.6999969      -3.33942793E-08
   66.8150024      -3.43202551E-08
   66.9300003      -3.52619480E-08
   67.0449982      -3.62197383E-08
   67.1600037      -3.71940523E-08
   67.2750015      -3.81853305E-08
   67.3899994      -3.91940489E-08
   67.5049973      -4.02207014E-08
   67.6200027      -4.12658032E-08
   67.7350006      -4.23298658E-08
   67.8499985      -4.34134186E-08
   67.9649963      -4.45169768E-08
   68.0800018      -4.56410447E-08
   68.1949997      -4.67861021E-08
   68.3099976      -4.79526108E-08
   68.4250031      -4.91409757E-08
   68.5400009      -5.03515665E-08
   68.6549988      -5.15846743E-08
   68.7699966      -5.28405302E-08
   68.8850021      -5.41192797E-08
   69.0000000      -5.54209834E-08
   69.1149979      -5.67455984E-08
   69.2300034      -5.80929864E-08
   69.3450012      -5.94628808E-08
   69.4599991      -6.08549016E-08
   69.5749969      -6.22685690E-08
   69.6900024      -6.37032542E-08
   69.8050003      -6.51582326E-08
   69.9199982      -6.66326585E-08
   70.0350037      -6.81255798E-08
   70.1500015      -6.96359521E-08
   70.2649994      -7.11626527E-08
   70.3799973      -7.27044807E-08
   70.4950027      -7.42601927E-08
   70.6100006      -7.58285097E-08
   70.7249985      -7.74081315E-08
   70.8399963      -7.89977648E-08
   70.9550018      -8.05961449E-08
   71.0699997      -8.22020425E-08
   71.1849976      -8.38142924E-08
   71.3000031      -8.54318074E-08
   71.4150009      -8.70535928E-08
   71.5299988      -8.86787603E-08
   71.6449966      -9.03065214E-08
   71.7600021      -9.19362293E-08
   71.8750000      -9.35673583E-08
   71.9899979      -9.51995105E-08
   72.1050034      -9.68324017E-08
   72.2200012      -9.84659039E-08
   72.3349991      -1.00099989E-07
   72.4499969      -1.01734770E-07
   72.5650024      -1.03370475E-07
   72.6800003      -1.05007416E-07
   72.7949982      -1.06646034E-07
   72.9100037      -1.08286841E-07
   73.0250015      -1.09930454E-07
   73.1399994      -1.11577542E-07
   73.2549973      -1.13228857E-07
   73.3700027      -1.14885211E-07
   73.4850006      -1.16547433E-07
   73.5999985      -1.18216434E-07
   73.7149963      -1.19893130E-07
   73.8300018      -1.21578481E-07
   73.9449997      -1.23273423E-07
   74.0599976      -1.24978911E-07
   74.1750031      -1.26695866E-07
   74.2900009      -1.28425214E-07
   74.4049988      -1.30167820E-07
   74.5199966      -1.31924494E-07
   74.6350021      -1.33695977E-07
   74.7500000      -1.35482964E-07
   74.8649979      -1.37285994E-07
   74.9800034      -1.39105580E-07
   75.0950012      -1.40942035E-07
   75.2099991      -1.42795599E-07
   75.3249969      -1.44666373E-07
   75.4400024      -1.46554285E-07
   75.5550003      -1.48459137E-07
   75.6699982      -1.50380544E-07
   75.7850037      -1.52317995E-07
   75.9000015      -1.54270793E-07
   76.0149994      -1.56238116E-07
   76.1299973      -1.58218953E-07
   76.2450027      -1.60212196E-07
   76.3600006      -1.62216566E-07
   76.4749985      -1.64230684E-07
   76.5899963      -1.66253045E-07
   76.7050018      -1.68282057E-07
   76.8199997      -1.70316000E-07
   76.9349976      -1.72353140E-07
   77.0500031      -1.74391644E-07
   77.1650009      -1.76429666E-07
   77.2799988      -1.78465285E-07
   77.3949966      -1.80496599E-07
   77.5100021      -1.82521703E-07
   77.6250000      -1.84538735E-07
   77.7399979      -1.86545805E-07
   77.8550034      -1.88541136E-07
   77.9700012      -1.90522940E-07
   78.0849991      -1.92489551E-07
   78.1999969      -1.94439366E-07
   78.3150024      -1.96370891E-07
   78.4300003      -1.98282692E-07
   78.5449982      -2.00173488E-07
   78.6600037      -2.02042102E-07
   78.7750015      -2.03887467E-07
   78.8899994      -2.05708645E-07
   79.0049973      -2.07504826E-07
   79.1200027      -2.09275299E-07
   79.2350006      -2.11019540E-07
   79.3499985      -2.12737035E-07
   79.4649963      -2.14427487E-07
   79.5800018      -2.16090655E-07
   79.6949997      -2.17726381E-07
   79.8099976      -2.19334652E-07
   79.9250031      -2.20915496E-07
   80.0400009      -2.22468998E-07
   80.1549988      -2.23995400E-07
   80.2699966      -2.25494887E-07
   80.3850021      -2.26967785E-07
   80.5000000      -2.28414407E-07
   80.6149979      -2.29835166E-07
   80.7300034      -2.31230445E-07
   80.8450012      -2.32600669E-07
   80.9599991      -2.33946324E-07
   81.0749969      -2.35267891E-07
   81.1900024      -2.36565882E-07
   81.3050003      -2.37840794E-07
   81.4199982      -2.39093197E-07
   81.5350037      -2.40323629E-07
   81.6500015      -2.41532661E-07
   81.7649994      -2.42720859E-07
   81.8799973      -2.43888792E-07
   81.9950027      -2.45037114E-07
   82.1100006      -2.46166366E-07
   82.2249985      -2.47277143E-07
   82.3399963      -2.48370043E-07
   82.4550018      -2.49445634E-07
   82.5699997      -2.50504485E-07
   82.6849976      -2.51547164E-07
   82.8000031      -2.52574154E-07
   82.9150009      -2.53585995E-07
   83.0299988      -2.54583171E-07
   83.1449966      -2.55566135E-07
   83.2600021      -2.56535316E-07
   83.3750000      -2.57491081E-07
   83.4899979      -2.58433857E-07
   83.6050034      -2.59363986E-07
   83.7200012      -2.60281752E-07
   83.8349991      -2.61187495E-07
   83.9499969      -2.62081443E-07
   84.0650024      -2.62963823E-07
   84.1800003      -2.63834835E-07
   84.2949982      -2.64694677E-07
   84.4100037      -2.65543463E-07
   84.5250015      -2.66381306E-07
   84.6399994      -2.67208264E-07
   84.7549973      -2.68024365E-07
   84.8700027      -2.68829581E-07
   84.9850006      -2.69623882E-07
   85.0999985      -2.70407099E-07
   85.2149963      -2.71179033E-07
   85.3300018      -2.71939484E-07
   85.4449997      -2.72688084E-07
   85.5599976      -2.73424519E-07
   85.6750031      -2.74148363E-07
   85.7900009      -2.74859048E-07
   85.9049988      -2.75556090E-07
   86.0199966      -2.76238893E-07
   86.1350021      -2.76906803E-07
   86.2500000      -2.77559167E-07
   86.3649979      -2.78195273E-07
   86.4800034      -2.78814440E-07
   86.5950012      -2.79415929E-07
   86.7099991      -2.79999028E-07
   86.8249969      -2.80563000E-07
   86.9400024      -2.81107106E-07
   87.0550003      -2.81630662E-07
   87.1699982      -2.82132930E-07
   87.2850037      -2.82613200E-07
   87.4000015      -2.83070790E-07
   87.5149994      -2.83505017E-07
   87.6299973      -2.83915142E-07
   87.7450027      -2.84300455E-07
   87.8600006      -2.84660217E-07
   87.9749985      -2.84993575E-07
   88.0899963      -2.85299734E-07
   88.2050018      -2.85577784E-07
   88.3199997      -2.85826786E-07
   88.4349976      -2.86045719E-07
   88.5500031      -2.86233416E-07
   88.6650009      -2.86388712E-07
   88.7799988      -2.86510300E-07
   88.8949966      -2.86596844E-07
   89.0100021      -2.86646866E-07
   89.1250000      -2.86658775E-07
   89.2399979      -2.86630922E-07
   89.3550034      -2.86561601E-07
   89.4700012      -2.86448994E-07
   89.5849991      -2.86291225E-07
   89.6999969      -2.86086333E-07
   89.8150024      -2.85832414E-07
   89.9300003      -2.85527392E-07
   90.0449982      -2.85169222E-07
   90.1600037      -2.84755856E-07
   90.2750015      -2.84285250E-07
   90.3899994      -2.83755327E-07
   90.5049973      -2.83164098E-07
   90.6200027      -2.82509546E-07
   90.7350006      -2.81789710E-07
   90.8499985      -2.81002656E-07
   90.9649963      -2.80146594E-07
   91.0800018      -2.79219677E-07
   91.1949997      -2.78220227E-07
   91.3099976      -2.77146569E-07
   91.4250031      -2.75997166E-07
   91.5400009      -2.74770514E-07
   91.6549988      -2.73465218E-07
   91.7699966      -2.72079916E-07
   91.8850021      -2.70613413E-07
   92.0000000      -2.69064458E-07
   92.1149979      -2.67431972E-07
   92.2300034      -2.65714931E-07
   92.3450012      -2.63912284E-07
   92.4599991      -2.62023121E-07
   92.5749969      -2.60046477E-07
   92.6900024      -2.57981441E-07
   92.8050003      -2.55827160E-07
   92.9199982      -2.53582726E-07
   93.0350037      -2.51247286E-07
   93.1500015      -2.48819873E-07
   93.2649994      -2.46299578E-07
   93.3799973      -2.43685491E-07
   93.4950027      -2.40976618E-07
   93.6100006      -2.38171950E-07
   93.7249985      -2.35270448E-07
   93.8399963      -2.32271006E-07
   93.9550018      -2.29172528E-07
   94.0699997      -2.25973878E-07
   94.1849976      -2.22673904E-07
   94.3000031      -2.19271413E-07
   94.4150009      -2.15765283E-07
   94.5299988      -2.12154333E-07
   94.6449966      -2.08437456E-07
   94.7600021      -2.04613556E-07
   94.8750000      -2.00681640E-07
   94.9899979      -1.96640698E-07
   95.1050034      -1.92489878E-07
   95.2200012      -1.88228341E-07
   95.3349991      -1.83855420E-07
   95.4499969      -1.79370474E-07
   95.5650024      -1.74773021E-07
   95.6800003      -1.70062705E-07
   95.7949982      -1.65239271E-07
   95.9100037      -1.60302577E-07
   96.0250015      -1.55252636E-07
   96.1399994      -1.50089534E-07
   96.2549973      -1.44813498E-07
   96.3700027      -1.39424841E-07
   96.4850006      -1.33923990E-07
   96.5999985      -1.28311441E-07
   96.7149963      -1.22587778E-07
   96.8300018      -1.16753618E-07
   96.9449997      -1.10809665E-07
   97.0599976      -1.04756623E-07
   97.1750031      -9.85952298E-08
   97.2900009      -9.23262533E-08
   97.4049988      -8.59504254E-08
   97.5199966      -7.94684709E-08
   97.6350021      -7.28810861E-08
   97.7500000      -6.61889175E-08
   97.8649979      -5.93925584E-08
   97.9800034      -5.24925490E-08
   98.0950012      -4.54893296E-08
   98.2099991      -3.83833054E-08
   98.3249969      -3.11747677E-08
   98.4400024      -2.38639455E-08
   98.5550003      -1.64509721E-08
   98.6699982      -8.93590979E-09
   98.7850037      -1.31873668E-09
   98.9000015       6.40063780E-09
   99.0149994       1.42223602E-08
   99.1299973       2.21466454E-08
   99.2450027       3.01737408E-08
   99.3600006       3.83039165E-08
   99.4749985       4.65374690E-08
   99.5899963       5.48747003E-08
   99.7050018       6.33158947E-08
   99.8199997       7.18613222E-08
   99.9349976       8.05111782E-08
   100.050003       8.92656402E-08
   100.165001       9.81248007E-08
   100.279999       1.07088674E-07
   100.394997       1.16157167E-07
   100.510002       1.25330104E-07
   100.625000       1.34607134E-07
   100.739998       1.43987847E-07
   100.855003       1.53471632E-07
   100.970001       1.63057805E-07
   101.084999       1.72745445E-07
   101.199997       1.82533554E-07
   101.315002       1.92420956E-07
   101.430000       2.02406312E-07
   101.544998       2.12488160E-07
   101.660004       2.22664895E-07
   101.775002       2.32934795E-07
   101.889999       2.43296000E-07
   102.004997       2.53746578E-07
   102.120003       2.64284466E-07
   102.235001       2.74907563E-07
   102.349998       2.85613737E-07
   102.464996       2.96400714E-07
   102.580002       3.07266305E-07
   102.695000       3.18208350E-07
   102.809998       3.29224605E-07
   102.925003       3.40312994E-07
   103.040001       3.51471385E-07
   103.154999       3.62697818E-07
   103.269997       3.73990304E-07
   103.385002       3.85347079E-07
   103.500000       3.96766382E-07
   103.614998       4.08246621E-07
   103.730003       4.19786318E-07
   103.845001       4.31383995E-07
   103.959999       4.43038346E-07
   104.074997       4.54748090E-07
   104.190002       4.66511977E-07
   104.305000       4.78328900E-07
   104.419998       4.90197635E-07
   104.535004       5.02117132E-07
   104.650002       5.14086082E-07
   104.764999       5.26103406E-07
   104.879997       5.38167740E-07
   104.995003       5.50277775E-07
   105.110001       5.62431978E-07
   105.224998       5.74628928E-07
   105.339996       5.86866918E-07
   105.455002       5.99144130E-07
   105.570000       6.11458688E-07
   105.684998       6.23808432E-07
   105.800003       6.36191317E-07
   105.915001       6.48605010E-07
   106.029999       6.61047011E-07
   106.144997       6.73514933E-07
   106.260002       6.86006103E-07
   106.375000       6.98517738E-07
   106.489998       7.11047107E-07
   106.605003       7.23591313E-07
   106.720001       7.36147342E-07
   106.834999       7.48712239E-07
   106.949997       7.61282820E-07
   107.065002       7.73855959E-07
   107.180000       7.86428416E-07
   107.294998       7.98996950E-07
   107.410004       8.11558095E-07
   107.525002       8.24108497E-07
   107.639999       8.36644688E-07
   107.754997       8.49163143E-07
   107.870003       8.61660453E-07
   107.985001       8.74132866E-07
   108.099998       8.86576856E-07
   108.214996       8.98988844E-07
   108.330002       9.11365078E-07
   108.445000       9.23702032E-07
   108.559998       9.35996127E-07
   108.675003       9.48243724E-07
   108.790001       9.60441298E-07
   108.904999       9.72585212E-07
   109.019997       9.84672170E-07
   109.135002       9.96698759E-07
   109.250000       1.00866157E-06
   109.364998       1.02055731E-06
   109.480003       1.03238267E-06
   109.595001       1.04413459E-06
   109.709999       1.05580966E-06
   109.824997       1.06740504E-06
   109.940002       1.07891753E-06
   110.055000       1.09034386E-06
   110.169998       1.10168128E-06
   110.285004       1.11292661E-06
   110.400002       1.12407668E-06
   110.514999       1.13512851E-06
   110.629997       1.14607906E-06
   110.745003       1.15692524E-06
   110.860001       1.16766375E-06
   110.974998       1.17829165E-06
   111.089996       1.18880575E-06
   111.205002       1.19920276E-06
   111.320000       1.20947936E-06
   111.434998       1.21963240E-06
   111.550003       1.22965855E-06
   111.665001       1.23955442E-06
   111.779999       1.24931671E-06
   111.894997       1.25894201E-06
   112.010002       1.26842679E-06
   112.125000       1.27776764E-06
   112.239998       1.28696092E-06
   112.355003       1.29600312E-06
   112.470001       1.30489059E-06
   112.584999       1.31361980E-06
   112.699997       1.32218690E-06
   112.815002       1.33058825E-06
   112.930000       1.33882008E-06
   113.044998       1.34687843E-06
   113.160004       1.35475977E-06
   113.275002       1.36246001E-06
   113.389999       1.36997539E-06
   113.504997       1.37730206E-06
   113.620003       1.38443602E-06
   113.735001       1.39137330E-06
   113.849998       1.39811004E-06
   113.964996       1.40464203E-06
   114.080002       1.41096552E-06
   114.195000       1.41707631E-06
   114.309998       1.42297051E-06
   114.425003       1.42864383E-06
   114.540001       1.43409238E-06
   114.654999       1.43931197E-06
   114.769997       1.44429850E-06
   114.885002       1.44904789E-06
   115.000000       1.45355591E-06
   115.114998       1.45781871E-06
   115.230003       1.46183220E-06
   115.345001       1.46559239E-06
   115.459999       1.46909542E-06
   115.574997       1.47233766E-06
   115.690002       1.47531534E-06
   115.805000       1.47802496E-06
   115.919998       1.48046308E-06
   116.035004       1.48262654E-06
   116.150002       1.48451227E-06
   116.264999       1.48611753E-06
   116.379997       1.48743948E-06
   116.495003       1.48847573E-06
   116.610001       1.48922391E-06
   116.724998       1.48968195E-06
   116.839996       1.48984805E-06
   116.955002       1.48972049E-06
   117.070000       1.48929803E-06
   117.184998       1.48857896E-06
   117.300003       1.48756237E-06
   117.415001       1.48624724E-06
   117.529999       1.48463278E-06
   117.644997       1.48271806E-06
   117.760002       1.48050265E-06
   117.875000       1.47798573E-06
   117.989998       1.47516687E-06
   118.105003       1.47204548E-06
   118.220001       1.46862112E-06
   118.334999       1.46489333E-06
   118.449997       1.46086165E-06
   118.565002       1.45652541E-06
   118.680000       1.45188426E-06
   118.794998       1.44693752E-06
   118.910004       1.44168473E-06
   119.025002       1.43612544E-06
   119.139999       1.43025898E-06
   119.254997       1.42408499E-06
   119.370003       1.41760279E-06
   119.485001       1.41081171E-06
   119.599998       1.40371128E-06
   119.714996       1.39630049E-06
   119.830002       1.38857877E-06
   119.945000       1.38054520E-06
   120.059998       1.37219922E-06
   120.175003       1.36353958E-06
   120.290001       1.35456582E-06
   120.404999       1.34527681E-06
   120.519997       1.33567187E-06
   120.635002       1.32575008E-06
   120.750000       1.31551076E-06
   120.864998       1.30495323E-06
   120.980003       1.29407670E-06
   121.095001       1.28288082E-06
   121.209999       1.27136514E-06
   121.324997       1.25952909E-06
   121.440002       1.24737278E-06
   121.555000       1.23489588E-06
   121.669998       1.22209849E-06
   121.785004       1.20898085E-06
   121.900002       1.19554318E-06
   122.014999       1.18178627E-06
   122.129997       1.16771059E-06
   122.245003       1.15331716E-06
   122.360001       1.13860722E-06
   122.474998       1.12358214E-06
   122.589996       1.10824351E-06
   122.705002       1.09259327E-06
   122.820000       1.07663334E-06
   122.934998       1.06036600E-06
   123.050003       1.04379376E-06
   123.165001       1.02691911E-06
   123.279999       1.00974478E-06
   123.394997       9.92273385E-07
   123.510002       9.74508112E-07
   123.625000       9.56451800E-07
   123.739998       9.38107746E-07
   123.855003       9.19479021E-07
   123.970001       9.00568978E-07
   124.084999       8.81380913E-07
   124.199997       8.61918409E-07
   124.315002       8.42184761E-07
   124.430000       8.22183495E-07
   124.544998       8.01918247E-07
   124.660004       7.81392487E-07
   124.775002       7.60609623E-07
   124.889999       7.39573125E-07
   125.004997       7.18286458E-07
   125.120003       6.96752807E-07
   125.235001       6.74975524E-07
   125.349998       6.52957681E-07
   125.464996       6.30702345E-07
   125.580002       6.08212588E-07
   125.695000       5.85491364E-07
   125.809998       5.62541629E-07
   125.925003       5.39366283E-07
   126.040001       5.15968225E-07
   126.154999       4.92350296E-07
   126.269997       4.68515594E-07
   126.385002       4.44467076E-07
   126.500000       4.20207783E-07
   126.614998       3.95740926E-07
   126.730003       3.71069746E-07
   126.845001       3.46197680E-07
   126.959999       3.21128283E-07
   127.074997       2.95865249E-07
   127.190002       2.70412500E-07
   127.305000       2.44774071E-07
   127.419998       2.18954185E-07
   127.535004       1.92957330E-07
   127.650002       1.66788098E-07
   127.764999       1.40451391E-07
   127.879997       1.13952268E-07
   127.995003       8.72959944E-08
   128.110001       6.04880199E-08
   128.225006       3.35339543E-08
   128.339996       6.43955866E-09
   128.455002      -2.07892228E-08
   128.570007      -4.81463829E-08
   128.684998      -7.56257492E-08
   128.800003      -1.03221090E-07
   128.914993      -1.30926040E-07
   129.029999      -1.58734181E-07
   129.145004      -1.86638999E-07
   129.259995      -2.14633886E-07
   129.375000      -2.42712190E-07
   129.490005      -2.70867162E-07
   129.604996      -2.99091994E-07
   129.720001      -3.27379780E-07
   129.835007      -3.55723586E-07
   129.949997      -3.84116419E-07
   130.065002      -4.12551231E-07
   130.179993      -4.41021001E-07
   130.294998      -4.69518653E-07
   130.410004      -4.98037195E-07
   130.524994      -5.26569579E-07
   130.639999      -5.55108841E-07
   130.755005      -5.83648159E-07
   130.869995      -6.12180656E-07
   130.985001      -6.40699625E-07
   131.100006      -6.69198357E-07
   131.214996      -6.97670202E-07
   131.330002      -7.26108681E-07
   131.445007      -7.54507255E-07
   131.559998      -7.82859445E-07
   131.675003      -8.11158884E-07
   131.789993      -8.39399149E-07
   131.904999      -8.67573988E-07
   132.020004      -8.95677033E-07
   132.134995      -9.23701975E-07
   132.250000      -9.51642562E-07
   132.365005      -9.79492370E-07
   132.479996      -1.00724537E-06
   132.595001      -1.03489504E-06
   132.710007      -1.06243510E-06
   132.824997      -1.08985932E-06
   132.940002      -1.11716133E-06
   133.054993      -1.14433453E-06
   133.169998      -1.17137233E-06
   133.285004      -1.19826825E-06
   133.399994      -1.22501547E-06
   133.514999      -1.25160716E-06
   133.630005      -1.27803628E-06
   133.744995      -1.30429567E-06
   133.860001      -1.33037815E-06
   133.975006      -1.35627647E-06
   134.089996      -1.38198300E-06
   134.205002      -1.40749023E-06
   134.320007      -1.43279044E-06
   134.434998      -1.45787612E-06
   134.550003      -1.48273932E-06
   134.664993      -1.50737242E-06
   134.779999      -1.53176757E-06
   134.895004      -1.55591692E-06
   135.009995      -1.57981299E-06
   135.125000      -1.60344791E-06
   135.240005      -1.62681431E-06
   135.354996      -1.64990479E-06
   135.470001      -1.67271173E-06
   135.585007      -1.69522821E-06
   135.699997      -1.71744705E-06
   135.815002      -1.73936132E-06
   135.929993      -1.76096466E-06
   136.044998      -1.78225048E-06
   136.160004      -1.80321251E-06
   136.274994      -1.82384485E-06
   136.389999      -1.84414171E-06
   136.505005      -1.86409738E-06
   136.619995      -1.88370655E-06
   136.735001      -1.90296407E-06
   136.850006      -1.92186485E-06
   136.964996      -1.94040422E-06
   137.080002      -1.95857706E-06
   137.195007      -1.97637883E-06
   137.309998      -1.99380543E-06
   137.425003      -2.01085209E-06
   137.539993      -2.02751471E-06
   137.654999      -2.04378921E-06
   137.770004      -2.05967149E-06
   137.884995      -2.07515768E-06
   138.000000      -2.09024438E-06
   138.115005      -2.10492772E-06
   138.229996      -2.11920451E-06
   138.345001      -2.13307158E-06
   138.460007      -2.14652596E-06
   138.574997      -2.15956425E-06
   138.690002      -2.17218349E-06
   138.804993      -2.18438095E-06
   138.919998      -2.19615367E-06
   139.035004      -2.20749848E-06
   139.149994      -2.21841265E-06
   139.264999      -2.22889253E-06
   139.380005      -2.23893562E-06
   139.494995      -2.24853807E-06
   139.610001      -2.25769645E-06
   139.725006      -2.26640759E-06
   139.839996      -2.27466785E-06
   139.955002      -2.28247382E-06
   140.070007      -2.28982185E-06
   140.184998      -2.29670809E-06
   140.300003      -2.30312912E-06
   140.414993      -2.30908108E-06
   140.529999      -2.31456056E-06
   140.645004      -2.31956392E-06
   140.759995      -2.32408752E-06
   140.875000      -2.32812772E-06
   140.990005      -2.33168134E-06
   141.104996      -2.33474498E-06
   141.220001      -2.33731544E-06
   141.335007      -2.33938954E-06
   141.449997      -2.34096456E-06
   141.565002      -2.34203799E-06
   141.679993      -2.34260710E-06
   141.794998      -2.34267031E-06
   141.910004      -2.34222534E-06
   142.024994      -2.34127106E-06
   142.139999      -2.33980609E-06
   142.255005      -2.33782953E-06
   142.369995      -2.33534047E-06
   142.485001      -2.33233868E-06
   142.600006      -2.32882348E-06
   142.714996      -2.32479533E-06
   142.830002      -2.32025400E-06
   142.945007      -2.31519971E-06
   143.059998      -2.30963292E-06
   143.175003      -2.30355408E-06
   143.289993      -2.29696434E-06
   143.404999      -2.28986414E-06
   143.520004      -2.28225508E-06
   143.634995      -2.27413830E-06
   143.750000      -2.26551560E-06
   143.865005      -2.25638860E-06
   143.979996      -2.24675955E-06
   144.095001      -2.23663051E-06
   144.210007      -2.22600352E-06
   144.324997      -2.21488153E-06
   144.440002      -2.20326683E-06
   144.554993      -2.19116191E-06
   144.669998      -2.17856973E-06
   144.785004      -2.16549302E-06
   144.899994      -2.15193495E-06
   145.014999      -2.13789826E-06
   145.130005      -2.12338659E-06
   145.244995      -2.10840290E-06
   145.360001      -2.09295126E-06
   145.475006      -2.07703511E-06
   145.589996      -2.06065806E-06
   145.705002      -2.04382445E-06
   145.820007      -2.02653791E-06
   145.934998      -2.00880299E-06
   146.050003      -1.99062356E-06
   146.164993      -1.97200370E-06
   146.279999      -1.95294774E-06
   146.395004      -1.93345977E-06
   146.509995      -1.91354434E-06
   146.625000      -1.89320497E-06
   146.740005      -1.87244655E-06
   146.854996      -1.85127294E-06
   146.970001      -1.82968824E-06
   147.085007      -1.80769712E-06
   147.199997      -1.78530365E-06
   147.315002      -1.76251217E-06
   147.429993      -1.73932733E-06
   147.544998      -1.71575380E-06
   147.660004      -1.69179623E-06
   147.774994      -1.66745929E-06
   147.889999      -1.64274786E-06
   148.005005      -1.61766707E-06
   148.119995      -1.59222191E-06
   148.235001      -1.56641761E-06
   148.350006      -1.54025975E-06
   148.464996      -1.51375366E-06
   148.580002      -1.48690515E-06
   148.695007      -1.45972012E-06
   148.809998      -1.43220484E-06
   148.925003      -1.40436566E-06
   149.039993      -1.37620930E-06
   149.154999      -1.34774257E-06
   149.270004      -1.31897275E-06
   149.384995      -1.28990678E-06
   149.500000      -1.26055227E-06
   149.615005      -1.23091672E-06
   149.729996      -1.20100776E-06
   149.845001      -1.17083300E-06
   149.960007      -1.14040029E-06
   150.074997      -1.10971735E-06
   150.190002      -1.07879214E-06
   150.304993      -1.04763228E-06
   150.419998      -1.01624585E-06
   150.535004      -9.84640792E-07
   150.649994      -9.52825303E-07
   150.764999      -9.20807338E-07
   150.880005      -8.88595025E-07
   150.994995      -8.56196664E-07
   151.110001      -8.23620439E-07
   151.225006      -7.90874651E-07
   151.339996      -7.57967427E-07
   151.455002      -7.24907238E-07
   151.570007      -6.91702269E-07
   151.684998      -6.58360989E-07
   151.800003      -6.24891641E-07
   151.914993      -5.91302637E-07
   152.029999      -5.57602220E-07
   152.145004      -5.23798860E-07
   152.259995      -4.89900856E-07
   152.375000      -4.55916563E-07
   152.490005      -4.21854452E-07
   152.604996      -3.87722963E-07
   152.720001      -3.53530623E-07
   152.835007      -3.19285988E-07
   152.949997      -2.84997697E-07
   153.065002      -2.50674390E-07
   153.179993      -2.16324892E-07
   153.294998      -1.81957873E-07
   153.410004      -1.47582156E-07
   153.524994      -1.13206617E-07
   153.639999      -7.88399603E-08
   153.755005      -4.44909105E-08
   153.869995      -1.01682049E-08
   153.985001       2.41194318E-08
   154.100006       5.83633799E-08
   154.214996       9.25550410E-08
   154.330002       1.26685862E-07
   154.445007       1.60747319E-07
   154.559998       1.94730930E-07
   154.675003       2.28628267E-07
   154.789993       2.62430859E-07
   154.904999       2.96130423E-07
   155.020004       3.29718603E-07
   155.134995       3.63187127E-07
   155.250000       3.96527781E-07
   155.365005       4.29732353E-07
   155.479996       4.62792627E-07
   155.595001       4.95700476E-07
   155.710007       5.28447799E-07
   155.824997       5.61026354E-07
   155.940002       5.93428126E-07
   156.054993       6.25645043E-07
   156.169998       6.57668920E-07
   156.285004       6.89491799E-07
   156.399994       7.21105494E-07
   156.514999       7.52502103E-07
   156.630005       7.83673499E-07
   156.744995       8.14611610E-07
   156.860001       8.45308534E-07
   156.975006       8.75756143E-07
   157.089996       9.05946649E-07
   157.205002       9.35872038E-07
   157.320007       9.65524578E-07
   157.434998       9.94896482E-07
   157.550003       1.02397996E-06
   157.664993       1.05276752E-06
   157.779999       1.08125164E-06
   157.895004       1.10942472E-06
   158.009995       1.13727947E-06
   158.125000       1.16480851E-06
   158.240005       1.19200456E-06
   158.354996       1.21886069E-06
   158.470001       1.24536928E-06
   158.585007       1.27152350E-06
   158.699997       1.29731620E-06
   158.815002       1.32274079E-06
   158.929993       1.34779009E-06
   159.044998       1.37245775E-06
   159.160004       1.39673716E-06
   159.274994       1.42062197E-06
   159.389999       1.44410615E-06
   159.505005       1.46718389E-06
   159.619995       1.48984941E-06
   159.735001       1.51209724E-06
   159.850006       1.53392205E-06
   159.964996       1.55531882E-06
   160.080002       1.57628222E-06
   160.195007       1.59680735E-06
   160.309998       1.61688956E-06
   160.425003       1.63652408E-06
   160.539993       1.65570646E-06
   160.654999       1.67443204E-06
   160.770004       1.69269651E-06
   160.884995       1.71049544E-06
   161.000000       1.72782472E-06
   161.115005       1.74468028E-06
   161.229996       1.76105812E-06
   161.345001       1.77695426E-06
   161.460007       1.79236508E-06
   161.574997       1.80728694E-06
   161.690002       1.82171630E-06
   161.804993       1.83564964E-06
   161.919998       1.84908345E-06
   162.035004       1.86201464E-06
   162.149994       1.87443959E-06
   162.264999       1.88635545E-06
   162.380005       1.89775881E-06
   162.494995       1.90864694E-06
   162.610001       1.91901654E-06
   162.725006       1.92886523E-06
   162.839996       1.93819074E-06
   162.955002       1.94699010E-06
   163.070007       1.95526195E-06
   163.184998       1.96300425E-06
   163.300003       1.97021564E-06
   163.414993       1.97689451E-06
   163.529999       1.98304019E-06
   163.645004       1.98865177E-06
   163.759995       1.99372835E-06
   163.875000       1.99826991E-06
   163.990005       2.00227578E-06
   164.104996       2.00574573E-06
   164.220001       2.00867999E-06
   164.335007       2.01107832E-06
   164.449997       2.01294097E-06
   164.565002       2.01426838E-06
   164.679993       2.01506123E-06
   164.794998       2.01531975E-06
   164.910004       2.01504508E-06
   165.024994       2.01423813E-06
   165.139999       2.01289959E-06
   165.255005       2.01103080E-06
   165.369995       2.00863292E-06
   165.485001       2.00570730E-06
   165.600006       2.00225486E-06
   165.714996       1.99827718E-06
   165.830002       1.99377564E-06
   165.945007       1.98875136E-06
   166.059998       1.98320618E-06
   166.175003       1.97714166E-06
   166.289993       1.97055942E-06
   166.404999       1.96346150E-06
   166.520004       1.95584971E-06
   166.634995       1.94772679E-06
   166.750000       1.93909477E-06
   166.865005       1.92995662E-06
   166.979996       1.92031507E-06
   167.095001       1.91017330E-06
   167.210007       1.89953414E-06
   167.324997       1.88840147E-06
   167.440002       1.87677858E-06
   167.554993       1.86466923E-06
   167.669998       1.85207716E-06
   167.785004       1.83900636E-06
   167.899994       1.82546091E-06
   168.014999       1.81144492E-06
   168.130005       1.79696303E-06
   168.244995       1.78201969E-06
   168.360001       1.76661956E-06
   168.475006       1.75076764E-06
   168.589996       1.73446892E-06
   168.705002       1.71772876E-06
   168.820007       1.70055239E-06
   168.934998       1.68294537E-06
   169.050003       1.66491338E-06
   169.164993       1.64646201E-06
   169.279999       1.62759704E-06
   169.395004       1.60832440E-06
   169.509995       1.58864998E-06
   169.625000       1.56857982E-06
   169.740005       1.54812039E-06
   169.854996       1.52727796E-06
   169.970001       1.50605945E-06
   170.085007       1.48447157E-06
   170.199997       1.46252160E-06
   170.315002       1.44021669E-06
   170.429993       1.41756448E-06
   170.544998       1.39457256E-06
   170.660004       1.37124903E-06
   170.774994       1.34760160E-06
   170.889999       1.32363823E-06
   171.005005       1.29936700E-06
   171.119995       1.27479586E-06
   171.235001       1.24993267E-06
   171.350006       1.22478525E-06
   171.464996       1.19936124E-06
   171.580002       1.17366835E-06
   171.695007       1.14771399E-06
   171.809998       1.12150565E-06
   171.925003       1.09505072E-06
   172.039993       1.06835626E-06
   172.154999       1.04142975E-06
   172.270004       1.01427815E-06
   172.384995       9.86908731E-07
   172.500000       9.59328645E-07
   172.615005       9.31544776E-07
   172.729996       9.03564001E-07
   172.845001       8.75393312E-07
   172.960007       8.47039587E-07
   173.074997       8.18509534E-07
   173.190002       7.89809917E-07
   173.304993       7.60947671E-07
   173.419998       7.31929617E-07
   173.535004       7.02762634E-07
   173.649994       6.73453826E-07
   173.764999       6.44010356E-07
   173.880005       6.14439386E-07
   173.994995       5.84748534E-07
   174.110001       5.54945416E-07
   174.225006       5.25037819E-07
   174.339996       4.95033703E-07
   174.455002       4.64941309E-07
   174.570007       4.34768936E-07
   174.684998       4.04525139E-07
   174.800003       3.74218644E-07
   174.914993       3.43858233E-07
   175.029999       3.13452915E-07
   175.145004       2.83011786E-07
   175.259995       2.52544112E-07
   175.375000       2.22059185E-07
   175.490005       1.91566329E-07
   175.604996       1.61074965E-07
   175.720001       1.30594501E-07
   175.835007       1.00134280E-07
   175.949997       6.97035105E-08
   176.065002       3.93114483E-08
   176.179993       8.96709196E-09
   176.294998      -2.13206626E-08
   176.410004      -5.15430720E-08
   176.524994      -8.16916810E-08
   176.639999      -1.11758155E-07
   176.755005      -1.41734361E-07
   176.869995      -1.71612299E-07
   176.985001      -2.01384211E-07
   177.100006      -2.31042392E-07
   177.214996      -2.60579270E-07
   177.330002      -2.89987327E-07
   177.445007      -3.19259101E-07
   177.559998      -3.48387175E-07
   177.675003      -3.77364159E-07
   177.789993      -4.06182551E-07
   177.904999      -4.34834874E-07
   178.020004      -4.63313654E-07
   178.134995      -4.91611388E-07
   178.250000      -5.19720572E-07
   178.365005      -5.47633533E-07
   178.479996      -5.75342710E-07
   178.595001      -6.02840544E-07
   178.710007      -6.30119416E-07
   178.824997      -6.57171825E-07
   178.940002      -6.83990095E-07
   179.054993      -7.10566610E-07
   179.169998      -7.36893981E-07
   179.285004      -7.62964532E-07
   179.399994      -7.88770819E-07
   179.514999      -8.14305452E-07
   179.630005      -8.39560983E-07
   179.744995      -8.64530136E-07
   179.860001      -8.89205808E-07
   179.975006      -9.13580891E-07
   180.089996      -9.37648622E-07
   180.205002      -9.61402179E-07
   180.320007      -9.84834969E-07
   180.434998      -1.00794068E-06
   180.550003      -1.03071329E-06
   180.664993      -1.05314655E-06
   180.779999      -1.07523465E-06
   180.895004      -1.09697226E-06
   181.009995      -1.11835357E-06
   181.125000      -1.13937358E-06
   181.240005      -1.16002707E-06
   181.354996      -1.18030903E-06
   181.470001      -1.20021480E-06
   181.585007      -1.21973972E-06
   181.699997      -1.23887935E-06
   181.815002      -1.25762938E-06
   181.929993      -1.27598605E-06
   182.044998      -1.29394527E-06
   182.160004      -1.31150364E-06
   182.274994      -1.32865762E-06
   182.389999      -1.34540403E-06
   182.505005      -1.36173981E-06
   182.619995      -1.37766233E-06
   182.735001      -1.39316887E-06
   182.850006      -1.40825694E-06
   182.964996      -1.42292447E-06
   183.080002      -1.43716898E-06
   183.195007      -1.45098886E-06
   183.309998      -1.46438219E-06
   183.425003      -1.47734704E-06
   183.539993      -1.48988181E-06
   183.654999      -1.50198503E-06
   183.770004      -1.51365521E-06
   183.884995      -1.52489099E-06
   184.000000      -1.53569101E-06
   184.115005      -1.54605402E-06
   184.229996      -1.55597900E-06
   184.345001      -1.56546457E-06
   184.460007      -1.57451007E-06
   184.574997      -1.58311434E-06
   184.690002      -1.59127637E-06
   184.804993      -1.59899525E-06
   184.919998      -1.60627019E-06
   185.035004      -1.61310027E-06
   185.149994      -1.61948446E-06
   185.264999      -1.62542210E-06
   185.380005      -1.63091249E-06
   185.494995      -1.63595462E-06
   185.610001      -1.64054802E-06
   185.725006      -1.64469202E-06
   185.839996      -1.64838616E-06
   185.955002      -1.65162999E-06
   186.070007      -1.65442316E-06
   186.184998      -1.65676556E-06
   186.300003      -1.65865720E-06
   186.414993      -1.66009818E-06
   186.529999      -1.66108885E-06
   186.645004      -1.66162988E-06
   186.759995      -1.66172197E-06
   186.875000      -1.66136613E-06
   186.990005      -1.66056361E-06
   187.104996      -1.65931556E-06
   187.220001      -1.65762378E-06
   187.335007      -1.65548988E-06
   187.449997      -1.65291613E-06
   187.565002      -1.64990456E-06
   187.679993      -1.64645735E-06
   187.794998      -1.64257699E-06
   187.910004      -1.63826621E-06
   188.024994      -1.63352740E-06
   188.139999      -1.62836352E-06
   188.255005      -1.62277729E-06
   188.369995      -1.61677167E-06
   188.485001      -1.61034927E-06
   188.600006      -1.60351328E-06
   188.714996      -1.59626632E-06
   188.830002      -1.58861133E-06
   188.945007      -1.58055138E-06
   189.059998      -1.57208956E-06
   189.175003      -1.56322847E-06
   189.289993      -1.55397152E-06
   189.404999      -1.54432178E-06
   189.520004      -1.53428243E-06
   189.634995      -1.52385689E-06
   189.750000      -1.51304857E-06
   189.865005      -1.50186099E-06
   189.979996      -1.49029790E-06
   190.095001      -1.47836317E-06
   190.210007      -1.46606078E-06
   190.324997      -1.45339482E-06
   190.440002      -1.44036949E-06
   190.554993      -1.42698934E-06
   190.669998      -1.41325904E-06
   190.785004      -1.39918325E-06
   190.899994      -1.38476673E-06
   191.014999      -1.37001450E-06
   191.130005      -1.35493167E-06
   191.244995      -1.33952369E-06
   191.360001      -1.32379580E-06
   191.475006      -1.30775356E-06
   191.589996      -1.29140255E-06
   191.705002      -1.27474857E-06
   191.820007      -1.25779741E-06
   191.934998      -1.24055498E-06
   192.050003      -1.22302720E-06
   192.164993      -1.20521986E-06
   192.279999      -1.18713888E-06
   192.395004      -1.16879016E-06
   192.509995      -1.15017940E-06
   192.625000      -1.13131250E-06
   192.740005      -1.11219504E-06
   192.854996      -1.09283280E-06
   192.970001      -1.07323149E-06
   193.085007      -1.05339666E-06
   193.199997      -1.03333412E-06
   193.315002      -1.01304943E-06
   193.429993      -9.92548280E-07
   193.544998      -9.71836698E-07
   193.660004      -9.50920196E-07
   193.774994      -9.29804798E-07
   193.889999      -9.08496361E-07
   194.005005      -8.87000738E-07
   194.119995      -8.65324068E-07
   194.235001      -8.43472321E-07
   194.350006      -8.21451465E-07
   194.464996      -7.99267639E-07
   194.580002      -7.76926981E-07
   194.695007      -7.54435689E-07
   194.809998      -7.31799958E-07
   194.925003      -7.09025983E-07
   195.039993      -6.86120188E-07
   195.154999      -6.63088997E-07
   195.270004      -6.39939003E-07
   195.384995      -6.16676914E-07
   195.500000      -5.93309437E-07
   195.615005      -5.69843621E-07
   195.729996      -5.46286515E-07
   195.845001      -5.22645280E-07
   195.960007      -4.98927250E-07
   196.074997      -4.75139757E-07
   196.190002      -4.51290163E-07
   196.304993      -4.27385942E-07
   196.419998      -4.03434484E-07
   196.535004      -3.79443151E-07
   196.649994      -3.55419360E-07
   196.764999      -3.31370416E-07
   196.880005      -3.07303594E-07
   196.994995      -2.83226058E-07
   197.110001      -2.59145025E-07
   197.225006      -2.35067546E-07
   197.339996      -2.11000739E-07
   197.455002      -1.86951524E-07
   197.570007      -1.62926895E-07
   197.684998      -1.38933743E-07
   197.800003      -1.14978917E-07
   197.914993      -9.10692535E-08
   198.029999      -6.72114311E-08
   198.145004      -4.34121610E-08
   198.259995      -1.96780352E-08
   198.375000       3.98436928E-09
   198.490005       2.75686283E-08
   198.604996       5.10683620E-08
   198.720001       7.44772848E-08
   198.835007       9.77892682E-08
   198.949997       1.20998237E-07
   199.065002       1.44098280E-07
   199.179993       1.67083599E-07
   199.294998       1.89948551E-07
   199.410004       2.12687652E-07
   199.524994       2.35295559E-07
   199.639999       2.57766970E-07
   199.755005       2.80096828E-07
   199.869995       3.02280085E-07
   199.985001       3.24311856E-07
   200.100006       3.46187250E-07
   200.214996       3.67901407E-07
   200.330002       3.89449497E-07
   200.445007       4.10826630E-07
   200.559998       4.32027946E-07
   200.675003       4.53048415E-07
   200.789993       4.73883006E-07
   200.904999       4.94526546E-07
   201.020004       5.14973863E-07
   201.134995       5.35219726E-07
   201.250000       5.55258907E-07
   201.365005       5.75086005E-07
   201.479996       5.94695848E-07
   201.595001       6.14083262E-07
   201.710007       6.33243133E-07
   201.824997       6.52170343E-07
   201.940002       6.70860061E-07
   202.054993       6.89307399E-07
   202.169998       7.07507638E-07
   202.285004       7.25456118E-07
   202.399994       7.43148291E-07
   202.514999       7.60579780E-07
   202.630005       7.77746152E-07
   202.744995       7.94643256E-07
   202.860001       8.11266887E-07
   202.975006       8.27613007E-07
   203.089996       8.43677753E-07
   203.205002       8.59457543E-07
   203.320007       8.74948796E-07
   203.434998       8.90148215E-07
   203.550003       9.05052900E-07
   203.664993       9.19659954E-07
   203.779999       9.33966930E-07
   203.895004       9.47971500E-07
   204.009995       9.61671503E-07
   204.125000       9.75065177E-07
   204.240005       9.88150305E-07
   204.354996       1.00092529E-06
   204.470001       1.01338844E-06
   204.585007       1.02553804E-06
   204.699997       1.03737250E-06
   204.815002       1.04889011E-06
   204.929993       1.06008918E-06
   205.044998       1.07096810E-06
   205.160004       1.08152494E-06
   205.274994       1.09175835E-06
   205.389999       1.10166650E-06
   205.505005       1.11124768E-06
   205.619995       1.12050020E-06
   205.735001       1.12942257E-06
   205.850006       1.13801320E-06
   205.964996       1.14627039E-06
   206.080002       1.15419277E-06
   206.195007       1.16177864E-06
   206.309998       1.16902675E-06
   206.425003       1.17593572E-06
   206.539993       1.18250443E-06
   206.654999       1.18873174E-06
   206.770004       1.19461686E-06
   206.884995       1.20015909E-06
   207.000000       1.20535810E-06
   207.115005       1.21021367E-06
   207.229996       1.21472613E-06
   207.345001       1.21889570E-06
   207.460007       1.22272297E-06
   207.574997       1.22620906E-06
   207.690002       1.22935478E-06
   207.804993       1.23216125E-06
   207.919998       1.23462974E-06
   208.035004       1.23676159E-06
   208.149994       1.23855807E-06
   208.264999       1.24002054E-06
   208.380005       1.24115024E-06
   208.494995       1.24194855E-06
   208.610001       1.24241683E-06
   208.725006       1.24255655E-06
   208.839996       1.24236897E-06
   208.955002       1.24185522E-06
   209.070007       1.24101678E-06
   209.184998       1.23985478E-06
   209.300003       1.23837049E-06
   209.414993       1.23656491E-06
   209.529999       1.23443908E-06
   209.645004       1.23199425E-06
   209.759995       1.22923120E-06
   209.875000       1.22615108E-06
   209.990005       1.22275480E-06
   210.104996       1.21904350E-06
   210.220001       1.21501830E-06
   210.335007       1.21068047E-06
   210.449997       1.20603136E-06
   210.565002       1.20107234E-06
   210.679993       1.19580523E-06
   210.794998       1.19023161E-06
   210.910004       1.18435344E-06
   211.024994       1.17817308E-06
   211.139999       1.17169270E-06
   211.255005       1.16491481E-06
   211.369995       1.15784201E-06
   211.485001       1.15047703E-06
   211.600006       1.14282295E-06
   211.714996       1.13488272E-06
   211.830002       1.12665975E-06
   211.945007       1.11815734E-06
   212.059998       1.10937913E-06
   212.175003       1.10032886E-06
   212.289993       1.09101040E-06
   212.404999       1.08142808E-06
   212.520004       1.07158610E-06
   212.634995       1.06148889E-06
   212.750000       1.05114111E-06
   212.865005       1.04054743E-06
   212.979996       1.02971239E-06
   213.095001       1.01864077E-06
   213.210007       1.00733735E-06
   213.324997       9.95806772E-07
   213.440002       9.84053827E-07
   213.554993       9.72083058E-07
   213.669998       9.59899239E-07
   213.785004       9.47506976E-07
   213.899994       9.34910759E-07
   214.014999       9.22115191E-07
   214.130005       9.09124765E-07
   214.244995       8.95944027E-07
   214.360001       8.82577467E-07
   214.475006       8.69029407E-07
   214.589996       8.55304449E-07
   214.705002       8.41406859E-07
   214.820007       8.27341069E-07
   214.934998       8.13111569E-07
   215.050003       7.98722510E-07
   215.164993       7.84178269E-07
   215.279999       7.69483279E-07
   215.395004       7.54641633E-07
   215.509995       7.39657764E-07
   215.625000       7.24535766E-07
   215.740005       7.09279902E-07
   215.854996       6.93894151E-07
   215.970001       6.78382719E-07
   216.085007       6.62749585E-07
   216.199997       6.46998672E-07
   216.315002       6.31133901E-07
   216.429993       6.15159252E-07
   216.544998       5.99078476E-07
   216.660004       5.82895382E-07
   216.774994       5.66613949E-07
   216.889999       5.50237985E-07
   217.005005       5.33771413E-07
   217.119995       5.17218211E-07
   217.235001       5.00582587E-07
   217.350006       4.83868689E-07
   217.464996       4.67080952E-07
   217.580002       4.50223837E-07
   217.695007       4.33301949E-07
   217.809998       4.16320120E-07
   217.925003       3.99283209E-07
   218.039993       3.82196362E-07
   218.154999       3.65064722E-07
   218.270004       3.47893717E-07
   218.384995       3.30688835E-07
   218.500000       3.13455644E-07
   218.615005       2.96199914E-07
   218.729996       2.78927473E-07
   218.845001       2.61644203E-07
   218.960007       2.44356016E-07
   219.074997       2.27068881E-07
   219.190002       2.09788695E-07
   219.304993       1.92521370E-07
   219.419998       1.75272731E-07
   219.535004       1.58048508E-07
   219.649994       1.40854411E-07
   219.764999       1.23695955E-07
   219.880005       1.06578590E-07
   219.994995       8.95076155E-08
   220.110001       7.24882341E-08
   220.225006       5.55255077E-08
   220.339996       3.86243748E-08
   220.455002       2.17896527E-08
   220.570007       5.02606268E-09
   220.684998      -1.16617356E-08
   220.800003      -2.82692056E-08
   220.914993      -4.47918609E-08
   221.029999      -6.12253359E-08
   221.145004      -7.75652964E-08
   221.259995      -9.38075644E-08
   221.375000      -1.09947976E-07
   221.490005      -1.25982538E-07
   221.604996      -1.41907350E-07
   221.720001      -1.57718617E-07
   221.835007      -1.73412602E-07
   221.949997      -1.88985709E-07
   222.065002      -2.04434386E-07
   222.179993      -2.19755137E-07
   222.294998      -2.34944594E-07
   222.410004      -2.49999431E-07
   222.524994      -2.64916366E-07
   222.639999      -2.79692244E-07
   222.755005      -2.94323996E-07
   222.869995      -3.08808580E-07
   222.985001      -3.23143126E-07
   223.100006      -3.37324650E-07
   223.214996      -3.51350394E-07
   223.330002      -3.65217460E-07
   223.445007      -3.78923090E-07
   223.559998      -3.92464443E-07
   223.675003      -4.05838733E-07
   223.789993      -4.19043147E-07
   223.904999      -4.32074955E-07
   224.020004      -4.44931402E-07
   224.134995      -4.57609787E-07
   224.250000      -4.70107636E-07
   224.365005      -4.82422422E-07
   224.479996      -4.94551728E-07
   224.595001      -5.06493393E-07
   224.710007      -5.18245258E-07
   224.824997      -5.29805220E-07
   224.940002      -5.41171403E-07
   225.054993      -5.52341987E-07
   225.169998      -5.63315041E-07
   225.285004      -5.74088972E-07
   225.399994      -5.84662018E-07
   225.514999      -5.95032589E-07
   225.630005      -6.05199148E-07
   225.744995      -6.15160047E-07
   225.860001      -6.24913753E-07
   225.975006      -6.34458843E-07
   226.089996      -6.43793783E-07
   226.205002      -6.52917208E-07
   226.320007      -6.61827698E-07
   226.434998      -6.70523889E-07
   226.550003      -6.79004643E-07
   226.664993      -6.87268709E-07
   226.779999      -6.95315123E-07
   226.895004      -7.03142575E-07
   227.009995      -7.10750157E-07
   227.125000      -7.18136732E-07
   227.240005      -7.25301391E-07
   227.354996      -7.32242995E-07
   227.470001      -7.38960523E-07
   227.585007      -7.45452837E-07
   227.699997      -7.51718801E-07
   227.815002      -7.57757391E-07
   227.929993      -7.63567471E-07
   228.044998      -7.69147960E-07
   228.160004      -7.74497778E-07
   228.274994      -7.79615732E-07
   228.389999      -7.84500799E-07
   228.505005      -7.89151841E-07
   228.619995      -7.93567722E-07
   228.735001      -7.97747248E-07
   228.850006      -8.01689396E-07
   228.964996      -8.05393029E-07
   229.080002      -8.08857180E-07
   229.195007      -8.12080941E-07
   229.309998      -8.15063515E-07
   229.425003      -8.17804164E-07
   229.539993      -8.20302489E-07
   229.654999      -8.22558036E-07
   229.770004      -8.24570805E-07
   229.884995      -8.26340568E-07
   230.000000      -8.27867723E-07
   230.115005      -8.29152555E-07
   230.229996      -8.30195518E-07
   230.345001      -8.30997180E-07
   230.460007      -8.31558395E-07
   230.574997      -8.31879902E-07
   230.690002      -8.31962780E-07
   230.804993      -8.31808109E-07
   230.919998      -8.31417196E-07
   231.035004      -8.30791350E-07
   231.149994      -8.29932048E-07
   231.264999      -8.28841110E-07
   231.380005      -8.27520296E-07
   231.494995      -8.25971483E-07
   231.610001      -8.24196889E-07
   231.725006      -8.22198558E-07
   231.839996      -8.19978936E-07
   231.955002      -8.17540240E-07
   232.070007      -8.14884970E-07
   232.184998      -8.12015401E-07
   232.300003      -8.08934033E-07
   232.414993      -8.05643253E-07
   232.529999      -8.02145507E-07
   232.645004      -7.98443239E-07
   232.759995      -7.94538778E-07
   232.875000      -7.90434569E-07
   232.990005      -7.86133057E-07
   233.104996      -7.81636686E-07
   233.220001      -7.76947729E-07
   233.335007      -7.72068688E-07
   233.449997      -7.67001779E-07
   233.565002      -7.61749334E-07
   233.679993      -7.56313568E-07
   233.794998      -7.50696699E-07
   233.910004      -7.44900603E-07
   234.024994      -7.38927497E-07
   234.139999      -7.32779199E-07
   234.255005      -7.26457586E-07
   234.369995      -7.19964476E-07
   234.485001      -7.13301631E-07
   234.600006      -7.06470644E-07
   234.714996      -6.99473105E-07
   234.830002      -6.92310664E-07
   234.945007      -6.84984741E-07
   235.059998      -6.77496814E-07
   235.175003      -6.69848475E-07
   235.289993      -6.62041145E-07
   235.404999      -6.54076189E-07
   235.520004      -6.45955254E-07
   235.634995      -6.37679705E-07
   235.750000      -6.29251133E-07
   235.865005      -6.20671130E-07
   235.979996      -6.11941346E-07
   236.095001      -6.03063654E-07
   236.210007      -5.94040046E-07
   236.324997      -5.84872737E-07
   236.440002      -5.75564059E-07
   236.554993      -5.66116626E-07
   236.669998      -5.56533166E-07
   236.785004      -5.46816693E-07
   236.899994      -5.36970447E-07
   237.014999      -5.26997667E-07
   237.130005      -5.16901878E-07
   237.244995      -5.06686717E-07
   237.360001      -4.96355995E-07
   237.475006      -4.85913574E-07
   237.589996      -4.75363407E-07
   237.705002      -4.64709672E-07
   237.820007      -4.53956602E-07
   237.934998      -4.43108519E-07
   238.050003      -4.32169941E-07
   238.164993      -4.21145330E-07
   238.279999      -4.10039263E-07
   238.395004      -3.98856230E-07
   238.509995      -3.87600750E-07
   238.625000      -3.76277256E-07
   238.740005      -3.64890070E-07
   238.854996      -3.53443397E-07
   238.970001      -3.41941274E-07
   239.085007      -3.30387621E-07
   239.199997      -3.18786249E-07
   239.315002      -3.07140709E-07
   239.429993      -2.95454498E-07
   239.544998      -2.83730913E-07
   239.660004      -2.71973164E-07
   239.774994      -2.60184322E-07
   239.889999      -2.48367257E-07
   240.005005      -2.36524912E-07
   240.119995      -2.24660013E-07
   240.235001      -2.12775305E-07
   240.350006      -2.00873416E-07
   240.464996      -1.88956989E-07
   240.580002      -1.77028568E-07
   240.695007      -1.65090725E-07
   240.809998      -1.53145947E-07
   240.925003      -1.41196765E-07
   241.039993      -1.29245663E-07
   241.154999      -1.17295194E-07
   241.270004      -1.05347901E-07
   241.384995      -9.34063777E-08
   241.500000      -8.14732601E-08
   241.615005      -6.95512767E-08
   241.729996      -5.76431738E-08
   241.845001      -4.57517686E-08
   241.960007      -3.38798927E-08
   242.074997      -2.20303935E-08
   242.190002      -1.02061568E-08
   242.304993       1.58996494E-09
   242.419998       1.33550886E-08
   242.535004       2.50863348E-08
   242.649994       3.67808219E-08
   242.764999       4.84356590E-08
   242.880005       6.00479169E-08
   242.994995       7.16147213E-08
   243.110001       8.31331306E-08
   243.225006       9.46002956E-08
   243.339996       1.06013353E-07
   243.455002       1.17369552E-07
   243.570007       1.28666173E-07
   243.684998       1.39900592E-07
   243.800003       1.51070267E-07
   243.914993       1.62172725E-07
   244.029999       1.73205521E-07
   244.145004       1.84166254E-07
   244.259995       1.95052536E-07
   244.375000       2.05861966E-07
   244.490005       2.16592113E-07
   244.604996       2.27240434E-07
   244.720001       2.37804372E-07
   244.835007       2.48281282E-07
   244.949997       2.58668365E-07
   245.065002       2.68962793E-07
   245.179993       2.79161611E-07
   245.294998       2.89261862E-07
   245.410004       2.99260506E-07
   245.524994       3.09154501E-07
   245.639999       3.18940778E-07
   245.755005       3.28616409E-07
   245.869995       3.38178438E-07
   245.985001       3.47623995E-07
   246.100006       3.56950437E-07
   246.214996       3.66155092E-07
   246.330002       3.75235516E-07
   246.445007       3.84189377E-07
   246.559998       3.93014489E-07
   246.675003       4.01708803E-07
   246.789993       4.10270474E-07
   246.904999       4.18697823E-07
   247.020004       4.26989260E-07
   247.134995       4.35143335E-07
   247.250000       4.43158740E-07
   247.365005       4.51034225E-07
   247.479996       4.58768596E-07
   247.595001       4.66360689E-07
   247.710007       4.73809365E-07
   247.824997       4.81113375E-07
   247.940002       4.88271610E-07
   248.054993       4.95282734E-07
   248.169998       5.02145610E-07
   248.285004       5.08858875E-07
   248.399994       5.15421448E-07
   248.514999       5.21832021E-07
   248.630005       5.28089572E-07
   248.744995       5.34192964E-07
   248.860001       5.40141173E-07
   248.975006       5.45933290E-07
   249.089996       5.51568405E-07
   249.205002       5.57045610E-07
   249.320007       5.62364221E-07
   249.434998       5.67523443E-07
   249.550003       5.72522481E-07
   249.664993       5.77360822E-07
   249.779999       5.82037671E-07
   249.895004       5.86552460E-07
   250.009995       5.90904676E-07
   250.125000       5.95093752E-07
   250.240005       5.99119403E-07
   250.354996       6.02981117E-07
   250.470001       6.06678668E-07
   250.585007       6.10211998E-07
   250.699997       6.13580880E-07
   250.815002       6.16785428E-07
   250.929993       6.19825585E-07
   251.044998       6.22701464E-07
   251.160004       6.25413179E-07
   251.274994       6.27960674E-07
   251.389999       6.30344061E-07
   251.505005       6.32563228E-07
   251.619995       6.34618175E-07
   251.735001       6.36508673E-07
   251.850006       6.38234610E-07
   251.964996       6.39795815E-07
   252.080002       6.41192116E-07
   252.195007       6.42423345E-07
   252.309998       6.43489273E-07
   252.425003       6.44389729E-07
   252.539993       6.45124317E-07
   252.654999       6.45692751E-07
   252.770004       6.46094577E-07
   252.884995       6.46329397E-07
   253.000000       6.46396529E-07
   253.115005       6.46295462E-07
   253.229996       6.46025626E-07
   253.345001       6.45586510E-07
   253.460007       6.44977604E-07
   253.574997       6.44198849E-07
   253.690002       6.43250132E-07
   253.804993       6.42131624E-07
   253.919998       6.40843837E-07
   254.035004       6.39387622E-07
   254.149994       6.37763833E-07
   254.264999       6.35973947E-07
   254.380005       6.34019443E-07
   254.494995       6.31902140E-07
   254.610001       6.29623969E-07
   254.725006       6.27187148E-07
   254.839996       6.24593667E-07
   254.955002       6.21845913E-07
   255.070007       6.18945990E-07
   255.184998       6.15896283E-07
   255.300003       6.12698841E-07
   255.414993       6.09355993E-07
   255.529999       6.05869900E-07
   255.645004       6.02242608E-07
   255.759995       5.98476220E-07
   255.875000       5.94572782E-07
   255.990005       5.90534398E-07
   256.105011       5.86362887E-07
   256.220001       5.82060238E-07
   256.334991       5.77628157E-07
   256.450012       5.73068519E-07
   256.565002       5.68382802E-07
   256.679993       5.63572826E-07
   256.795013       5.58640124E-07
   256.910004       5.53586403E-07
   257.024994       5.48413425E-07
   257.140015       5.43122894E-07
   257.255005       5.37716630E-07
   257.369995       5.32196680E-07
   257.484985       5.26564975E-07
   257.600006       5.20823505E-07
   257.714996       5.14974488E-07
   257.829987       5.09019856E-07
   257.945007       5.02961655E-07
   258.059998       4.96801874E-07
   258.174988       4.90542277E-07
   258.290009       4.84184795E-07
   258.404999       4.77731078E-07
   258.519989       4.71182716E-07
   258.635010       4.64541330E-07
   258.750000       4.57808568E-07
   258.864990       4.50985937E-07
   258.980011       4.44074971E-07
   259.095001       4.37077347E-07
   259.209991       4.29994657E-07
   259.325012       4.22828663E-07
   259.440002       4.15581042E-07
   259.554993       4.08253641E-07
   259.670013       4.00848194E-07
   259.785004       3.93366520E-07
   259.899994       3.85810324E-07
   260.015015       3.78181340E-07
   260.130005       3.70481303E-07
   260.244995       3.62711830E-07
   260.359985       3.54874601E-07
   260.475006       3.46971262E-07
   260.589996       3.39003549E-07
   260.704987       3.30973222E-07
   260.820007       3.22882215E-07
   260.934998       3.14732546E-07
   261.049988       3.06526346E-07
   261.165009       2.98265860E-07
   261.279999       2.89953476E-07
   261.394989       2.81591696E-07
   261.510010       2.73183048E-07
   261.625000       2.64730062E-07
   261.739990       2.56235410E-07
   261.855011       2.47701735E-07
   261.970001       2.39131651E-07
   262.084991       2.30527846E-07
   262.200012       2.21892904E-07
   262.315002       2.13229427E-07
   262.429993       2.04540015E-07
   262.545013       1.95827155E-07
   262.660004       1.87093335E-07
   262.774994       1.78340969E-07
   262.890015       1.69572417E-07
   263.005005       1.60789980E-07
   263.119995       1.51995948E-07
   263.234985       1.43192494E-07
   263.350006       1.34381850E-07
   263.464996       1.25566160E-07
   263.579987       1.16747593E-07
   263.695007       1.07928308E-07
   263.809998       9.91104798E-08
   263.924988       9.02962967E-08
   264.040009       8.14879897E-08
   264.154999       7.26877829E-08
   264.269989       6.38979500E-08
   264.385010       5.51207719E-08
   264.500000       4.63585543E-08
   264.614990       3.76135851E-08
   264.730011       2.88880990E-08
   264.845001       2.01842774E-08
   264.959991       1.15042438E-08
   265.075012       2.85000690E-09
   265.190002      -5.77653347E-09
   265.304993      -1.43735699E-08
   265.420013      -2.29394086E-08
   265.535004      -3.14724105E-08
   265.649994      -3.99709847E-08
   265.765015      -4.84335771E-08
   265.880005      -5.68586067E-08
   265.994995      -6.52444783E-08
   266.109985      -7.35895327E-08
   266.225006      -8.18920611E-08
   266.339996      -9.01503086E-08
   266.454987      -9.83624275E-08
   266.570007      -1.06526528E-07
   266.684998      -1.14640663E-07
   266.799988      -1.22702843E-07
   266.915009      -1.30711015E-07
   267.029999      -1.38663125E-07
   267.144989      -1.46557127E-07
   267.260010      -1.54390932E-07
   267.375000      -1.62162465E-07
   267.489990      -1.69869693E-07
   267.605011      -1.77510586E-07
   267.720001      -1.85083110E-07
   267.834991      -1.92585262E-07
   267.950012      -2.00015052E-07
   268.065002      -2.07370420E-07
   268.179993      -2.14649333E-07
   268.295013      -2.21849703E-07
   268.410004      -2.28969427E-07
   268.524994      -2.36006386E-07
   268.640015      -2.42958407E-07
   268.755005      -2.49823387E-07
   268.869995      -2.56599208E-07
   268.984985      -2.63283738E-07
   269.100006      -2.69875017E-07
   269.214996      -2.76371054E-07
   269.329987      -2.82769975E-07
   269.445007      -2.89070016E-07
   269.559998      -2.95269473E-07
   269.674988      -3.01366697E-07
   269.790009      -3.07360182E-07
   269.904999      -3.13248478E-07
   270.019989      -3.19030221E-07
   270.135010      -3.24704047E-07
   270.250000      -3.30268762E-07
   270.364990      -3.35723087E-07
   270.480011      -3.41065942E-07
   270.595001      -3.46296190E-07
   270.709991      -3.51412837E-07
   270.825012      -3.56414859E-07
   270.940002      -3.61301403E-07
   271.054993      -3.66071617E-07
   271.170013      -3.70724791E-07
   271.285004      -3.75260328E-07
   271.399994      -3.79677715E-07
   271.515015      -3.83976527E-07
   271.630005      -3.88156451E-07
   271.744995      -3.92217203E-07
   271.859985      -3.96158555E-07
   271.975006      -3.99980394E-07
   272.089996      -4.03682606E-07
   272.204987      -4.07265020E-07
   272.320007      -4.10727637E-07
   272.434998      -4.14070456E-07
   272.549988      -4.17293478E-07
   272.665009      -4.20396873E-07
   272.779999      -4.23380726E-07
   272.894989      -4.26245293E-07
   273.010010      -4.28990774E-07
   273.125000      -4.31617394E-07
   273.239990      -4.34125411E-07
   273.355011      -4.36514995E-07
   273.470001      -4.38786316E-07
   273.584991      -4.40939431E-07
   273.700012      -4.42974340E-07
   273.815002      -4.44891043E-07
   273.929993      -4.46689342E-07
   274.045013      -4.48369065E-07
   274.160004      -4.49929956E-07
   274.274994      -4.51371704E-07
   274.390015      -4.52693968E-07
   274.505005      -4.53896348E-07
   274.619995      -4.54978533E-07
   274.734985      -4.55940125E-07
   274.850006      -4.56780782E-07
   274.964996      -4.57500192E-07
   275.079987      -4.58098015E-07
   275.195007      -4.58574021E-07
   275.309998      -4.58928014E-07
   275.424988      -4.59159793E-07
   275.540009      -4.59269359E-07
   275.654999      -4.59256654E-07
   275.769989      -4.59121736E-07
   275.885010      -4.58864804E-07
   276.000000      -4.58486255E-07
   276.114990      -4.57986488E-07
   276.230011      -4.57366184E-07
   276.345001      -4.56626140E-07
   276.459991      -4.55767236E-07
   276.575012      -4.54790523E-07
   276.690002      -4.53697169E-07
   276.804993      -4.52488308E-07
   276.920013      -4.51165135E-07
   277.035004      -4.49728901E-07
   277.149994      -4.48180685E-07
   277.265015      -4.46521653E-07
   277.380005      -4.44752800E-07
   277.494995      -4.42875177E-07
   277.609985      -4.40889778E-07
   277.725006      -4.38797571E-07
   277.839996      -4.36599493E-07
   277.954987      -4.34296538E-07
   278.070007      -4.31889674E-07
   278.184998      -4.29379867E-07
   278.299988      -4.26768054E-07
   278.415009      -4.24055173E-07
   278.529999      -4.21242163E-07
   278.644989      -4.18329847E-07
   278.760010      -4.15319107E-07
   278.875000      -4.12210710E-07
   278.989990      -4.09005480E-07
   279.105011      -4.05704213E-07
   279.220001      -4.02307705E-07
   279.334991      -3.98816780E-07
   279.450012      -3.95232348E-07
   279.565002      -3.91555318E-07
   279.679993      -3.87786741E-07
   279.795013      -3.83927699E-07
   279.910004      -3.79979383E-07
   280.024994      -3.75943131E-07
   280.140015      -3.71820249E-07
   280.255005      -3.67612188E-07
   280.369995      -3.63320396E-07
   280.484985      -3.58946494E-07
   280.600006      -3.54491931E-07
   280.714996      -3.49958384E-07
   280.829987      -3.45347388E-07
   280.945007      -3.40660677E-07
   281.059998      -3.35899870E-07
   281.174988      -3.31066701E-07
   281.290009      -3.26162905E-07
   281.404999      -3.21190186E-07
   281.519989      -3.16150334E-07
   281.635010      -3.11045085E-07
   281.750000      -3.05876085E-07
   281.864990      -3.00645041E-07
   281.980011      -2.95353431E-07
   282.095001      -2.90002731E-07
   282.209991      -2.84594279E-07
   282.325012      -2.79129324E-07
   282.440002      -2.73609118E-07
   282.554993      -2.68034825E-07
   282.670013      -2.62407525E-07
   282.785004      -2.56728413E-07
   282.899994      -2.50998653E-07
   283.015015      -2.45219468E-07
   283.130005      -2.39392136E-07
   283.244995      -2.33517952E-07
   283.359985      -2.27598321E-07
   283.475006      -2.21634622E-07
   283.589996      -2.15628305E-07
   283.704987      -2.09580918E-07
   283.820007      -2.03493997E-07
   283.934998      -1.97369175E-07
   284.049988      -1.91208159E-07
   284.165009      -1.85012723E-07
   284.279999      -1.78784759E-07
   284.394989      -1.72526271E-07
   284.510010      -1.66239374E-07
   284.625000      -1.59926316E-07
   284.739990      -1.53589482E-07
   284.855011      -1.47231347E-07
   284.970001      -1.40854468E-07
   285.084991      -1.34461445E-07
   285.200012      -1.28054907E-07
   285.315002      -1.21637441E-07
   285.429993      -1.15211556E-07
   285.545013      -1.08779666E-07
   285.660004      -1.02344011E-07
   285.774994      -9.59067137E-08
   285.890015      -8.94697436E-08
   286.005005      -8.30349265E-08
   286.119995      -7.66039392E-08
   286.234985      -7.01783449E-08
   286.350006      -6.37596429E-08
   286.464996      -5.73492329E-08
   286.579987      -5.09484472E-08
   286.695007      -4.45585684E-08
   286.809998      -3.81808185E-08
   286.924988      -3.18163558E-08
   287.040009      -2.54662940E-08
   287.154999      -1.91316900E-08
   287.269989      -1.28135627E-08
   287.385010      -6.51290133E-09
   287.500000      -2.30684249E-10
   287.614990       6.03211392E-09
   287.730011       1.22745041E-08
   287.845001       1.84954896E-08
   287.959991       2.46940530E-08
   288.075012       3.08691526E-08
   288.190002       3.70197384E-08
   288.304993       4.31447482E-08
   288.420013       4.92431234E-08
   288.535004       5.53138122E-08
   288.649994       6.13557560E-08
   288.765015       6.73679068E-08
   288.880005       7.33491845E-08
   288.994995       7.92985375E-08
   289.109985       8.52148787E-08
   289.225006       9.10970783E-08
   289.339996       9.69439853E-08
   289.454987       1.02754377E-07
   289.570007       1.08526969E-07
   289.684998       1.14260416E-07
   289.799988       1.19953285E-07
   289.915009       1.25604032E-07
   290.029999       1.31211038E-07
   290.144989       1.36772599E-07
   290.260010       1.42286936E-07
   290.375000       1.47752175E-07
   290.489990       1.53166425E-07
   290.605011       1.58527712E-07
   290.720001       1.63834073E-07
   290.834991       1.69083478E-07
   290.950012       1.74273950E-07
   291.065002       1.79403457E-07
   291.179993       1.84470025E-07
   291.295013       1.89471734E-07
   291.410004       1.94406695E-07
   291.524994       1.99273146E-07
   291.640015       2.04069451E-07
   291.755005       2.08794148E-07
   291.869995       2.13445972E-07
   291.984985       2.18023843E-07
   292.100006       2.22526950E-07
   292.214996       2.26954654E-07
   292.329987       2.31306501E-07
   292.445007       2.35582263E-07
   292.559998       2.39781798E-07
   292.674988       2.43905106E-07
   292.790009       2.47952244E-07
   292.904999       2.51923325E-07
   293.019989       2.55818463E-07
   293.135010       2.59637858E-07
   293.250000       2.63381622E-07
   293.364990       2.67049842E-07
   293.480011       2.70642659E-07
   293.595001       2.74160016E-07
   293.709991       2.77601913E-07
   293.825012       2.80968209E-07
   293.940002       2.84258761E-07
   294.054993       2.87473313E-07
   294.170013       2.90611496E-07
   294.285004       2.93672997E-07
   294.399994       2.96657305E-07
   294.515015       2.99563965E-07
   294.630005       3.02392465E-07
   294.744995       3.05142208E-07
   294.859985       3.07812570E-07
   294.975006       3.10402953E-07
   295.089996       3.12912647E-07
   295.204987       3.15340969E-07
   295.320007       3.17687125E-07
   295.434998       3.19950402E-07
   295.549988       3.22129978E-07
   295.665009       3.24225027E-07
   295.779999       3.26234698E-07
   295.894989       3.28158137E-07
   296.010010       3.29994521E-07
   296.125000       3.31743053E-07
   296.239990       3.33402937E-07
   296.355011       3.34973492E-07
   296.470001       3.36454178E-07
   296.584991       3.37844540E-07
   296.700012       3.39144350E-07
   296.815002       3.40353409E-07
   296.929993       3.41471861E-07
   297.045013       3.42499845E-07
   297.160004       3.43437677E-07
   297.274994       3.44285695E-07
   297.390015       3.45044327E-07
   297.505005       3.45713886E-07
   297.619995       3.46294655E-07
   297.734985       3.46786834E-07
   297.850006       3.47190479E-07
   297.964996       3.47505534E-07
   298.079987       3.47731827E-07
   298.195007       3.47869161E-07
   298.309998       3.47917194E-07
   298.424988       3.47875641E-07
   298.540009       3.47744276E-07
   298.654999       3.47522786E-07
   298.769989       3.47211056E-07
   298.885010       3.46808946E-07
   299.000000       3.46316483E-07
   299.114990       3.45733810E-07
   299.230011       3.45061125E-07
   299.345001       3.44298854E-07
   299.459991       3.43447397E-07
   299.575012       3.42507349E-07
   299.690002       3.41479449E-07
   299.804993       3.40364466E-07
   299.920013       3.39163307E-07
   300.035004       3.37876997E-07
   300.149994       3.36506560E-07
   300.265015       3.35053244E-07
   300.380005       3.33518187E-07
   300.494995       3.31902669E-07
   300.609985       3.30207996E-07
   300.725006       3.28435476E-07
   300.839996       3.26586303E-07
   300.954987       3.24661727E-07
   301.070007       3.22662942E-07
   301.184998       3.20591028E-07
   301.299988       3.18447036E-07
   301.415009       3.16231933E-07
   301.529999       3.13946600E-07
   301.644989       3.11591918E-07
   301.760010       3.09168712E-07
   301.875000       3.06677748E-07
   301.989990       3.04119794E-07
   302.105011       3.01495561E-07
   302.220001       2.98805787E-07
   302.334991       2.96051127E-07
   302.450012       2.93232205E-07
   302.565002       2.90349675E-07
   302.679993       2.87404021E-07
   302.795013       2.84395838E-07
   302.910004       2.81325612E-07
   303.024994       2.78193909E-07
   303.140015       2.75001270E-07
   303.255005       2.71748291E-07
   303.369995       2.68435656E-07
   303.484985       2.65064131E-07
   303.600006       2.61634653E-07
   303.714996       2.58148134E-07
   303.829987       2.54605652E-07
   303.945007       2.51008430E-07
   304.059998       2.47357718E-07
   304.174988       2.43654824E-07
   304.290009       2.39901169E-07
   304.404999       2.36098160E-07
   304.519989       2.32247217E-07
   304.635010       2.28349791E-07
   304.750000       2.24407316E-07
   304.864990       2.20421200E-07
   304.980011       2.16392806E-07
   305.095001       2.12323570E-07
   305.209991       2.08214828E-07
   305.325012       2.04067959E-07
   305.440002       1.99884340E-07
   305.554993       1.95665351E-07
   305.670013       1.91412354E-07
   305.785004       1.87126730E-07
   305.899994       1.82809856E-07
   306.015015       1.78463040E-07
   306.130005       1.74087603E-07
   306.244995       1.69684796E-07
   306.359985       1.65255869E-07
   306.475006       1.60802003E-07
   306.589996       1.56324433E-07
   306.704987       1.51824338E-07
   306.820007       1.47302941E-07
   306.934998       1.42761522E-07
   307.049988       1.38201372E-07
   307.165009       1.33623857E-07
   307.279999       1.29030369E-07
   307.394989       1.24422371E-07
   307.510010       1.19801371E-07
   307.625000       1.15168888E-07
   307.739990       1.10526486E-07
   307.855011       1.05875706E-07
   307.970001       1.01218106E-07
   308.084991       9.65551905E-08
   308.200012       9.18884382E-08
   308.315002       8.72192345E-08
   308.429993       8.25489082E-08
   308.545013       7.78786671E-08
   308.660004       7.32096197E-08
   308.774994       6.85427750E-08
   308.890015       6.38790496E-08
   309.005005       5.92192286E-08
   309.119995       5.45640617E-08
   309.234985       4.99142203E-08
   309.350006       4.52703297E-08
   309.464996       4.06329903E-08
   309.579987       3.60027954E-08
   309.695007       3.13803099E-08
   309.809998       2.67661129E-08
   309.924988       2.21607710E-08
   310.040009       1.75648456E-08
   310.154999       1.29789104E-08
   310.269989       8.40354097E-09
   310.385010       3.83932486E-09
