   0.00000000       0.00000000    
  0.115000002       0.00000000    
  0.230000004       0.00000000    
  0.344999999       0.00000000    
  0.460000008       0.00000000    
  0.574999988       0.00000000    
  0.689999998       9.39345712E-39
  0.805000007      -1.44287573E-36
  0.920000017      -1.64490259E-35
   1.03499997      -6.72632963E-35
   1.14999998       9.32460679E-36
   1.26499999       1.75507331E-33
   1.38000000       1.25831263E-32
   1.49500000       5.86802666E-32
   1.61000001       2.15478529E-31
   1.72500002       6.69101118E-31
   1.84000003       1.82422975E-30
   1.95500004       4.47021092E-30
   2.06999993       1.00042446E-29
   2.18499994       2.06858403E-29
   2.29999995       3.98605718E-29
   2.41499996       7.20469207E-29
   2.52999997       1.22732534E-28
   2.64499998       1.97682878E-28
   2.75999999       3.01532692E-28
   2.87500000       4.35424160E-28
   2.99000001       5.93508342E-28
   3.10500002       7.58302608E-28
   3.22000003       8.95298579E-28
   3.33500004       9.47980082E-28
   3.45000005       8.35637314E-28
   3.56500006       4.58018256E-28
   3.68000007      -2.87358714E-28
   3.79500008      -1.46827131E-27
   3.91000009      -3.05502640E-27
   4.02500010      -4.83002469E-27
   4.13999987      -6.27741034E-27
   4.25500011      -6.47651491E-27
   4.36999989      -4.04400915E-27
   4.48500013       2.80742153E-27
   4.59999990       1.60092095E-26
   4.71500015       3.70918761E-26
   4.82999992       6.63024649E-26
   4.94500017       1.01407595E-25
   5.05999994       1.36330412E-25
   5.17500019       1.59938344E-25
   5.28999996       1.55483843E-25
   5.40500021       1.01355955E-25
   5.51999998      -2.61460582E-26
   5.63500023      -2.47432115E-25
   5.75000000      -5.71430280E-25
   5.86499977      -9.85062347E-25
   5.98000002      -1.44181557E-24
   6.09499979      -1.85195155E-24
   6.21000004      -2.07795468E-24
   6.32499981      -1.93949046E-24
   6.44000006      -1.23207550E-24
   6.55499983       2.37564254E-25
   6.67000008       2.59902729E-24
   6.78499985       5.85223405E-24
   6.90000010       9.79649518E-24
   7.01499987       1.39686172E-23
   7.13000011       1.76085445E-23
   7.24499989       1.96733090E-23
   7.36000013       1.89185821E-23
   7.47499990       1.40605763E-23
   7.59000015       4.01905856E-24
   7.70499992      -1.17749828E-23
   7.82000017      -3.30439697E-23
   7.93499994      -5.83579418E-23
   8.05000019      -8.49319773E-23
   8.16499996      -1.08607100E-22
   8.27999973      -1.24087480E-22
   8.39500046      -1.25482022E-22
   8.51000023      -1.07154435E-22
   8.62500000      -6.48272008E-23
   8.73999977       3.18377122E-24
   8.85499954       9.47932372E-23
   8.97000027       2.03269652E-22
   9.08500004       3.16917737E-22
   9.19999981       4.19557604E-22
   9.31499958       4.91961580E-22
   9.43000031       5.14280462E-22
   9.54500008       4.69317460E-22
   9.65999985       3.46310392E-22
   9.77499962       1.44688437E-22
   9.89000034      -1.22875183E-22
   10.0050001      -4.28865834E-22
   10.1199999      -7.31481410E-22
   10.2349997      -9.77849158E-22
   10.3500004      -1.11008396E-21
   10.4650002      -1.07392217E-21
   10.5799999      -8.29132191E-22
   10.6949997      -3.60398917E-22
   10.8100004       3.13064057E-22
   10.9250002       1.13115788E-21
   11.0400000       1.99174913E-21
   11.1549997       2.75632171E-21
   11.2700005       3.26330284E-21
   11.3850002       3.34890634E-21
   11.5000000       2.87408670E-21
   11.6149998       1.75484610E-21
   11.7299995      -8.06388842E-24
   11.8450003      -2.30491575E-21
   11.9600000      -4.90342449E-21
   12.0749998      -7.45071628E-21
   12.1899996      -9.49453982E-21
   12.3050003      -1.05254637E-20
   12.4200001      -1.00392496E-20
   12.5349998      -7.61545527E-21
   12.6499996      -3.00521038E-21
   12.7650003       3.78187703E-21
   12.8800001       1.24037260E-20
   12.9949999       2.21378687E-20
   13.1099997       3.18723353E-20
   13.2250004       4.01458022E-20
   13.3400002       4.52439652E-20
   13.4549999       4.53533533E-20
   13.5699997       3.87677516E-20
   13.6850004       2.41351318E-20
   13.8000002       7.25980588E-22
   13.9150000      -3.13025565E-20
   14.0299997      -7.06767672E-20
   14.1450005      -1.14843197E-19
   14.2600002      -1.59906097E-19
   14.3750000      -2.00693882E-19
   14.4899998      -2.30979407E-19
   14.6049995      -2.43866803E-19
   14.7200003      -2.32348468E-19
   14.8350000      -1.90016479E-19
   14.9499998      -1.11901006E-19
   15.0649996       4.61332764E-21
   15.1800003       1.58860050E-19
   15.2950001       3.46031674E-19
   15.4099998       5.56491341E-19
   15.5249996       7.75359763E-19
   15.6400003       9.82491734E-19
   15.7550001       1.15294884E-18
   15.8699999       1.25806737E-18
   15.9849997       1.26718466E-18
   16.1000004       1.15005257E-18
   16.2150002       8.79906863E-19
   16.3299999       4.37093609E-19
   16.4449997      -1.86942237E-19
   16.5599995      -9.85565537E-19
   16.6749992      -1.93315025E-18
   16.7900009      -2.98200431E-18
   16.9050007      -4.06054443E-18
   17.0200005      -5.07328026E-18
   17.1350002      -5.90311240E-18
   17.2500000      -6.41640072E-18
   17.3649998      -6.47112740E-18
   17.4799995      -5.92816439E-18
   17.5949993      -4.66548105E-18
   17.7099991      -2.59468091E-18
   17.8250008       3.21152640E-19
   17.9400005       4.04961365E-18
   18.0550003       8.47297562E-18
   18.1700001       1.33760109E-17
   18.2849998       1.84398924E-17
   18.3999996       2.32442864E-17
   18.5149994       2.72795745E-17
   18.6299992       2.99705800E-17
   18.7450008       3.07124419E-17
   18.8600006       2.89181912E-17
   18.9750004       2.40764963E-17
   19.0900002       1.58165106E-17
   19.2049999       3.97565419E-18
   19.3199997      -1.13353059E-17
   19.4349995      -2.96763618E-17
   19.5499992      -5.02386193E-17
   19.6650009      -7.18281557E-17
   19.7800007      -9.28797302E-17
   19.8950005      -1.11505839E-16
   20.0100002      -1.25584109E-16
   20.1250000      -1.32883601E-16
   20.2399998      -1.31227082E-16
   20.3549995      -1.18683040E-16
   20.4699993      -9.37770558E-17
   20.5849991      -5.57083445E-17
   20.7000008      -4.55526750E-18
   20.8150005       5.85502988E-17
   20.9300003       1.31299040E-16
   21.0450001       2.10151058E-16
   21.1599998       2.90370729E-16
   21.2749996       3.66163079E-16
   21.3899994       4.30919568E-16
   21.5049992       4.77573534E-16
   21.6200008       4.99056831E-16
   21.7350006       4.88840237E-16
   21.8500004       4.41529635E-16
   21.9650002       3.53481143E-16
   22.0799999       2.23391546E-16
   22.1949997       5.28135267E-17
   22.3099995      -1.53457025E-16
   22.4249992      -3.87172196E-16
   22.5400009      -6.36648174E-16
   22.6550007      -8.87041596E-16
   22.7700005      -1.12090813E-15
   22.8850002      -1.31904576E-15
   23.0000000      -1.46160596E-15
   23.1149998      -1.52942831E-15
   23.2299995      -1.50553521E-15
   23.3449993      -1.37669853E-15
   23.4599991      -1.13497036E-15
   23.5750008      -7.79059083E-16
   23.6900005      -3.15425011E-16
   23.8050003       2.41022431E-16
   23.9200001       8.66743616E-16
   24.0349998       1.52997782E-15
   24.1499996       2.19179643E-15
   24.2649994       2.80781893E-15
   24.3799992       3.33053418E-15
   24.4950008       3.71215408E-15
   24.6100006       3.90784961E-15
   24.7250004       3.87918728E-15
   24.8400002       3.59754247E-15
   24.9549999       3.04724486E-15
   25.0699997       2.22820424E-15
   25.1849995       1.15777418E-15
   25.2999992      -1.28347038E-16
   25.4150009      -1.57636442E-15
   25.5300007      -3.11584458E-15
   25.6450005      -4.66242933E-15
   25.7600002      -6.12172014E-15
   25.8750000      -7.39418258E-15
   25.9899998      -8.38082435E-15
   26.1049995      -8.98935061E-15
   26.2199993      -9.14041470E-15
   26.3349991      -8.77357235E-15
   26.4500008      -7.85256971E-15
   26.5650005      -6.36953106E-15
   26.6800003      -4.34777904E-15
   26.7950001      -1.84300690E-15
   26.9099998       1.05734265E-15
   27.0249996       4.23654709E-15
   27.1399994       7.55283694E-15
   27.2549992       1.08452320E-14
   27.3700008       1.39406978E-14
   27.4850006       1.66622460E-14
   27.6000004       1.88375757E-14
   27.7150002       2.03077911E-14
   27.8299999       2.09357678E-14
   27.9449997       2.06137055E-14
   28.0599995       1.92695540E-14
   28.1749992       1.68719680E-14
   28.2900009       1.34336198E-14
   28.4050007       9.01279394E-15
   28.5200005       3.71312817E-15
   28.6350002      -2.31820826E-15
   28.7500000      -8.89399079E-15
   28.8649998      -1.57917451E-14
   28.9799995      -2.27596889E-14
   29.0949993      -2.95236519E-14
   29.2099991      -3.57947450E-14
   29.3250008      -4.12776197E-14
   29.4400005      -4.56792705E-14
   29.5550003      -4.87182214E-14
   29.6700001      -5.01341353E-14
   29.7849998      -4.96977574E-14
   29.8999996      -4.72212499E-14
   30.0149994      -4.25686809E-14
   30.1299992      -3.56666567E-14
   30.2450008      -2.65147418E-14
   30.3600006      -1.51952950E-14
   30.4750004      -1.88219445E-15
   30.5900002       1.31521736E-14
   30.7049999       2.95324847E-14
   30.8199997       4.67793969E-14
   30.9349995       6.43127180E-14
   31.0499992       8.14595854E-14
   31.1650009       9.74684336E-14
   31.2800007       1.11529133E-13
   31.3950005       1.22799530E-13
   31.5100002       1.30438181E-13
   31.6250000       1.33642731E-13
   31.7399998       1.31692698E-13
   31.8549995       1.23995351E-13
   31.9699993       1.10132328E-13
   32.0849991       8.99049105E-14
   32.2000008       6.33750187E-14
   32.3149986       3.08991792E-14
   32.4300003      -6.84770784E-15
   32.5449982      -4.88611633E-14
   32.6599998      -9.38113926E-14
   32.7750015      -1.40064501E-13
   32.8899994      -1.85722016E-13
   33.0050011      -2.28679163E-13
   33.1199989      -2.66700860E-13
   33.2350006      -2.97513804E-13
   33.3499985      -3.18912106E-13
   33.4650002      -3.28871668E-13
   33.5800018      -3.25669396E-13
   33.6949997      -3.08000533E-13
   33.8100014      -2.75088844E-13
   33.9249992      -2.26782094E-13
   34.0400009      -1.63627019E-13
   34.1549988      -8.69171949E-14
   34.2700005       1.29092448E-15
   34.3849983       9.81983795E-14
   34.5000000       2.00322926E-13
   34.6150017       3.03597940E-13
   34.7299995       4.03509691E-13
   34.8450012       4.95269732E-13
   34.9599991       5.74016854E-13
   35.0750008       6.35041119E-13
   35.1899986       6.74020627E-13
   35.3050003       6.87259874E-13
   35.4199982       6.71918575E-13
   35.5349998       6.26218153E-13
   35.6500015       5.49613903E-13
   35.7649994       4.42921361E-13
   35.8800011       3.08387783E-13
   35.9949989       1.49700442E-13
   36.1100006      -2.80727895E-14
   36.2249985      -2.18612820E-13
   36.3400002      -4.14547249E-13
   36.4550018      -6.07710768E-13
   36.5699997      -7.89461270E-13
   36.6850014      -9.51038293E-13
   36.7999992      -1.08395053E-12
   36.9150009      -1.18037535E-12
   37.0299988      -1.23355167E-12
   37.1450005      -1.23814934E-12
   37.2599983      -1.19059450E-12
   37.3750000      -1.08933533E-12
   37.4900017      -9.35032867E-13
   37.6049995      -7.30663956E-13
   37.7200012      -4.81530614E-13
   37.8349991      -1.95166528E-13
   37.9500008       1.18854430E-13
   38.0649986       4.49206996E-13
   38.1800003       7.83189757E-13
   38.2949982       1.10717663E-12
   38.4099998       1.40712604E-12
   38.5250015       1.66913152E-12
   38.6399994       1.87999095E-12
   38.7550011       2.02777313E-12
   38.8699989       2.10236255E-12
   38.9850006       2.09595297E-12
   39.0999985       2.00347876E-12
   39.2150002       1.82295910E-12
   39.3300018       1.55574414E-12
   39.4449997       1.20664557E-12
   39.5600014       7.83949078E-13
   39.6749992       2.99298509E-13
   39.7900009      -2.32545943E-13
   39.9049988      -7.94073357E-13
   40.0200005      -1.36550504E-12
   40.1349983      -1.92538303E-12
   40.2500000      -2.45125166E-12
   40.3650017      -2.92041218E-12
   40.4799995      -3.31073103E-12
   40.5950012      -3.60147849E-12
   40.7099991      -3.77417325E-12
   40.8250008      -3.81340012E-12
   40.9399986      -3.70758025E-12
   41.0550003      -3.44965983E-12
   41.1699982      -3.03768902E-12
   41.2849998      -2.47526001E-12
   41.4000015      -1.77178888E-12
   41.5149994      -9.42605802E-13
   41.6300011      -8.84537533E-15
   41.7449989       1.00287931E-12
   41.8600006       2.06102778E-12
   41.9749985       3.12989977E-12
   42.0900002       4.17061524E-12
   42.2050018       5.14228850E-12
   42.3199997       6.00336317E-12
   42.4350014       6.71307801E-12
   42.5499992       7.23301540E-12
   42.6650009       7.52867994E-12
   42.7799988       7.57105576E-12
   42.8950005       7.33807719E-12
   43.0099983       6.81594538E-12
   43.1250000       6.00023980E-12
   43.2400017       4.89676745E-12
   43.3549995       3.52208670E-12
   43.4700012       1.90368142E-12
   43.5849991       7.97406032E-14
   43.7000008      -1.90146401E-12
   43.8149986      -3.98259854E-12
   43.9300003      -6.09869100E-12
   44.0449982      -8.17890113E-12
   44.1599998      -1.01486137E-11
   44.2750015      -1.19317820E-11
   44.3899994      -1.34534493E-11
   44.5050011      -1.46423706E-11
   44.6199989      -1.54336457E-11
   44.7350006      -1.57712645E-11
   44.8499985      -1.56104817E-11
   44.9650002      -1.49199160E-11
   45.0800018      -1.36833175E-11
   45.1949997      -1.19009039E-11
   45.3100014      -9.59022445E-12
   45.4249992      -6.78649715E-12
   45.5400009      -3.54241007E-12
   45.6549988       7.26521436E-14
   45.7700005       3.97391668E-12
   45.8849983       8.06305717E-12
   46.0000000       1.22305100E-11
   46.1150017       1.63581995E-11
   46.2299995       2.03226151E-11
   46.3450012       2.39981437E-11
   46.4599991       2.72605584E-11
   46.5750008       2.99905829E-11
   46.6899986       3.20773998E-11
   46.8050003       3.34220117E-11
   46.9199982       3.39403609E-11
   47.0349998       3.35660701E-11
   47.1500015       3.22527734E-11
   47.2649994       2.99759002E-11
   47.3800011       2.67338651E-11
   47.4949989       2.25486591E-11
   47.6100006       1.74657112E-11
   47.7249985       1.15531005E-11
   47.8400002       4.90006907E-12
   47.9550018      -2.38510795E-12
   48.0699997      -1.01778551E-11
   48.1850014      -1.83405773E-11
   48.2999992      -2.67263711E-11
   48.4150009      -3.51830717E-11
   48.5299988      -4.35575187E-11
   48.6450005      -5.16999117E-11
   48.7599983      -5.94680971E-11
   48.8750000      -6.67316410E-11
   48.9900017      -7.33756042E-11
   49.1049995      -7.93038205E-11
   49.2200012      -8.44415371E-11
   49.3349991      -8.87374826E-11
   49.4500008      -9.21650395E-11
   49.5649986      -9.47226880E-11
   49.6800003      -9.64335972E-11
   49.7949982      -9.73443340E-11
   49.9099998      -9.75228717E-11
   50.0250015      -9.70558009E-11
   50.1399994      -9.60449983E-11
   50.2550011      -9.46037554E-11
   50.3699989      -9.28525451E-11
   50.4850006      -9.09146508E-11
   50.5999985      -8.89117252E-11
   50.7150002      -8.69594674E-11
   50.8300018      -8.51636331E-11
   50.9449997      -8.36163846E-11
   51.0600014      -8.23933005E-11
   51.1749992      -8.15509257E-11
   51.2900009      -8.11251066E-11
   51.4049988      -8.11300263E-11
   51.5200005      -8.15580728E-11
   51.6349983      -8.23803248E-11
   51.7500000      -8.35478492E-11
   51.8650017      -8.49935677E-11
   51.9799995      -8.66345815E-11
   52.0950012      -8.83749809E-11
   52.2099991      -9.01089411E-11
   52.3250008      -9.17238716E-11
   52.4399986      -9.31037331E-11
   52.5550003      -9.41322020E-11
   52.6699982      -9.46956957E-11
   52.7849998      -9.46860784E-11
   52.9000015      -9.40030415E-11
   53.0149994      -9.25561294E-11
   53.1300011      -9.02662667E-11
   53.2449989      -8.70669647E-11
   53.3600006      -8.29048705E-11
   53.4749985      -7.77400852E-11
   53.5900002      -7.15460607E-11
   53.7050018      -6.43089609E-11
   53.8199997      -5.60269470E-11
   53.9350014      -4.67090672E-11
   54.0499992      -3.63738206E-11
   54.1650009      -2.50479030E-11
   54.2799988      -1.27642341E-11
   54.3950005       4.39476174E-13
   54.5099983       1.45227285E-11
   54.6250000       2.94438952E-11
   54.7400017       4.51621865E-11
   54.8549995       6.16391937E-11
   54.9700012       7.88408019E-11
   55.0849991       9.67387420E-11
   55.2000008       1.15312031E-10
   55.3149986       1.34548331E-10
   55.4300003       1.54445109E-10
   55.5449982       1.75010562E-10
   55.6599998       1.96264241E-10
   55.7750015       2.18237359E-10
   55.8899994       2.40972908E-10
   56.0050011       2.64525291E-10
   56.1199989       2.88959495E-10
   56.2350006       3.14350157E-10
   56.3499985       3.40779932E-10
   56.4650002       3.68337555E-10
   56.5800018       3.97115785E-10
   56.6949997       4.27208657E-10
   56.8100014       4.58708654E-10
   56.9249992       4.91703622E-10
   57.0400009       5.26273691E-10
   57.1549988       5.62487945E-10
   57.2700005       6.00401229E-10
   57.3849983       6.40050901E-10
   57.5000000       6.81454504E-10
   57.6150017       7.24607041E-10
   57.7299995       7.69478981E-10
   57.8450012       8.16014978E-10
   57.9599991       8.64132932E-10
   58.0750008       9.13723708E-10
   58.1899986       9.64652136E-10
   58.3050003       1.01675757E-09
   58.4199982       1.06985654E-09
   58.5349998       1.12374499E-09
   58.6500015       1.17820131E-09
   58.7649994       1.23299060E-09
   58.8800011       1.28786848E-09
   58.9949989       1.34258538E-09
   59.1100006       1.39689116E-09
   59.2249985       1.45053980E-09
   59.3400002       1.50329349E-09
   59.4550018       1.55492696E-09
   59.5699997       1.60523117E-09
   59.6850014       1.65401548E-09
   59.7999992       1.70111114E-09
   59.9150009       1.74637227E-09
   60.0299988       1.78967674E-09
   60.1450005       1.83092630E-09
   60.2599983       1.87004545E-09
   60.3750000       1.90697946E-09
   60.4900017       1.94169303E-09
   60.6049995       1.97416683E-09
   60.7200012       2.00439310E-09
   60.8349991       2.03237271E-09
   60.9500008       2.05811079E-09
   61.0649986       2.08161177E-09
   61.1800003       2.10287654E-09
   61.2949982       2.12189621E-09
   61.4099998       2.13865059E-09
   61.5250015       2.15310325E-09
   61.6399994       2.16520002E-09
   61.7550011       2.17486673E-09
   61.8699989       2.18200813E-09
   61.9850006       2.18650675E-09
   62.0999985       2.18822427E-09
   62.2150002       2.18700369E-09
   62.3300018       2.18266916E-09
   62.4449997       2.17503282E-09
   62.5600014       2.16389506E-09
   62.6749992       2.14905183E-09
   62.7900009       2.13029838E-09
   62.9049988       2.10743578E-09
   63.0200005       2.08027684E-09
   63.1349983       2.04865147E-09
   63.2500000       2.01241424E-09
   63.3650017       1.97144945E-09
   63.4799995       1.92567651E-09
   63.5950012       1.87505589E-09
   63.7099991       1.81959281E-09
   63.8250008       1.75933978E-09
   63.9399986       1.69440006E-09
   64.0550003       1.62492864E-09
   64.1699982       1.55112989E-09
   64.2850037       1.47325696E-09
   64.4000015       1.39160827E-09
   64.5149994       1.30652289E-09
   64.6299973       1.21837196E-09
   64.7450027       1.12755216E-09
   64.8600006       1.03447528E-09
   64.9749985       9.39558209E-10
   65.0899963       8.43210446E-10
   65.2050018       7.45822404E-10
   65.3199997       6.47752851E-10
   65.4349976       5.49315760E-10
   65.5500031       4.50766896E-10
   65.6650009       3.52294000E-10
   65.7799988       2.54001903E-10
   65.8949966       1.55906565E-10
   66.0100021       5.79242591E-11
   66.1250000      -4.01360022E-11
   66.2399979      -1.38575221E-10
   66.3550034      -2.37809300E-10
   66.4700012      -3.38369888E-10
   66.5849991      -4.40902204E-10
   66.6999969      -5.46162005E-10
   66.8150024      -6.55009713E-10
   66.9300003      -7.68402897E-10
   67.0449982      -8.87388107E-10
   67.1600037      -1.01308628E-09
   67.2750015      -1.14668419E-09
   67.3899994      -1.28941746E-09
   67.5049973      -1.44255496E-09
   67.6200027      -1.60738456E-09
   67.7350006      -1.78519555E-09
   67.8499985      -1.97726124E-09
   67.9649963      -2.18482210E-09
   68.0800018      -2.40906894E-09
   68.1949997      -2.65112576E-09
   68.3099976      -2.91203062E-09
   68.4250031      -3.19272631E-09
   68.5400009      -3.49404017E-09
   68.6549988      -3.81667409E-09
   68.7699966      -4.16119317E-09
   68.8850021      -4.52801086E-09
   69.0000000      -4.91738472E-09
   69.1149979      -5.32941025E-09
   69.2300034      -5.76401593E-09
   69.3450012      -6.22095797E-09
   69.4599991      -6.69982692E-09
   69.5749969      -7.20004767E-09
   69.6900024      -7.72088526E-09
   69.8050003      -8.26145552E-09
   69.9199982      -8.82073348E-09
   70.0350037      -9.39757072E-09
   70.1500015      -9.99070426E-09
   70.2649994      -1.05987787E-08
   70.3799973      -1.12203677E-08
   70.4950027      -1.18539889E-08
   70.6100006      -1.24981314E-08
   70.7249985      -1.31512676E-08
   70.8399963      -1.38118930E-08
   70.9550018      -1.44785295E-08
   71.0699997      -1.51497677E-08
   71.1849976      -1.58242681E-08
   71.3000031      -1.65007989E-08
   71.4150009      -1.71782411E-08
   71.5299988      -1.78556174E-08
   71.6449966      -1.85321056E-08
   71.7600021      -1.92070342E-08
   71.8750000      -1.98799306E-08
   71.9899979      -2.05504946E-08
   72.1050034      -2.12186215E-08
   72.2200012      -2.18844072E-08
   72.3349991      -2.25481447E-08
   72.4499969      -2.32103208E-08
   72.5650024      -2.38716193E-08
   72.6800003      -2.45329161E-08
   72.7949982      -2.51952592E-08
   72.9100037      -2.58598654E-08
   73.0250015      -2.65281095E-08
   73.1399994      -2.72015104E-08
   73.2549973      -2.78817076E-08
   73.3700027      -2.85704491E-08
   73.4850006      -2.92695717E-08
   73.5999985      -2.99809741E-08
   73.7149963      -3.07066053E-08
   73.8300018      -3.14484438E-08
   73.9449997      -3.22084546E-08
   74.0599976      -3.29886021E-08
   74.1750031      -3.37907942E-08
   74.2900009      -3.46168925E-08
   74.4049988      -3.54686804E-08
   74.5199966      -3.63478456E-08
   74.6350021      -3.72559619E-08
   74.7500000      -3.81944822E-08
   74.8649979      -3.91647177E-08
   74.9800034      -4.01678442E-08
   75.0950012      -4.12048742E-08
   75.2099991      -4.22766568E-08
   75.3249969      -4.33838778E-08
   75.4400024      -4.45270594E-08
   75.5550003      -4.57065426E-08
   75.6699982      -4.69224979E-08
   75.7850037      -4.81749289E-08
   75.9000015      -4.94636723E-08
   76.0149994      -5.07884046E-08
   76.1299973      -5.21486214E-08
   76.2450027      -5.35436762E-08
   76.3600006      -5.49727659E-08
   76.4749985      -5.64349207E-08
   76.5899963      -5.79290642E-08
   76.7050018      -5.94539458E-08
   76.8199997      -6.10082154E-08
   76.9349976      -6.25903951E-08
   77.0500031      -6.41988933E-08
   77.1650009      -6.58320189E-08
   77.2799988      -6.74880098E-08
   77.3949966      -6.91650328E-08
   77.5100021      -7.08611836E-08
   77.6250000      -7.25745437E-08
   77.7399979      -7.43031521E-08
   77.8550034      -7.60450476E-08
   77.9700012      -7.77982976E-08
   78.0849991      -7.95609836E-08
   78.1999969      -8.13312369E-08
   78.3150024      -8.31072668E-08
   78.4300003      -8.48873469E-08
   78.5449982      -8.66698784E-08
   78.6600037      -8.84533549E-08
   78.7750015      -9.02364050E-08
   78.8899994      -9.20177996E-08
   79.0049973      -9.37964657E-08
   79.1200027      -9.55714654E-08
   79.2350006      -9.73420313E-08
   79.3499985      -9.91075737E-08
   79.4649963      -1.00867666E-07
   79.5800018      -1.02622039E-07
   79.6949997      -1.04370585E-07
   79.8099976      -1.06113340E-07
   79.9250031      -1.07850482E-07
   80.0400009      -1.09582352E-07
   80.1549988      -1.11309369E-07
   80.2699966      -1.13032094E-07
   80.3850021      -1.14751181E-07
   80.5000000      -1.16467348E-07
   80.6149979      -1.18181404E-07
   80.7300034      -1.19894196E-07
   80.8450012      -1.21606632E-07
   80.9599991      -1.23319637E-07
   81.0749969      -1.25034163E-07
   81.1900024      -1.26751161E-07
   81.3050003      -1.28471640E-07
   81.4199982      -1.30196540E-07
   81.5350037      -1.31926868E-07
   81.6500015      -1.33663576E-07
   81.7649994      -1.35407646E-07
   81.8799973      -1.37160072E-07
   81.9950027      -1.38921777E-07
   82.1100006      -1.40693743E-07
   82.2249985      -1.42476907E-07
   82.3399963      -1.44272263E-07
   82.4550018      -1.46080737E-07
   82.5699997      -1.47903336E-07
   82.6849976      -1.49740970E-07
   82.8000031      -1.51594620E-07
   82.9150009      -1.53465294E-07
   83.0299988      -1.55353902E-07
   83.1449966      -1.57261411E-07
   83.2600021      -1.59188730E-07
   83.3750000      -1.61136811E-07
   83.4899979      -1.63106492E-07
   83.6050034      -1.65098641E-07
   83.7200012      -1.67114024E-07
   83.8349991      -1.69153395E-07
   83.9499969      -1.71217451E-07
   84.0650024      -1.73306731E-07
   84.1800003      -1.75421789E-07
   84.2949982      -1.77563038E-07
   84.4100037      -1.79730776E-07
   84.5250015      -1.81925188E-07
   84.6399994      -1.84146401E-07
   84.7549973      -1.86394345E-07
   84.8700027      -1.88668835E-07
   84.9850006      -1.90969516E-07
   85.0999985      -1.93295918E-07
   85.2149963      -1.95647402E-07
   85.3300018      -1.98023145E-07
   85.4449997      -2.00422150E-07
   85.5599976      -2.02843268E-07
   85.6750031      -2.05285133E-07
   85.7900009      -2.07746240E-07
   85.9049988      -2.10224812E-07
   86.0199966      -2.12718987E-07
   86.1350021      -2.15226635E-07
   86.2500000      -2.17745480E-07
   86.3649979      -2.20273066E-07
   86.4800034      -2.22806747E-07
   86.5950012      -2.25343783E-07
   86.7099991      -2.27881259E-07
   86.8249969      -2.30416120E-07
   86.9400024      -2.32945254E-07
   87.0550003      -2.35465464E-07
   87.1699982      -2.37973467E-07
   87.2850037      -2.40465937E-07
   87.4000015      -2.42939564E-07
   87.5149994      -2.45391021E-07
   87.6299973      -2.47817013E-07
   87.7450027      -2.50214384E-07
   87.8600006      -2.52579895E-07
   87.9749985      -2.54910532E-07
   88.0899963      -2.57203368E-07
   88.2050018      -2.59455561E-07
   88.3199997      -2.61664411E-07
   88.4349976      -2.63827445E-07
   88.5500031      -2.65942248E-07
   88.6650009      -2.68006687E-07
   88.7799988      -2.70018717E-07
   88.8949966      -2.71976432E-07
   89.0100021      -2.73878129E-07
   89.1250000      -2.75722329E-07
   89.2399979      -2.77507525E-07
   89.3550034      -2.79232495E-07
   89.4700012      -2.80896131E-07
   89.5849991      -2.82497410E-07
   89.6999969      -2.84035394E-07
   89.8150024      -2.85509230E-07
   89.9300003      -2.86918180E-07
   90.0449982      -2.88261532E-07
   90.1600037      -2.89538576E-07
   90.2750015      -2.90748659E-07
   90.3899994      -2.91891183E-07
   90.5049973      -2.92965410E-07
   90.6200027      -2.93970658E-07
   90.7350006      -2.94906243E-07
   90.8499985      -2.95771287E-07
   90.9649963      -2.96564963E-07
   91.0800018      -2.97286363E-07
   91.1949997      -2.97934463E-07
   91.3099976      -2.98508127E-07
   91.4250031      -2.99006246E-07
   91.5400009      -2.99427541E-07
   91.6549988      -2.99770676E-07
   91.7699966      -3.00034202E-07
   91.8850021      -3.00216669E-07
   92.0000000      -3.00316515E-07
   92.1149979      -3.00332061E-07
   92.2300034      -3.00261689E-07
   92.3450012      -3.00103693E-07
   92.4599991      -2.99856310E-07
   92.5749969      -2.99517723E-07
   92.6900024      -2.99086196E-07
   92.8050003      -2.98559911E-07
   92.9199982      -2.97937106E-07
   93.0350037      -2.97215990E-07
   93.1500015      -2.96394802E-07
   93.2649994      -2.95471779E-07
   93.3799973      -2.94445243E-07
   93.4950027      -2.93313491E-07
   93.6100006      -2.92074901E-07
   93.7249985      -2.90727826E-07
   93.8399963      -2.89270702E-07
   93.9550018      -2.87701937E-07
   94.0699997      -2.86020054E-07
   94.1849976      -2.84223574E-07
   94.3000031      -2.82311021E-07
   94.4150009      -2.80280943E-07
   94.5299988      -2.78132006E-07
   94.6449966      -2.75862760E-07
   94.7600021      -2.73471898E-07
   94.8750000      -2.70958111E-07
   94.9899979      -2.68320093E-07
   95.1050034      -2.65556565E-07
   95.2200012      -2.62666276E-07
   95.3349991      -2.59648033E-07
   95.4499969      -2.56500670E-07
   95.5650024      -2.53223050E-07
   95.6800003      -2.49814093E-07
   95.7949982      -2.46272776E-07
   95.9100037      -2.42598105E-07
   96.0250015      -2.38789170E-07
   96.1399994      -2.34845160E-07
   96.2549973      -2.30765281E-07
   96.3700027      -2.26548863E-07
   96.4850006      -2.22195339E-07
   96.5999985      -2.17704212E-07
   96.7149963      -2.13075083E-07
   96.8300018      -2.08307654E-07
   96.9449997      -2.03401697E-07
   97.0599976      -1.98357100E-07
   97.1750031      -1.93173832E-07
   97.2900009      -1.87851953E-07
   97.4049988      -1.82391560E-07
   97.5199966      -1.76792852E-07
   97.6350021      -1.71056058E-07
   97.7500000      -1.65181476E-07
   97.8649979      -1.59169403E-07
   97.9800034      -1.53020224E-07
   98.0950012      -1.46734280E-07
   98.2099991      -1.40311968E-07
   98.3249969      -1.33753630E-07
   98.4400024      -1.27059664E-07
   98.5550003      -1.20230411E-07
   98.6699982      -1.13266204E-07
   98.7850037      -1.06167370E-07
   98.9000015      -9.89341871E-08
   99.0149994      -9.15669460E-08
   99.1299973      -8.40658814E-08
   99.2450027      -7.64312418E-08
   99.3600006      -6.86632546E-08
   99.4749985      -6.07621331E-08
   99.5899963      -5.27280939E-08
   99.7050018      -4.45613360E-08
   99.8199997      -3.62620938E-08
   99.9349976      -2.78306054E-08
   100.050003      -1.92671106E-08
   100.165001      -1.05718900E-08
   100.279999      -1.74523773E-09
   100.394997       7.21249549E-09
   100.510002       1.63009393E-08
   100.625000       2.55196646E-08
   100.739998       3.48681688E-08
   100.855003       4.43459029E-08
   100.970001       5.39522169E-08
   101.084999       6.36863930E-08
   101.199997       7.35476107E-08
   101.315002       8.35349354E-08
   101.430000       9.36473583E-08
   101.544998       1.03883714E-07
   101.660004       1.14242738E-07
   101.775002       1.24723059E-07
   101.889999       1.35323219E-07
   102.004997       1.46041586E-07
   102.120003       1.56876510E-07
   102.235001       1.67826258E-07
   102.349998       1.78888968E-07
   102.464996       1.90062778E-07
   102.580002       2.01345742E-07
   102.695000       2.12735927E-07
   102.809998       2.24231329E-07
   102.925003       2.35829958E-07
   103.040001       2.47529812E-07
   103.154999       2.59328971E-07
   103.269997       2.71225446E-07
   103.385002       2.83217304E-07
   103.500000       2.95302641E-07
   103.614998       3.07479581E-07
   103.730003       3.19746306E-07
   103.845001       3.32100939E-07
   103.959999       3.44541689E-07
   104.074997       3.57066767E-07
   104.190002       3.69674439E-07
   104.305000       3.82362884E-07
   104.419998       3.95130343E-07
   104.535004       4.07975023E-07
   104.650002       4.20895134E-07
   104.764999       4.33888800E-07
   104.879997       4.46954147E-07
   104.995003       4.60089240E-07
   105.110001       4.73292090E-07
   105.224998       4.86560737E-07
   105.339996       4.99893019E-07
   105.455002       5.13286864E-07
   105.570000       5.26740166E-07
   105.684998       5.40250653E-07
   105.800003       5.53815994E-07
   105.915001       5.67433915E-07
   106.029999       5.81102086E-07
   106.144997       5.94817948E-07
   106.260002       6.08579001E-07
   106.375000       6.22382572E-07
   106.489998       6.36226105E-07
   106.605003       6.50106699E-07
   106.720001       6.64021456E-07
   106.834999       6.77967421E-07
   106.949997       6.91941580E-07
   107.065002       7.05940693E-07
   107.180000       7.19961406E-07
   107.294998       7.34000480E-07
   107.410004       7.48054390E-07
   107.525002       7.62119782E-07
   107.639999       7.76192849E-07
   107.754997       7.90270008E-07
   107.870003       8.04347565E-07
   107.985001       8.18421597E-07
   108.099998       8.32488297E-07
   108.214996       8.46543742E-07
   108.330002       8.60583896E-07
   108.445000       8.74604666E-07
   108.559998       8.88601789E-07
   108.675003       9.02570946E-07
   108.790001       9.16507872E-07
   108.904999       9.30408021E-07
   109.019997       9.44266844E-07
   109.135002       9.58079795E-07
   109.250000       9.71841928E-07
   109.364998       9.85548581E-07
   109.480003       9.99194981E-07
   109.595001       1.01277601E-06
   109.709999       1.02628655E-06
   109.824997       1.03972150E-06
   109.940002       1.05307561E-06
   110.055000       1.06634377E-06
   110.169998       1.07952053E-06
   110.285004       1.09260066E-06
   110.400002       1.10557880E-06
   110.514999       1.11844963E-06
   110.629997       1.13120791E-06
   110.745003       1.14384829E-06
   110.860001       1.15636590E-06
   110.974998       1.16875549E-06
   111.089996       1.18101229E-06
   111.205002       1.19313142E-06
   111.320000       1.20510845E-06
   111.434998       1.21693881E-06
   111.550003       1.22861832E-06
   111.665001       1.24014252E-06
   111.779999       1.25150768E-06
   111.894997       1.26270970E-06
   112.010002       1.27374483E-06
   112.125000       1.28460943E-06
   112.239998       1.29529997E-06
   112.355003       1.30581282E-06
   112.470001       1.31614479E-06
   112.584999       1.32629225E-06
   112.699997       1.33625201E-06
   112.815002       1.34602067E-06
   112.930000       1.35559480E-06
   113.044998       1.36497135E-06
   113.160004       1.37414702E-06
   113.275002       1.38311827E-06
   113.389999       1.39188194E-06
   113.504997       1.40043448E-06
   113.620003       1.40877262E-06
   113.735001       1.41689281E-06
   113.849998       1.42479155E-06
   113.964996       1.43246518E-06
   114.080002       1.43991008E-06
   114.195000       1.44712271E-06
   114.309998       1.45409911E-06
   114.425003       1.46083562E-06
   114.540001       1.46732827E-06
   114.654999       1.47357343E-06
   114.769997       1.47956700E-06
   114.885002       1.48530501E-06
   115.000000       1.49078369E-06
   115.114998       1.49599873E-06
   115.230003       1.50094604E-06
   115.345001       1.50562153E-06
   115.459999       1.51002109E-06
   115.574997       1.51414042E-06
   115.690002       1.51797519E-06
   115.805000       1.52152109E-06
   115.919998       1.52477367E-06
   116.035004       1.52772861E-06
   116.150002       1.53038127E-06
   116.264999       1.53272720E-06
   116.379997       1.53476196E-06
   116.495003       1.53648114E-06
   116.610001       1.53788005E-06
   116.724998       1.53895439E-06
   116.839996       1.53969995E-06
   116.955002       1.54011241E-06
   117.070000       1.54018767E-06
   117.184998       1.53992175E-06
   117.300003       1.53931080E-06
   117.415001       1.53835106E-06
   117.529999       1.53703922E-06
   117.644997       1.53537189E-06
   117.760002       1.53334588E-06
   117.875000       1.53095823E-06
   117.989998       1.52820621E-06
   118.105003       1.52508767E-06
   118.220001       1.52160021E-06
   118.334999       1.51774202E-06
   118.449997       1.51351117E-06
   118.565002       1.50890639E-06
   118.680000       1.50392646E-06
   118.794998       1.49857033E-06
   118.910004       1.49283721E-06
   119.025002       1.48672677E-06
   119.139999       1.48023844E-06
   119.254997       1.47337221E-06
   119.370003       1.46612831E-06
   119.485001       1.45850674E-06
   119.599998       1.45050797E-06
   119.714996       1.44213243E-06
   119.830002       1.43338070E-06
   119.945000       1.42425358E-06
   120.059998       1.41475175E-06
   120.175003       1.40487634E-06
   120.290001       1.39462804E-06
   120.404999       1.38400799E-06
   120.519997       1.37301708E-06
   120.635002       1.36165659E-06
   120.750000       1.34992763E-06
   120.864998       1.33783135E-06
   120.980003       1.32536900E-06
   121.095001       1.31254205E-06
   121.209999       1.29935165E-06
   121.324997       1.28579916E-06
   121.440002       1.27188605E-06
   121.555000       1.25761380E-06
   121.669998       1.24298379E-06
   121.785004       1.22799770E-06
   121.900002       1.21265703E-06
   122.014999       1.19696347E-06
   122.129997       1.18091862E-06
   122.245003       1.16452452E-06
   122.360001       1.14778265E-06
   122.474998       1.13069507E-06
   122.589996       1.11326358E-06
   122.705002       1.09549023E-06
   122.820000       1.07737662E-06
   122.934998       1.05892502E-06
   123.050003       1.04013714E-06
   123.165001       1.02101501E-06
   123.279999       1.00156046E-06
   123.394997       9.81775315E-07
   123.510002       9.61661613E-07
   123.625000       9.41221231E-07
   123.739998       9.20456216E-07
   123.855003       8.99368445E-07
   123.970001       8.77960076E-07
   124.084999       8.56233214E-07
   124.199997       8.34190018E-07
   124.315002       8.11832820E-07
   124.430000       7.89164176E-07
   124.544998       7.66186531E-07
   124.660004       7.42902671E-07
   124.775002       7.19315494E-07
   124.889999       6.95428128E-07
   125.004997       6.71243868E-07
   125.120003       6.46766239E-07
   125.235001       6.21999106E-07
   125.349998       5.96946393E-07
   125.464996       5.71612361E-07
   125.580002       5.46001672E-07
   125.695000       5.20118988E-07
   125.809998       4.93969424E-07
   125.925003       4.67558237E-07
   126.040001       4.40890858E-07
   126.154999       4.13972998E-07
   126.269997       3.86810569E-07
   126.385002       3.59409569E-07
   126.500000       3.31776278E-07
   126.614998       3.03917005E-07
   126.730003       2.75838204E-07
   126.845001       2.47546495E-07
   126.959999       2.19048530E-07
   127.074997       1.90351102E-07
   127.190002       1.61460974E-07
   127.305000       1.32384983E-07
   127.419998       1.03130006E-07
   127.535004       7.37029353E-08
   127.650002       4.41105996E-08
   127.764999       1.43598697E-08
   127.879997      -1.55424154E-08
   127.995003      -4.55894558E-08
   128.110001      -7.57745013E-08
   128.225006      -1.06090845E-07
   128.339996      -1.36531810E-07
   128.455002      -1.67090676E-07
   128.570007      -1.97760883E-07
   128.684998      -2.28535754E-07
   128.800003      -2.59408694E-07
   128.914993      -2.90372981E-07
   129.029999      -3.21422050E-07
   129.145004      -3.52549137E-07
   129.259995      -3.83747562E-07
   129.375000      -4.15010618E-07
   129.490005      -4.46331484E-07
   129.604996      -4.77703281E-07
   129.720001      -5.09119218E-07
   129.835007      -5.40572330E-07
   129.949997      -5.72055569E-07
   130.065002      -6.03561944E-07
   130.179993      -6.35084291E-07
   130.294998      -6.66615222E-07
   130.410004      -6.98147289E-07
   130.524994      -7.29673047E-07
   130.639999      -7.61184708E-07
   130.755005      -7.92674541E-07
   130.869995      -8.24134418E-07
   130.985001      -8.55556266E-07
   131.100006      -8.86931673E-07
   131.214996      -9.18252283E-07
   131.330002      -9.49509513E-07
   131.445007      -9.80694495E-07
   131.559998      -1.01179842E-06
   131.675003      -1.04281230E-06
   131.789993      -1.07372716E-06
   131.904999      -1.10453379E-06
   132.020004      -1.13522333E-06
   132.134995      -1.16578644E-06
   132.250000      -1.19621404E-06
   132.365005      -1.22649692E-06
   132.479996      -1.25662621E-06
   132.595001      -1.28659269E-06
   132.710007      -1.31638762E-06
   132.824997      -1.34600214E-06
   132.940002      -1.37542736E-06
   133.054993      -1.40465488E-06
   133.169998      -1.43367606E-06
   133.285004      -1.46248237E-06
   133.399994      -1.49106563E-06
   133.514999      -1.51941776E-06
   133.630005      -1.54753036E-06
   133.744995      -1.57539557E-06
   133.860001      -1.60300556E-06
   133.975006      -1.63035236E-06
   134.089996      -1.65742802E-06
   134.205002      -1.68422480E-06
   134.320007      -1.71073509E-06
   134.434998      -1.73695128E-06
   134.550003      -1.76286551E-06
   134.664993      -1.78847051E-06
   134.779999      -1.81375822E-06
   134.895004      -1.83872146E-06
   135.009995      -1.86335251E-06
   135.125000      -1.88764398E-06
   135.240005      -1.91158847E-06
   135.354996      -1.93517826E-06
   135.470001      -1.95840653E-06
   135.585007      -1.98126577E-06
   135.699997      -2.00374848E-06
   135.815002      -2.02584761E-06
   135.929993      -2.04755611E-06
   136.044998      -2.06886693E-06
   136.160004      -2.08977303E-06
   136.274994      -2.11026781E-06
   136.389999      -2.13034446E-06
   136.505005      -2.14999636E-06
   136.619995      -2.16921762E-06
   136.735001      -2.18800164E-06
   136.850006      -2.20634274E-06
   136.964996      -2.22423478E-06
   137.080002      -2.24167229E-06
   137.195007      -2.25865006E-06
   137.309998      -2.27516284E-06
   137.425003      -2.29120542E-06
   137.539993      -2.30677324E-06
   137.654999      -2.32186153E-06
   137.770004      -2.33646620E-06
   137.884995      -2.35058292E-06
   138.000000      -2.36420806E-06
   138.115005      -2.37733775E-06
   138.229996      -2.38996881E-06
   138.345001      -2.40209761E-06
   138.460007      -2.41372118E-06
   138.574997      -2.42483657E-06
   138.690002      -2.43544059E-06
   138.804993      -2.44553098E-06
   138.919998      -2.45510455E-06
   139.035004      -2.46415880E-06
   139.149994      -2.47269168E-06
   139.264999      -2.48070000E-06
   139.380005      -2.48818151E-06
   139.494995      -2.49513391E-06
   139.610001      -2.50155495E-06
   139.725006      -2.50744210E-06
   139.839996      -2.51279334E-06
   139.955002      -2.51760639E-06
   140.070007      -2.52187851E-06
   140.184998      -2.52560812E-06
   140.300003      -2.52879295E-06
   140.414993      -2.53143048E-06
   140.529999      -2.53351891E-06
   140.645004      -2.53505618E-06
   140.759995      -2.53604026E-06
   140.875000      -2.53646976E-06
   140.990005      -2.53634266E-06
   141.104996      -2.53565759E-06
   141.220001      -2.53441317E-06
   141.335007      -2.53260760E-06
   141.449997      -2.53024018E-06
   141.565002      -2.52731002E-06
   141.679993      -2.52381574E-06
   141.794998      -2.51975689E-06
   141.910004      -2.51513325E-06
   142.024994      -2.50994412E-06
   142.139999      -2.50418930E-06
   142.255005      -2.49786854E-06
   142.369995      -2.49098230E-06
   142.485001      -2.48353058E-06
   142.600006      -2.47551361E-06
   142.714996      -2.46693207E-06
   142.830002      -2.45778688E-06
   142.945007      -2.44807825E-06
   143.059998      -2.43780755E-06
   143.175003      -2.42697593E-06
   143.289993      -2.41558473E-06
   143.404999      -2.40363556E-06
   143.520004      -2.39113001E-06
   143.634995      -2.37806989E-06
   143.750000      -2.36445749E-06
   143.865005      -2.35029461E-06
   143.979996      -2.33558376E-06
   144.095001      -2.32032744E-06
   144.210007      -2.30452815E-06
   144.324997      -2.28818908E-06
   144.440002      -2.27131318E-06
   144.554993      -2.25390363E-06
   144.669998      -2.23596408E-06
   144.785004      -2.21749792E-06
   144.899994      -2.19850926E-06
   145.014999      -2.17900242E-06
   145.130005      -2.15898149E-06
   145.244995      -2.13845124E-06
   145.360001      -2.11741667E-06
   145.475006      -2.09588279E-06
   145.589996      -2.07385483E-06
   145.705002      -2.05133847E-06
   145.820007      -2.02833940E-06
   145.934998      -2.00486397E-06
   146.050003      -1.98091811E-06
   146.164993      -1.95650841E-06
   146.279999      -1.93164124E-06
   146.395004      -1.90632375E-06
   146.509995      -1.88056265E-06
   146.625000      -1.85436488E-06
   146.740005      -1.82773761E-06
   146.854996      -1.80068764E-06
   146.970001      -1.77322261E-06
   147.085007      -1.74534944E-06
   147.199997      -1.71707541E-06
   147.315002      -1.68840756E-06
   147.429993      -1.65935319E-06
   147.544998      -1.62991932E-06
   147.660004      -1.60011359E-06
   147.774994      -1.56994270E-06
   147.889999      -1.53941437E-06
   148.005005      -1.50853566E-06
   148.119995      -1.47731407E-06
   148.235001      -1.44575699E-06
   148.350006      -1.41387204E-06
   148.464996      -1.38166695E-06
   148.580002      -1.34914944E-06
   148.695007      -1.31632737E-06
   148.809998      -1.28320858E-06
   148.925003      -1.24980136E-06
   149.039993      -1.21611413E-06
   149.154999      -1.18215542E-06
   149.270004      -1.14793363E-06
   149.384995      -1.11345764E-06
   149.500000      -1.07873632E-06
   149.615005      -1.04377875E-06
   149.729996      -1.00859415E-06
   149.845001      -9.73191618E-07
   149.960007      -9.37580751E-07
   150.074997      -9.01770932E-07
   150.190002      -8.65771767E-07
   150.304993      -8.29592580E-07
   150.419998      -7.93243146E-07
   150.535004      -7.56732959E-07
   150.649994      -7.20071739E-07
   150.764999      -6.83269036E-07
   150.880005      -6.46334456E-07
   150.994995      -6.09277777E-07
   151.110001      -5.72108490E-07
   151.225006      -5.34836317E-07
   151.339996      -4.97470978E-07
   151.455002      -4.60022108E-07
   151.570007      -4.22499483E-07
   151.684998      -3.84912823E-07
   151.800003      -3.47271992E-07
   151.914993      -3.09586710E-07
   152.029999      -2.71866838E-07
   152.145004      -2.34122254E-07
   152.259995      -1.96362734E-07
   152.375000      -1.58598127E-07
   152.490005      -1.20838166E-07
   152.604996      -8.30926226E-08
   152.720001      -4.53712019E-08
   152.835007      -7.68352759E-09
   152.949997       2.99607912E-08
   153.065002       6.75522358E-08
   153.179993       1.05081249E-07
   153.294998       1.42538354E-07
   153.410004       1.79914110E-07
   153.524994       2.17199073E-07
   153.639999       2.54383821E-07
   153.755005       2.91458974E-07
   153.869995       3.28415183E-07
   153.985001       3.65243210E-07
   154.100006       4.01933789E-07
   154.214996       4.38477684E-07
   154.330002       4.74865828E-07
   154.445007       5.11089127E-07
   154.559998       5.47138484E-07
   154.675003       5.83005033E-07
   154.789993       6.18679735E-07
   154.904999       6.54153723E-07
   155.020004       6.89418130E-07
   155.134995       7.24464201E-07
   155.250000       7.59283068E-07
   155.365005       7.93866150E-07
   155.479996       8.28204691E-07
   155.595001       8.62290051E-07
   155.710007       8.96113647E-07
   155.824997       9.29667067E-07
   155.940002       9.62941726E-07
   156.054993       9.95929213E-07
   156.169998       1.02862100E-06
   156.285004       1.06100890E-06
   156.399994       1.09308428E-06
   156.514999       1.12483895E-06
   156.630005       1.15626437E-06
   156.744995       1.18735238E-06
   156.860001       1.21809433E-06
   156.975006       1.24848202E-06
   157.089996       1.27850717E-06
   157.205002       1.30816147E-06
   157.320007       1.33743652E-06
   157.434998       1.36632400E-06
   157.550003       1.39481597E-06
   157.664993       1.42290412E-06
   157.779999       1.45058038E-06
   157.895004       1.47783703E-06
   158.009995       1.50466622E-06
   158.125000       1.53106043E-06
   158.240005       1.55701196E-06
   158.354996       1.58251407E-06
   158.470001       1.60755928E-06
   158.585007       1.63214099E-06
   158.699997       1.65625261E-06
   158.815002       1.67988776E-06
   158.929993       1.70304008E-06
   159.044998       1.72570390E-06
   159.160004       1.74787340E-06
   159.274994       1.76954302E-06
   159.389999       1.79070753E-06
   159.505005       1.81136193E-06
   159.619995       1.83150121E-06
   159.735001       1.85112071E-06
   159.850006       1.87021601E-06
   159.964996       1.88878266E-06
   160.080002       1.90681612E-06
   160.195007       1.92431230E-06
   160.309998       1.94126733E-06
   160.425003       1.95767734E-06
   160.539993       1.97353825E-06
   160.654999       1.98884618E-06
   160.770004       2.00359796E-06
   160.884995       2.01778971E-06
   161.000000       2.03141781E-06
   161.115005       2.04447883E-06
   161.229996       2.05696915E-06
   161.345001       2.06888581E-06
   161.460007       2.08022493E-06
   161.574997       2.09098357E-06
   161.690002       2.10115854E-06
   161.804993       2.11074666E-06
   161.919998       2.11974475E-06
   162.035004       2.12814984E-06
   162.149994       2.13595922E-06
   162.264999       2.14317038E-06
   162.380005       2.14978058E-06
   162.494995       2.15578780E-06
   162.610001       2.16118974E-06
   162.725006       2.16598482E-06
   162.839996       2.17017123E-06
   162.955002       2.17374736E-06
   163.070007       2.17671254E-06
   163.184998       2.17906540E-06
   163.300003       2.18080550E-06
   163.414993       2.18193259E-06
   163.529999       2.18244645E-06
   163.645004       2.18234732E-06
   163.759995       2.18163609E-06
   163.875000       2.18031323E-06
   163.990005       2.17838056E-06
   164.104996       2.17583897E-06
   164.220001       2.17269121E-06
   164.335007       2.16893932E-06
   164.449997       2.16458579E-06
   164.565002       2.15963405E-06
   164.679993       2.15408750E-06
   164.794998       2.14794932E-06
   164.910004       2.14122338E-06
   165.024994       2.13391399E-06
   165.139999       2.12602527E-06
   165.255005       2.11756173E-06
   165.369995       2.10852795E-06
   165.485001       2.09892846E-06
   165.600006       2.08876827E-06
   165.714996       2.07805238E-06
   165.830002       2.06678578E-06
   165.945007       2.05497349E-06
   166.059998       2.04262051E-06
   166.175003       2.02973251E-06
   166.289993       2.01631428E-06
   166.404999       2.00237105E-06
   166.520004       1.98790781E-06
   166.634995       1.97292957E-06
   166.750000       1.95744155E-06
   166.865005       1.94144832E-06
   166.979996       1.92495531E-06
   167.095001       1.90796663E-06
   167.210007       1.89048740E-06
   167.324997       1.87252226E-06
   167.440002       1.85407612E-06
   167.554993       1.83515363E-06
   167.669998       1.81575979E-06
   167.785004       1.79589938E-06
   167.899994       1.77557763E-06
   168.014999       1.75479931E-06
   168.130005       1.73356989E-06
   168.244995       1.71189436E-06
   168.360001       1.68977806E-06
   168.475006       1.66722646E-06
   168.589996       1.64424478E-06
   168.705002       1.62083870E-06
   168.820007       1.59701392E-06
   168.934998       1.57277645E-06
   169.050003       1.54813222E-06
   169.164993       1.52308780E-06
   169.279999       1.49764969E-06
   169.395004       1.47182482E-06
   169.509995       1.44562023E-06
   169.625000       1.41904343E-06
   169.740005       1.39210215E-06
   169.854996       1.36480423E-06
   169.970001       1.33715764E-06
   170.085007       1.30917090E-06
   170.199997       1.28085253E-06
   170.315002       1.25221118E-06
   170.429993       1.22325594E-06
   170.544998       1.19399613E-06
   170.660004       1.16444107E-06
   170.774994       1.13460067E-06
   170.889999       1.10448480E-06
   171.005005       1.07410335E-06
   171.119995       1.04346657E-06
   171.235001       1.01258490E-06
   171.350006       9.81468816E-07
   171.464996       9.50128879E-07
   171.580002       9.18575722E-07
   171.695007       8.86819976E-07
   171.809998       8.54872326E-07
   171.925003       8.22743345E-07
   172.039993       7.90443607E-07
   172.154999       7.57983571E-07
   172.270004       7.25373582E-07
   172.384995       6.92624042E-07
   172.500000       6.59745069E-07
   172.615005       6.26746612E-07
   172.729996       5.93638561E-07
   172.845001       5.60430578E-07
   172.960007       5.27132329E-07
   173.074997       4.93753021E-07
   173.190002       4.60301976E-07
   173.304993       4.26788091E-07
   173.419998       3.93220233E-07
   173.535004       3.59606872E-07
   173.649994       3.25956421E-07
   173.764999       2.92277036E-07
   173.880005       2.58576563E-07
   173.994995       2.24862930E-07
   174.110001       1.91143712E-07
   174.225006       1.57426570E-07
   174.339996       1.23719019E-07
   174.455002       9.00284505E-08
   174.570007       5.63624134E-08
   174.684998       2.27283046E-08
   174.800003      -1.08663745E-08
   174.914993      -4.44140689E-08
   175.029999      -7.79071243E-08
   175.145004      -1.11337840E-07
   175.259995      -1.44698305E-07
   175.375000      -1.77980539E-07
   175.490005      -2.11176371E-07
   175.604996      -2.44277459E-07
   175.720001      -2.77275205E-07
   175.835007      -3.10160971E-07
   175.949997      -3.42925830E-07
   176.065002      -3.75560717E-07
   176.179993      -4.08056479E-07
   176.294998      -4.40403795E-07
   176.410004      -4.72593115E-07
   176.524994      -5.04614889E-07
   176.639999      -5.36459481E-07
   176.755005      -5.68117059E-07
   176.869995      -5.99577788E-07
   176.985001      -6.30831892E-07
   177.100006      -6.61869421E-07
   177.214996      -6.92680487E-07
   177.330002      -7.23255312E-07
   177.445007      -7.53583947E-07
   177.559998      -7.83656731E-07
   177.675003      -8.13463885E-07
   177.789993      -8.42995973E-07
   177.904999      -8.72243390E-07
   178.020004      -9.01197097E-07
   178.134995      -9.29847999E-07
   178.250000      -9.58187343E-07
   178.365005      -9.86206373E-07
   178.479996      -1.01389708E-06
   178.595001      -1.04125115E-06
   178.710007      -1.06826099E-06
   178.824997      -1.09491896E-06
   178.940002      -1.12121779E-06
   179.054993      -1.14715033E-06
   179.169998      -1.17270974E-06
   179.285004      -1.19788933E-06
   179.399994      -1.22268284E-06
   179.514999      -1.24708390E-06
   179.630005      -1.27108660E-06
   179.744995      -1.29468538E-06
   179.860001      -1.31787465E-06
   179.975006      -1.34064931E-06
   180.089996      -1.36300423E-06
   180.205002      -1.38493454E-06
   180.320007      -1.40643579E-06
   180.434998      -1.42750343E-06
   180.550003      -1.44813316E-06
   180.664993      -1.46832099E-06
   180.779999      -1.48806294E-06
   180.895004      -1.50735536E-06
   181.009995      -1.52619464E-06
   181.125000      -1.54457734E-06
   181.240005      -1.56250042E-06
   181.354996      -1.57996078E-06
   181.470001      -1.59695560E-06
   181.585007      -1.61348214E-06
   181.699997      -1.62953779E-06
   181.815002      -1.64512005E-06
   181.929993      -1.66022664E-06
   182.044998      -1.67485541E-06
   182.160004      -1.68900397E-06
   182.274994      -1.70267037E-06
   182.389999      -1.71585236E-06
   182.505005      -1.72854777E-06
   182.619995      -1.74075444E-06
   182.735001      -1.75247033E-06
   182.850006      -1.76369326E-06
   182.964996      -1.77442098E-06
   183.080002      -1.78465132E-06
   183.195007      -1.79438234E-06
   183.309998      -1.80361212E-06
   183.425003      -1.81233906E-06
   183.539993      -1.82056158E-06
   183.654999      -1.82827819E-06
   183.770004      -1.83548775E-06
   183.884995      -1.84218948E-06
   184.000000      -1.84838223E-06
   184.115005      -1.85406577E-06
   184.229996      -1.85923943E-06
   184.345001      -1.86390321E-06
   184.460007      -1.86805710E-06
   184.574997      -1.87170144E-06
   184.690002      -1.87483658E-06
   184.804993      -1.87746355E-06
   184.919998      -1.87958312E-06
   185.035004      -1.88119679E-06
   185.149994      -1.88230581E-06
   185.264999      -1.88291199E-06
   185.380005      -1.88301692E-06
   185.494995      -1.88262231E-06
   185.610001      -1.88173055E-06
   185.725006      -1.88034335E-06
   185.839996      -1.87846297E-06
   185.955002      -1.87609180E-06
   186.070007      -1.87323189E-06
   186.184998      -1.86988564E-06
   186.300003      -1.86605519E-06
   186.414993      -1.86174316E-06
   186.529999      -1.85695183E-06
   186.645004      -1.85168335E-06
   186.759995      -1.84594035E-06
   186.875000      -1.83972531E-06
   186.990005      -1.83304064E-06
   187.104996      -1.82588894E-06
   187.220001      -1.81827261E-06
   187.335007      -1.81019470E-06
   187.449997      -1.80165762E-06
   187.565002      -1.79266408E-06
   187.679993      -1.78321716E-06
   187.794998      -1.77331947E-06
   187.910004      -1.76297408E-06
   188.024994      -1.75218429E-06
   188.139999      -1.74095317E-06
   188.255005      -1.72928446E-06
   188.369995      -1.71718170E-06
   188.485001      -1.70464887E-06
   188.600006      -1.69169004E-06
   188.714996      -1.67830967E-06
   188.830002      -1.66451196E-06
   188.945007      -1.65030144E-06
   189.059998      -1.63568302E-06
   189.175003      -1.62066146E-06
   189.289993      -1.60524166E-06
   189.404999      -1.58942885E-06
   189.520004      -1.57322813E-06
   189.634995      -1.55664486E-06
   189.750000      -1.53968472E-06
   189.865005      -1.52235327E-06
   189.979996      -1.50465632E-06
   190.095001      -1.48660001E-06
   190.210007      -1.46819048E-06
   190.324997      -1.44943408E-06
   190.440002      -1.43033742E-06
   190.554993      -1.41090698E-06
   190.669998      -1.39114957E-06
   190.785004      -1.37107190E-06
   190.899994      -1.35068092E-06
   191.014999      -1.32998332E-06
   191.130005      -1.30898616E-06
   191.244995      -1.28769614E-06
   191.360001      -1.26612031E-06
   191.475006      -1.24426538E-06
   191.589996      -1.22213817E-06
   191.705002      -1.19974527E-06
   191.820007      -1.17709396E-06
   191.934998      -1.15419084E-06
   192.050003      -1.13104284E-06
   192.164993      -1.10765677E-06
   192.279999      -1.08403970E-06
   192.395004      -1.06019820E-06
   192.509995      -1.03613922E-06
   192.625000      -1.01186947E-06
   192.740005      -9.87395879E-07
   192.854996      -9.62725153E-07
   192.970001      -9.37864229E-07
   193.085007      -9.12820212E-07
   193.199997      -8.87600208E-07
   193.315002      -8.62211721E-07
   193.429993      -8.36662252E-07
   193.544998      -8.10959591E-07
   193.660004      -7.85111695E-07
   193.774994      -7.59126806E-07
   193.889999      -7.33013053E-07
   194.005005      -7.06779019E-07
   194.119995      -6.80433175E-07
   194.235001      -6.53984330E-07
   194.350006      -6.27441011E-07
   194.464996      -6.00812143E-07
   194.580002      -5.74106366E-07
   194.695007      -5.47332547E-07
   194.809998      -5.20499441E-07
   194.925003      -4.93615573E-07
   195.039993      -4.66689471E-07
   195.154999      -4.39729575E-07
   195.270004      -4.12744043E-07
   195.384995      -3.85740947E-07
   195.500000      -3.58728158E-07
   195.615005      -3.31713380E-07
   195.729996      -3.04704059E-07
   195.845001      -2.77707528E-07
   195.960007      -2.50730835E-07
   196.074997      -2.23780873E-07
   196.190002      -1.96864349E-07
   196.304993      -1.69987814E-07
   196.419998      -1.43157678E-07
   196.535004      -1.16380306E-07
   196.649994      -8.96620946E-08
   196.764999      -6.30093737E-08
   196.880005      -3.64286485E-08
   196.994995      -9.92651117E-09
   197.110001       1.64902616E-08
   197.225006       4.28148255E-08
   197.339996       6.90400555E-08
   197.455002       9.51588746E-08
   197.570007       1.21163964E-07
   197.684998       1.47048027E-07
   197.800003       1.72803624E-07
   197.914993       1.98423280E-07
   198.029999       2.23899491E-07
   198.145004       2.49224740E-07
   198.259995       2.74391539E-07
   198.375000       2.99392354E-07
   198.490005       3.24219826E-07
   198.604996       3.48866621E-07
   198.720001       3.73325634E-07
   198.835007       3.97589929E-07
   198.949997       4.21652828E-07
   199.065002       4.45507879E-07
   199.179993       4.69149001E-07
   199.294998       4.92570337E-07
   199.410004       5.15766430E-07
   199.524994       5.38731967E-07
   199.639999       5.61462116E-07
   199.755005       5.83952044E-07
   199.869995       6.06197432E-07
   199.985001       6.28194186E-07
   200.100006       6.49938329E-07
   200.214996       6.71426108E-07
   200.330002       6.92653941E-07
   200.445007       7.13618476E-07
   200.559998       7.34316416E-07
   200.675003       7.54744462E-07
   200.789993       7.74899320E-07
   200.904999       7.94777918E-07
   201.020004       8.14376961E-07
   201.134995       8.33693093E-07
   201.250000       8.52722906E-07
   201.365005       8.71462930E-07
   201.479996       8.89909415E-07
   201.595001       9.08058610E-07
   201.710007       9.25906534E-07
   201.824997       9.43448867E-07
   201.940002       9.60681518E-07
   202.054993       9.77599711E-07
   202.169998       9.94199013E-07
   202.285004       1.01047488E-06
   202.399994       1.02642241E-06
   202.514999       1.04203718E-06
   202.630005       1.05731476E-06
   202.744995       1.07225048E-06
   202.860001       1.08684014E-06
   202.975006       1.10107953E-06
   203.089996       1.11496456E-06
   203.205002       1.12849125E-06
   203.320007       1.14165596E-06
   203.434998       1.15445505E-06
   203.550003       1.16688523E-06
   203.664993       1.17894297E-06
   203.779999       1.19062543E-06
   203.895004       1.20192999E-06
   204.009995       1.21285393E-06
   204.125000       1.22339532E-06
   204.240005       1.23355187E-06
   204.354996       1.24332166E-06
   204.470001       1.25270333E-06
   204.585007       1.26169539E-06
   204.699997       1.27029648E-06
   204.815002       1.27850569E-06
   204.929993       1.28632200E-06
   205.044998       1.29374473E-06
   205.160004       1.30077331E-06
   205.274994       1.30740739E-06
   205.389999       1.31364675E-06
   205.505005       1.31949150E-06
   205.619995       1.32494176E-06
   205.735001       1.32999821E-06
   205.850006       1.33466131E-06
   205.964996       1.33893229E-06
   206.080002       1.34281231E-06
   206.195007       1.34630284E-06
   206.309998       1.34940581E-06
   206.425003       1.35212304E-06
   206.539993       1.35445680E-06
   206.654999       1.35640937E-06
   206.770004       1.35798325E-06
   206.884995       1.35918071E-06
   207.000000       1.36000460E-06
   207.115005       1.36045753E-06
   207.229996       1.36054211E-06
   207.345001       1.36026119E-06
   207.460007       1.35961750E-06
   207.574997       1.35861399E-06
   207.690002       1.35725372E-06
   207.804993       1.35553944E-06
   207.919998       1.35347409E-06
   208.035004       1.35106029E-06
   208.149994       1.34830054E-06
   208.264999       1.34519746E-06
   208.380005       1.34175320E-06
   208.494995       1.33796993E-06
   208.610001       1.33384958E-06
   208.725006       1.32939408E-06
   208.839996       1.32460525E-06
   208.955002       1.31948468E-06
   209.070007       1.31403419E-06
   209.184998       1.30825526E-06
   209.300003       1.30214983E-06
   209.414993       1.29571936E-06
   209.529999       1.28896602E-06
   209.645004       1.28189151E-06
   209.759995       1.27449800E-06
   209.875000       1.26678776E-06
   209.990005       1.25876318E-06
   210.104996       1.25042709E-06
   210.220001       1.24178223E-06
   210.335007       1.23283144E-06
   210.449997       1.22357812E-06
   210.565002       1.21402547E-06
   210.679993       1.20417678E-06
   210.794998       1.19403614E-06
   210.910004       1.18360686E-06
   211.024994       1.17289346E-06
   211.139999       1.16189983E-06
   211.255005       1.15063040E-06
   211.369995       1.13909005E-06
   211.485001       1.12728299E-06
   211.600006       1.11521445E-06
   211.714996       1.10288909E-06
   211.830002       1.09031191E-06
   211.945007       1.07748770E-06
   212.059998       1.06442121E-06
   212.175003       1.05111735E-06
   212.289993       1.03758077E-06
   212.404999       1.02381625E-06
   212.520004       1.00982834E-06
   212.634995       9.95621917E-07
   212.750000       9.81201651E-07
   212.865005       9.66572088E-07
   212.979996       9.51738002E-07
   213.095001       9.36704112E-07
   213.210007       9.21475191E-07
   213.324997       9.06055902E-07
   213.440002       8.90451133E-07
   213.554993       8.74665602E-07
   213.669998       8.58704198E-07
   213.785004       8.42571808E-07
   213.899994       8.26273549E-07
   214.014999       8.09814480E-07
   214.130005       7.93199888E-07
   214.244995       7.76435115E-07
   214.360001       7.59525506E-07
   214.475006       7.42476573E-07
   214.589996       7.25293944E-07
   214.705002       7.07983361E-07
   214.820007       6.90550394E-07
   214.934998       6.73000955E-07
   215.050003       6.55340614E-07
   215.164993       6.37575397E-07
   215.279999       6.19710988E-07
   215.395004       6.01753072E-07
   215.509995       5.83707504E-07
   215.625000       5.65579853E-07
   215.740005       5.47375691E-07
   215.854996       5.29100419E-07
   215.970001       5.10759605E-07
   216.085007       4.92358424E-07
   216.199997       4.73902134E-07
   216.315002       4.55395877E-07
   216.429993       4.36844715E-07
   216.544998       4.18253620E-07
   216.660004       3.99627424E-07
   216.774994       3.80970960E-07
   216.889999       3.62288915E-07
   217.005005       3.43585896E-07
   217.119995       3.24866505E-07
   217.235001       3.06135263E-07
   217.350006       2.87396688E-07
   217.464996       2.68655299E-07
   217.580002       2.49915701E-07
   217.695007       2.31182412E-07
   217.809998       2.12460080E-07
   217.925003       1.93753394E-07
   218.039993       1.75067044E-07
   218.154999       1.56405818E-07
   218.270004       1.37774563E-07
   218.384995       1.19178146E-07
   218.500000       1.00621570E-07
   218.615005       8.21098922E-08
   218.729996       6.36482298E-08
   218.845001       4.52417801E-08
   218.960007       2.68958136E-08
   219.074997       8.61559091E-09
   219.190002      -9.59355173E-09
   219.304993      -2.77263030E-08
   219.419998      -4.57772913E-08
   219.535004      -6.37411404E-08
   219.649994      -8.16124341E-08
   219.764999      -9.93857441E-08
   219.880005      -1.17055606E-07
   219.994995      -1.34616570E-07
   220.110001      -1.52063151E-07
   220.225006      -1.69389907E-07
   220.339996      -1.86591436E-07
   220.455002      -2.03662424E-07
   220.570007      -2.20597613E-07
   220.684998      -2.37391887E-07
   220.800003      -2.54040202E-07
   220.914993      -2.70537640E-07
   221.029999      -2.86879498E-07
   221.145004      -3.03061057E-07
   221.259995      -3.19077913E-07
   221.375000      -3.34925630E-07
   221.490005      -3.50600089E-07
   221.604996      -3.66097339E-07
   221.720001      -3.81413628E-07
   221.835007      -3.96545403E-07
   221.949997      -4.11489253E-07
   222.065002      -4.26241911E-07
   222.179993      -4.40800221E-07
   222.294998      -4.55161199E-07
   222.410004      -4.69321890E-07
   222.524994      -4.83279337E-07
   222.639999      -4.97030783E-07
   222.755005      -5.10573443E-07
   222.869995      -5.23904816E-07
   222.985001      -5.37022288E-07
   223.100006      -5.49923584E-07
   223.214996      -5.62606488E-07
   223.330002      -5.75068952E-07
   223.445007      -5.87309216E-07
   223.559998      -5.99325460E-07
   223.675003      -6.11116150E-07
   223.789993      -6.22679750E-07
   223.904999      -6.34014953E-07
   224.020004      -6.45120508E-07
   224.134995      -6.55995166E-07
   224.250000      -6.66637845E-07
   224.365005      -6.77047638E-07
   224.479996      -6.87223576E-07
   224.595001      -6.97164751E-07
   224.710007      -7.06870367E-07
   224.824997      -7.16339684E-07
   224.940002      -7.25571908E-07
   225.054993      -7.34566356E-07
   225.169998      -7.43322175E-07
   225.285004      -7.51838570E-07
   225.399994      -7.60114915E-07
   225.514999      -7.68150414E-07
   225.630005      -7.75944386E-07
   225.744995      -7.83496034E-07
   225.860001      -7.90804620E-07
   225.975006      -7.97869461E-07
   226.089996      -8.04689819E-07
   226.205002      -8.11264840E-07
   226.320007      -8.17593673E-07
   226.434998      -8.23675521E-07
   226.550003      -8.29509702E-07
   226.664993      -8.35095477E-07
   226.779999      -8.40432165E-07
   226.895004      -8.45519139E-07
   227.009995      -8.50355946E-07
   227.125000      -8.54942186E-07
   227.240005      -8.59277463E-07
   227.354996      -8.63361549E-07
   227.470001      -8.67193933E-07
   227.585007      -8.70774443E-07
   227.699997      -8.74102625E-07
   227.815002      -8.77178309E-07
   227.929993      -8.80001153E-07
   228.044998      -8.82570930E-07
   228.160004      -8.84887413E-07
   228.274994      -8.86950602E-07
   228.389999      -8.88760496E-07
   228.505005      -8.90317153E-07
   228.619995      -8.91620743E-07
   228.735001      -8.92671494E-07
   228.850006      -8.93469689E-07
   228.964996      -8.94015727E-07
   229.080002      -8.94310006E-07
   229.195007      -8.94352979E-07
   229.309998      -8.94145217E-07
   229.425003      -8.93687172E-07
   229.539993      -8.92979529E-07
   229.654999      -8.92022911E-07
   229.770004      -8.90818171E-07
   229.884995      -8.89366163E-07
   230.000000      -8.87667909E-07
   230.115005      -8.85724546E-07
   230.229996      -8.83537325E-07
   230.345001      -8.81107724E-07
   230.460007      -8.78437163E-07
   230.574997      -8.75527462E-07
   230.690002      -8.72380326E-07
   230.804993      -8.68997518E-07
   230.919998      -8.65380969E-07
   231.035004      -8.61532556E-07
   231.149994      -8.57454097E-07
   231.264999      -8.53147412E-07
   231.380005      -8.48614434E-07
   231.494995      -8.43856867E-07
   231.610001      -8.38876645E-07
   231.725006      -8.33675585E-07
   231.839996      -8.28255793E-07
   231.955002      -8.22619199E-07
   232.070007      -8.16768022E-07
   232.184998      -8.10704364E-07
   232.300003      -8.04430726E-07
   232.414993      -7.97949326E-07
   232.529999      -7.91262835E-07
   232.645004      -7.84373754E-07
   232.759995      -7.77284697E-07
   232.875000      -7.69998337E-07
   232.990005      -7.62517402E-07
   233.104996      -7.54844734E-07
   233.220001      -7.46983233E-07
   233.335007      -7.38935682E-07
   233.449997      -7.30705153E-07
   233.565002      -7.22294715E-07
   233.679993      -7.13707323E-07
   233.794998      -7.04946217E-07
   233.910004      -6.96014411E-07
   234.024994      -6.86915200E-07
   234.139999      -6.77651769E-07
   234.255005      -6.68227244E-07
   234.369995      -6.58644808E-07
   234.485001      -6.48907701E-07
   234.600006      -6.39018992E-07
   234.714996      -6.28981638E-07
   234.830002      -6.18798708E-07
   234.945007      -6.08473044E-07
   235.059998      -5.98007659E-07
   235.175003      -5.87405339E-07
   235.289993      -5.76669208E-07
   235.404999      -5.65802111E-07
   235.520004      -5.54807116E-07
   235.634995      -5.43687406E-07
   235.750000      -5.32446109E-07
   235.865005      -5.21086406E-07
   235.979996      -5.09611596E-07
   236.095001      -4.98024804E-07
   236.210007      -4.86329384E-07
   236.324997      -4.74528377E-07
   236.440002      -4.62625110E-07
   236.554993      -4.50622821E-07
   236.669998      -4.38524722E-07
   236.785004      -4.26334196E-07
   236.899994      -4.14054682E-07
   237.014999      -4.01689647E-07
   237.130005      -3.89242700E-07
   237.244995      -3.76717395E-07
   237.360001      -3.64117426E-07
   237.475006      -3.51446488E-07
   237.589996      -3.38708304E-07
   237.705002      -3.25906569E-07
   237.820007      -3.13045092E-07
   237.934998      -3.00127596E-07
   238.050003      -2.87157917E-07
   238.164993      -2.74139921E-07
   238.279999      -2.61077474E-07
   238.395004      -2.47974413E-07
   238.509995      -2.34834587E-07
   238.625000      -2.21661864E-07
   238.740005      -2.08460079E-07
   238.854996      -1.95233085E-07
   238.970001      -1.81984618E-07
   239.085007      -1.68718486E-07
   239.199997      -1.55438471E-07
   239.315002      -1.42148338E-07
   239.429993      -1.28851923E-07
   239.544998      -1.15552993E-07
   239.660004      -1.02255392E-07
   239.774994      -8.89629135E-08
   239.889999      -7.56793881E-08
   240.005005      -6.24086880E-08
   240.119995      -4.91546785E-08
   240.235001      -3.59212819E-08
   240.350006      -2.27124239E-08
   240.464996      -9.53208357E-09
   240.580002       3.61574926E-09
   240.695007       1.67270944E-08
   240.809998       2.97979863E-08
   240.925003       4.28245706E-08
   241.039993       5.58030671E-08
   241.154999       6.87298538E-08
   241.270004       8.16014634E-08
   241.384995       9.44145881E-08
   241.500000       1.07166088E-07
   241.615005       1.19852999E-07
   241.729996       1.32472508E-07
   241.845001       1.45021900E-07
   241.960007       1.57498661E-07
   242.074997       1.69900304E-07
   242.190002       1.82224525E-07
   242.304993       1.94469138E-07
   242.419998       2.06632066E-07
   242.535004       2.18711293E-07
   242.649994       2.30704941E-07
   242.764999       2.42611208E-07
   242.880005       2.54428215E-07
   242.994995       2.66154217E-07
   243.110001       2.77787223E-07
   243.225006       2.89325328E-07
   243.339996       3.00766430E-07
   243.455002       3.12108398E-07
   243.570007       3.23348985E-07
   243.684998       3.34485804E-07
   243.800003       3.45516469E-07
   243.914993       3.56438619E-07
   244.029999       3.67249783E-07
   244.145004       3.77947543E-07
   244.259995       3.88529543E-07
   244.375000       3.98993507E-07
   244.490005       4.09337076E-07
   244.604996       4.19558035E-07
   244.720001       4.29654165E-07
   244.835007       4.39623278E-07
   244.949997       4.49463101E-07
   245.065002       4.59171389E-07
   245.179993       4.68745867E-07
   245.294998       4.78184234E-07
   245.410004       4.87483931E-07
   245.524994       4.96642713E-07
   245.639999       5.05658079E-07
   245.755005       5.14527642E-07
   245.869995       5.23249071E-07
   245.985001       5.31820035E-07
   246.100006       5.40238375E-07
   246.214996       5.48501987E-07
   246.330002       5.56608768E-07
   246.445007       5.64556672E-07
   246.559998       5.72343879E-07
   246.675003       5.79968400E-07
   246.789993       5.87428417E-07
   246.904999       5.94721996E-07
   247.020004       6.01847319E-07
   247.134995       6.08802509E-07
   247.250000       6.15585805E-07
   247.365005       6.22195557E-07
   247.479996       6.28630232E-07
   247.595001       6.34888238E-07
   247.710007       6.40968381E-07
   247.824997       6.46869466E-07
   247.940002       6.52590472E-07
   248.054993       6.58130375E-07
   248.169998       6.63488379E-07
   248.285004       6.68663745E-07
   248.399994       6.73655677E-07
   248.514999       6.78463607E-07
   248.630005       6.83086910E-07
   248.744995       6.87524846E-07
   248.860001       6.91776791E-07
   248.975006       6.95842232E-07
   249.089996       6.99720374E-07
   249.205002       7.03410819E-07
   249.320007       7.06912942E-07
   249.434998       7.10226345E-07
   249.550003       7.13350744E-07
   249.664993       7.16285854E-07
   249.779999       7.19031789E-07
   249.895004       7.21588492E-07
   250.009995       7.23956248E-07
   250.125000       7.26135283E-07
   250.240005       7.28125997E-07
   250.354996       7.29928729E-07
   250.470001       7.31543992E-07
   250.585007       7.32972239E-07
   250.699997       7.34213870E-07
   250.815002       7.35269566E-07
   250.929993       7.36139725E-07
   251.044998       7.36825143E-07
   251.160004       7.37326332E-07
   251.274994       7.37643973E-07
   251.389999       7.37778862E-07
   251.505005       7.37731511E-07
   251.619995       7.37502546E-07
   251.735001       7.37092535E-07
   251.850006       7.36501931E-07
   251.964996       7.35731135E-07
   252.080002       7.34780429E-07
   252.195007       7.33650268E-07
   252.309998       7.32340709E-07
   252.425003       7.30852207E-07
   252.539993       7.29185103E-07
   252.654999       7.27339796E-07
   252.770004       7.25316852E-07
   252.884995       7.23116841E-07
   253.000000       7.20740559E-07
   253.115005       7.18188801E-07
   253.229996       7.15462534E-07
   253.345001       7.12562894E-07
   253.460007       7.09491246E-07
   253.574997       7.06249125E-07
   253.690002       7.02838065E-07
   253.804993       6.99259829E-07
   253.919998       6.95516405E-07
   254.035004       6.91609671E-07
   254.149994       6.87541672E-07
   254.264999       6.83314511E-07
   254.380005       6.78930405E-07
   254.494995       6.74391515E-07
   254.610001       6.69700285E-07
   254.725006       6.64858987E-07
   254.839996       6.59870295E-07
   254.955002       6.54736652E-07
   255.070007       6.49460787E-07
   255.184998       6.44045429E-07
   255.300003       6.38493361E-07
   255.414993       6.32807200E-07
   255.529999       6.26989674E-07
   255.645004       6.21043341E-07
   255.759995       6.14970759E-07
   255.875000       6.08774258E-07
   255.990005       6.02456225E-07
   256.105011       5.96018879E-07
   256.220001       5.89464321E-07
   256.334991       5.82794712E-07
   256.450012       5.76012042E-07
   256.565002       5.69118299E-07
   256.679993       5.62115474E-07
   256.795013       5.55005499E-07
   256.910004       5.47790307E-07
   257.024994       5.40471774E-07
   257.140015       5.33051889E-07
   257.255005       5.25532585E-07
   257.369995       5.17915851E-07
   257.484985       5.10203790E-07
   257.600006       5.02398507E-07
   257.714996       4.94502160E-07
   257.829987       4.86516967E-07
   257.945007       4.78445259E-07
   258.059998       4.70289365E-07
   258.174988       4.62051617E-07
   258.290009       4.53734572E-07
   258.404999       4.45340788E-07
   258.519989       4.36872938E-07
   258.635010       4.28333749E-07
   258.750000       4.19726064E-07
   258.864990       4.11052753E-07
   258.980011       4.02316687E-07
   259.095001       3.93520679E-07
   259.209991       3.84667516E-07
   259.325012       3.75759839E-07
   259.440002       3.66800180E-07
   259.554993       3.57790839E-07
   259.670013       3.48734062E-07
   259.785004       3.39631868E-07
   259.899994       3.30486188E-07
   260.015015       3.21298756E-07
   260.130005       3.12071336E-07
   260.244995       3.02805546E-07
   260.359985       2.93503035E-07
   260.475006       2.84165452E-07
   260.589996       2.74794502E-07
   260.704987       2.65391947E-07
   260.820007       2.55959634E-07
   260.934998       2.46499496E-07
   261.049988       2.37013623E-07
   261.165009       2.27504103E-07
   261.279999       2.17973195E-07
   261.394989       2.08423202E-07
   261.510010       1.98856526E-07
   261.625000       1.89275610E-07
   261.739990       1.79683013E-07
   261.855011       1.70081364E-07
   261.970001       1.60473405E-07
   262.084991       1.50861965E-07
   262.200012       1.41249942E-07
   262.315002       1.31640377E-07
   262.429993       1.22036326E-07
   262.545013       1.12440837E-07
   262.660004       1.02856980E-07
   262.774994       9.32877242E-08
   262.890015       8.37359480E-08
   263.005005       7.42044151E-08
   263.119995       6.46957119E-08
   263.234985       5.52123112E-08
   263.350006       4.57565363E-08
   263.464996       3.63305936E-08
   263.579987       2.69366058E-08
   263.695007       1.75765944E-08
   263.809998       8.25251423E-09
   263.924988      -1.03375508E-09
   264.040009      -1.02803659E-08
   264.154999      -1.94855403E-08
   264.269989      -2.86475217E-08
   264.385010      -3.77646217E-08
   264.500000      -4.68351402E-08
   264.614990      -5.58574129E-08
   264.730011      -6.48297700E-08
   264.845001      -7.37505488E-08
   264.959991      -8.26180724E-08
   265.075012      -9.14306355E-08
   265.190002      -1.00186512E-07
   265.304993      -1.08883967E-07
   265.420013      -1.17521175E-07
   265.535004      -1.26096282E-07
   265.649994      -1.34607333E-07
   265.765015      -1.43052333E-07
   265.880005      -1.51429148E-07
   265.994995      -1.59735578E-07
   266.109985      -1.67969361E-07
   266.225006      -1.76128154E-07
   266.339996      -1.84209583E-07
   266.454987      -1.92211317E-07
   266.570007      -2.00131026E-07
   266.684998      -2.07966409E-07
   266.799988      -2.15715232E-07
   266.915009      -2.23375253E-07
   267.029999      -2.30944309E-07
   267.144989      -2.38420228E-07
   267.260010      -2.45800834E-07
   267.375000      -2.53084011E-07
   267.489990      -2.60267541E-07
   267.605011      -2.67349378E-07
   267.720001      -2.74327448E-07
   267.834991      -2.81199817E-07
   267.950012      -2.87964639E-07
   268.065002      -2.94620236E-07
   268.179993      -3.01165102E-07
   268.295013      -3.07597929E-07
   268.410004      -3.13917582E-07
   268.524994      -3.20123064E-07
   268.640015      -3.26213524E-07
   268.755005      -3.32188250E-07
   268.869995      -3.38046647E-07
   268.984985      -3.43788088E-07
   269.100006      -3.49412119E-07
   269.214996      -3.54918114E-07
   269.329987      -3.60305592E-07
   269.445007      -3.65573783E-07
   269.559998      -3.70722006E-07
   269.674988      -3.75749295E-07
   269.790009      -3.80654654E-07
   269.904999      -3.85436863E-07
   270.019989      -3.90094641E-07
   270.135010      -3.94626568E-07
   270.250000      -3.99031137E-07
   270.364990      -4.03306814E-07
   270.480011      -4.07452035E-07
   270.595001      -4.11465322E-07
   270.709991      -4.15345227E-07
   270.825012      -4.19090327E-07
   270.940002      -4.22699344E-07
   271.054993      -4.26171141E-07
   271.170013      -4.29504638E-07
   271.285004      -4.32698982E-07
   271.399994      -4.35753464E-07
   271.515015      -4.38667485E-07
   271.630005      -4.41440818E-07
   271.744995      -4.44073237E-07
   271.859985      -4.46564854E-07
   271.975006      -4.48915927E-07
   272.089996      -4.51126880E-07
   272.204987      -4.53198197E-07
   272.320007      -4.55130589E-07
   272.434998      -4.56924823E-07
   272.549988      -4.58581667E-07
   272.665009      -4.60102029E-07
   272.779999      -4.61486707E-07
   272.894989      -4.62736608E-07
   273.010010      -4.63852530E-07
   273.125000      -4.64835267E-07
   273.239990      -4.65685588E-07
   273.355011      -4.66404174E-07
   273.470001      -4.66991708E-07
   273.584991      -4.67448842E-07
   273.700012      -4.67776090E-07
   273.815002      -4.67974047E-07
   273.929993      -4.68043282E-07
   274.045013      -4.67984364E-07
   274.160004      -4.67797861E-07
   274.274994      -4.67484398E-07
   274.390015      -4.67044600E-07
   274.505005      -4.66479094E-07
   274.619995      -4.65788617E-07
   274.734985      -4.64973795E-07
   274.850006      -4.64035423E-07
   274.964996      -4.62974214E-07
   275.079987      -4.61791018E-07
   275.195007      -4.60486660E-07
   275.309998      -4.59062051E-07
   275.424988      -4.57518240E-07
   275.540009      -4.55856252E-07
   275.654999      -4.54077224E-07
   275.769989      -4.52182235E-07
   275.885010      -4.50172479E-07
   276.000000      -4.48049093E-07
   276.114990      -4.45813185E-07
   276.230011      -4.43465808E-07
   276.345001      -4.41007927E-07
   276.459991      -4.38440537E-07
   276.575012      -4.35764463E-07
   276.690002      -4.32980528E-07
   276.804993      -4.30089415E-07
   276.920013      -4.27091862E-07
   277.035004      -4.23988411E-07
   277.149994      -4.20779685E-07
   277.265015      -4.17466168E-07
   277.380005      -4.14048429E-07
   277.494995      -4.10527008E-07
   277.609985      -4.06902473E-07
   277.725006      -4.03175449E-07
   277.839996      -3.99346703E-07
   277.954987      -3.95417004E-07
   278.070007      -3.91387317E-07
   278.184998      -3.87258666E-07
   278.299988      -3.83032159E-07
   278.415009      -3.78709046E-07
   278.529999      -3.74290636E-07
   278.644989      -3.69778405E-07
   278.760010      -3.65173889E-07
   278.875000      -3.60478737E-07
   278.989990      -3.55694709E-07
   279.105011      -3.50823626E-07
   279.220001      -3.45867534E-07
   279.334991      -3.40828393E-07
   279.450012      -3.35708364E-07
   279.565002      -3.30509522E-07
   279.679993      -3.25234055E-07
   279.795013      -3.19884094E-07
   279.910004      -3.14461801E-07
   280.024994      -3.08969277E-07
   280.140015      -3.03408598E-07
   280.255005      -2.97781867E-07
   280.369995      -2.92091016E-07
   280.484985      -2.86338008E-07
   280.600006      -2.80524688E-07
   280.714996      -2.74652820E-07
   280.829987      -2.68724079E-07
   280.945007      -2.62740087E-07
   281.059998      -2.56702322E-07
   281.174988      -2.50612203E-07
   281.290009      -2.44471266E-07
   281.404999      -2.38280904E-07
   281.519989      -2.32042652E-07
   281.635010      -2.25758072E-07
   281.750000      -2.19428927E-07
   281.864990      -2.13057021E-07
   281.980011      -2.06644273E-07
   282.095001      -2.00192716E-07
   282.209991      -1.93704466E-07
   282.325012      -1.87181698E-07
   282.440002      -1.80626600E-07
   282.554993      -1.74041361E-07
   282.670013      -1.67428155E-07
   282.785004      -1.60789128E-07
   282.899994      -1.54126369E-07
   283.015015      -1.47441853E-07
   283.130005      -1.40737541E-07
   283.244995      -1.34015309E-07
   283.359985      -1.27276948E-07
   283.475006      -1.20524220E-07
   283.589996      -1.13758837E-07
   283.704987      -1.06982469E-07
   283.820007      -1.00196814E-07
   283.934998      -9.34035143E-08
   284.049988      -8.66042598E-08
   284.165009      -7.98006852E-08
   284.279999      -7.29944603E-08
   284.394989      -6.61872477E-08
   284.510010      -5.93806462E-08
   284.625000      -5.25762580E-08
   284.739990      -4.57756784E-08
   284.855011      -3.89804811E-08
   284.970001      -3.21922151E-08
   285.084991      -2.54124615E-08
   285.200012      -1.86428029E-08
   285.315002      -1.18848344E-08
   285.429993      -5.14016874E-09
   285.545013       1.58960078E-09
   285.660004       8.30290681E-09
   285.774994       1.49982160E-08
   285.890015       2.16740474E-08
   286.005005       2.83290067E-08
   286.119995       3.49617544E-08
   286.234985       4.15710062E-08
   286.350006       4.81555027E-08
   286.464996       5.47140253E-08
   286.579987       6.12453022E-08
   286.695007       6.77480472E-08
   286.809998       7.42208925E-08
   286.924988       8.06623746E-08
   287.040009       8.70709584E-08
   287.154999       9.34449744E-08
   287.269989       9.97826888E-08
   287.385010       1.06082240E-07
   287.500000       1.12341723E-07
   287.614990       1.18559143E-07
   287.730011       1.24732466E-07
   287.845001       1.30859618E-07
   287.959991       1.36938496E-07
   288.075012       1.42967039E-07
   288.190002       1.48943158E-07
   288.304993       1.54864779E-07
   288.420013       1.60729854E-07
   288.535004       1.66536381E-07
   288.649994       1.72282384E-07
   288.765015       1.77965987E-07
   288.880005       1.83585328E-07
   288.994995       1.89138689E-07
   289.109985       1.94624477E-07
   289.225006       2.00041228E-07
   289.339996       2.05387707E-07
   289.454987       2.10662819E-07
   289.570007       2.15865711E-07
   289.684998       2.20995744E-07
   289.799988       2.26052407E-07
   289.915009       2.31035344E-07
   290.029999       2.35944313E-07
   290.144989       2.40779116E-07
   290.260010       2.45539582E-07
   290.375000       2.50225440E-07
   290.489990       2.54836493E-07
   290.605011       2.59372342E-07
   290.720001       2.63832618E-07
   290.834991       2.68216809E-07
   290.950012       2.72524375E-07
   291.065002       2.76754719E-07
   291.179993       2.80907187E-07
   291.295013       2.84981098E-07
   291.410004       2.88975656E-07
   291.524994       2.92890121E-07
   291.640015       2.96723641E-07
   291.755005       3.00475421E-07
   291.869995       3.04144606E-07
   291.984985       3.07730346E-07
   292.100006       3.11231929E-07
   292.214996       3.14648531E-07
   292.329987       3.17979527E-07
   292.445007       3.21224292E-07
   292.559998       3.24382313E-07
   292.674988       3.27453137E-07
   292.790009       3.30436421E-07
   292.904999       3.33331826E-07
   293.019989       3.36139095E-07
   293.135010       3.38858030E-07
   293.250000       3.41488402E-07
   293.364990       3.44030070E-07
   293.480011       3.46482835E-07
   293.595001       3.48846470E-07
   293.709991       3.51120804E-07
   293.825012       3.53305580E-07
   293.940002       3.55400630E-07
   294.054993       3.57405753E-07
   294.170013       3.59320779E-07
   294.285004       3.61145538E-07
   294.399994       3.62879945E-07
   294.515015       3.64523999E-07
   294.630005       3.66077700E-07
   294.744995       3.67541105E-07
   294.859985       3.68914243E-07
   294.975006       3.70197171E-07
   295.089996       3.71389916E-07
   295.204987       3.72492451E-07
   295.320007       3.73504719E-07
   295.434998       3.74426577E-07
   295.549988       3.75257940E-07
   295.665009       3.75998667E-07
   295.779999       3.76648529E-07
   295.894989       3.77207471E-07
   296.010010       3.77675377E-07
   296.125000       3.78052221E-07
   296.239990       3.78338001E-07
   296.355011       3.78532661E-07
   296.470001       3.78636372E-07
   296.584991       3.78649077E-07
   296.700012       3.78570860E-07
   296.815002       3.78401722E-07
   296.929993       3.78141664E-07
   297.045013       3.77790656E-07
   297.160004       3.77348670E-07
   297.274994       3.76815620E-07
   297.390015       3.76191565E-07
   297.505005       3.75476532E-07
   297.619995       3.74670634E-07
   297.734985       3.73774043E-07
   297.850006       3.72787071E-07
   297.964996       3.71710030E-07
   298.079987       3.70543319E-07
   298.195007       3.69287392E-07
   298.309998       3.67942789E-07
   298.424988       3.66509909E-07
   298.540009       3.64989319E-07
   298.654999       3.63381446E-07
   298.769989       3.61686801E-07
   298.885010       3.59905783E-07
   299.000000       3.58038903E-07
   299.114990       3.56086730E-07
   299.230011       3.54049746E-07
   299.345001       3.51928719E-07
   299.459991       3.49724417E-07
   299.575012       3.47437719E-07
   299.690002       3.45069679E-07
   299.804993       3.42621377E-07
   299.920013       3.40094033E-07
   300.035004       3.37488899E-07
   300.149994       3.34807197E-07
   300.265015       3.32050291E-07
   300.380005       3.29219375E-07
   300.494995       3.26315728E-07
   300.609985       3.23340601E-07
   300.725006       3.20295271E-07
   300.839996       3.17181019E-07
   300.954987       3.13999095E-07
   301.070007       3.10750892E-07
   301.184998       3.07437830E-07
   301.299988       3.04061331E-07
   301.415009       3.00622872E-07
   301.529999       2.97123989E-07
   301.644989       2.93566188E-07
   301.760010       2.89950947E-07
   301.875000       2.86279885E-07
   301.989990       2.82554424E-07
   302.105011       2.78776071E-07
   302.220001       2.74946274E-07
   302.334991       2.71066540E-07
   302.450012       2.67138290E-07
   302.565002       2.63163088E-07
   302.679993       2.59142439E-07
   302.795013       2.55077879E-07
   302.910004       2.50971055E-07
   303.024994       2.46823589E-07
   303.140015       2.42637157E-07
   303.255005       2.38413335E-07
   303.369995       2.34153802E-07
   303.484985       2.29860021E-07
   303.600006       2.25533412E-07
   303.714996       2.21175256E-07
   303.829987       2.16786660E-07
   303.945007       2.12368590E-07
   304.059998       2.07921843E-07
   304.174988       2.03447115E-07
   304.290009       1.98945003E-07
   304.404999       1.94416032E-07
   304.519989       1.89860728E-07
   304.635010       1.85279603E-07
   304.750000       1.80673226E-07
   304.864990       1.76042207E-07
   304.980011       1.71387242E-07
   305.095001       1.66709071E-07
   305.209991       1.62008504E-07
   305.325012       1.57286394E-07
   305.440002       1.52543635E-07
   305.554993       1.47781179E-07
   305.670013       1.43000051E-07
   305.785004       1.38201301E-07
   305.899994       1.33386067E-07
   306.015015       1.28555541E-07
   306.130005       1.23710976E-07
   306.244995       1.18853748E-07
   306.359985       1.13985280E-07
   306.475006       1.09107049E-07
   306.589996       1.04220661E-07
   306.704987       9.93277567E-08
   306.820007       9.44300353E-08
   306.934998       8.95292516E-08
   307.049988       8.46272101E-08
   307.165009       7.97257158E-08
   307.279999       7.48266302E-08
   307.394989       6.99318008E-08
   307.510010       6.50430181E-08
   307.625000       6.01621011E-08
   307.739990       5.52908226E-08
   307.855011       5.04308808E-08
   307.970001       4.55839597E-08
   308.084991       4.07516900E-08
   308.200012       3.59356456E-08
   308.315002       3.11373789E-08
   308.429993       2.63583875E-08
   308.545013       2.16001226E-08
   308.660004       1.68639911E-08
   308.774994       1.21513475E-08
   308.890015       7.46347606E-09
   309.005005       2.80160029E-09
   309.119995      -1.83313065E-09
   309.234985      -6.43963327E-09
   309.350006      -1.10168932E-08
   309.464996      -1.55639466E-08
   309.579987      -2.00798667E-08
   309.695007      -2.45637661E-08
   309.809998      -2.90147817E-08
   309.924988      -3.34320731E-08
   310.040009      -3.78148037E-08
   310.154999      -4.21621706E-08
   310.269989      -4.64733851E-08
   310.385010      -5.07477012E-08
