   0.00000000       0.00000000    
  0.115000002       0.00000000    
  0.230000004       0.00000000    
  0.344999999       0.00000000    
  0.460000008       0.00000000    
  0.574999988       0.00000000    
  0.689999998       0.00000000    
  0.805000007      -4.95486297E-34
  0.920000017      -1.31801046E-33
   1.03499997       4.21527396E-32
   1.14999998       5.38851877E-31
   1.26499999       3.70282601E-30
   1.38000000       1.84152035E-29
   1.49500000       7.35799068E-29
   1.61000001       2.49382168E-28
   1.72500002       7.41381291E-28
   1.84000003       1.97765503E-27
   1.95500004       4.81147721E-27
   2.06999993       1.08070423E-26
   2.18499994       2.26181444E-26
   2.29999995       4.44236665E-26
   2.41499996       8.23243469E-26
   2.52999997       1.44521512E-25
   2.64499998       2.40994147E-25
   2.75999999       3.82281723E-25
   2.87500000       5.76886634E-25
   2.99000001       8.26764390E-25
   3.10500002       1.12039114E-24
   3.22000003       1.42301159E-24
   3.33500004       1.66386720E-24
   3.45000005       1.72051904E-24
   3.56500006       1.40088473E-24
   3.68000007       4.24593240E-25
   3.79500008      -1.59287405E-24
   3.91000009      -5.14620787E-24
   4.02500010      -1.08235124E-23
   4.13999987      -1.92452195E-23
   4.25500011      -3.09267049E-23
   4.36999989      -4.60237450E-23
   4.48500013      -6.39181869E-23
   4.59999990      -8.26163361E-23
   4.71500015      -9.79754516E-23
   4.82999992      -1.02853748E-22
   4.94500017      -8.64000348E-23
   5.05999994      -3.38498132E-23
   5.17500019       7.26560710E-23
   5.28999996       2.51620123E-22
   5.40500021       5.17532336E-22
   5.51999998       8.73693063E-22
   5.63500023       1.30274282E-21
   5.75000000       1.75598408E-21
   5.86499977       2.14368379E-21
   5.98000002       2.32972895E-21
   6.09499979       2.13493701E-21
   6.21000004       1.35360009E-21
   6.32499981      -2.13019228E-22
   6.44000006      -2.70493210E-21
   6.55499983      -6.13619017E-21
   6.67000008      -1.03206331E-20
   6.78499985      -1.48054877E-20
   6.90000010      -1.88336989E-20
   7.01499987      -2.13594384E-20
   7.13000011      -2.11406313E-20
   7.24499989      -1.69252769E-20
   7.36000013      -7.73376553E-21
   7.47499990       6.78261607E-21
   7.59000015       2.59543346E-20
   7.70499992       4.77537992E-20
   7.82000017       6.86037751E-20
   7.93499994       8.34465295E-20
   8.05000019       8.61776537E-20
   8.16499996       7.05131083E-20
   8.27999973       3.12919259E-20
   8.39500046      -3.38765971E-20
   8.51000023      -1.22825581E-19
   8.62500000      -2.27222792E-19
   8.73999977      -3.31556685E-19
   8.85499954      -4.13176613E-19
   8.97000027      -4.43816416E-19
   9.08500004      -3.92901795E-19
   9.19999981      -2.32702786E-19
   9.31499958       5.49503319E-20
   9.43000031       4.71080496E-19
   9.54500008       9.92235818E-19
   9.65999985       1.56492098E-18
   9.77499962       2.10351802E-18
   9.89000034       2.49341167E-18
   10.0050001       2.60069969E-18
   10.1199999       2.28916506E-18
   10.2349997       1.44412583E-18
   10.3500004       1.42724602E-21
   10.4650002      -2.02166643E-18
   10.5799999      -4.49833638E-18
   10.6949997      -7.17258814E-18
   10.8100004      -9.65436242E-18
   10.9250002      -1.14351516E-17
   11.0400000      -1.19284019E-17
   11.1549997      -1.05362801E-17
   11.2700005      -6.74066710E-18
   11.3850002      -2.11775969E-19
   11.5000000       9.07692749E-18
   11.6149998       2.07431007E-17
   11.7299995       3.39178396E-17
   11.8450003       4.72156216E-17
   11.9600000       5.87699451E-17
   12.0749998       6.63479386E-17
   12.1899996       6.75494482E-17
   12.3050003       6.00851622E-17
   12.4200001       4.21163145E-17
   12.5349998       1.26250468E-17
   12.6499996      -2.82267939E-17
   12.7650003      -7.88012486E-17
   12.8800001      -1.35804475E-16
   12.9949999      -1.94274458E-16
   13.1099997      -2.47776672E-16
   13.2250004      -2.88829579E-16
   13.3400002      -3.09557164E-16
   13.4549999      -3.02536505E-16
   13.5699997      -2.61777041E-16
   13.6850004      -1.83739710E-16
   13.8000002      -6.82817280E-17
   13.9150000       8.06004259E-17
   14.0299997       2.54355709E-16
   14.1450005       4.39901373E-16
   14.2600002       6.20161366E-16
   14.3750000       7.75152831E-16
   14.4899998       8.83593695E-16
   14.6049995       9.24943038E-16
   14.7200003       8.81720641E-16
   14.8350000       7.41899641E-16
   14.9499998       5.01124650E-16
   15.0649996       1.64489616E-16
   15.1800003      -2.52379449E-16
   15.2950001      -7.23157185E-16
   15.4099998      -1.21171875E-15
   15.5249996      -1.67416846E-15
   15.6400003      -2.06195200E-15
   15.7550001      -2.32588302E-15
   15.8699999      -2.42081063E-15
   15.9849997      -2.31054283E-15
   16.1000004      -1.97257732E-15
   16.2150002      -1.40215081E-15
   16.3299999      -6.15128561E-16
   16.4449997       3.50687099E-16
   16.5599995       1.43614711E-15
   16.6749992       2.56341329E-15
   16.7900009       3.64067593E-15
   16.9050007       4.56872928E-15
   17.0200005       5.24900303E-15
   17.1350002       5.59247828E-15
   17.2500000       5.52876701E-15
   17.3649998       5.01455406E-15
   17.4799995       4.04057586E-15
   17.5949993       2.63635723E-15
   17.7099991       8.72065365E-16
   17.8250008      -1.14298234E-15
   17.9400005      -3.26534865E-15
   18.0550003      -5.32596572E-15
   18.1700001      -7.14167613E-15
   18.2849998      -8.52913897E-15
   18.3999996      -9.32014746E-15
   18.5149994      -9.37719429E-15
   18.6299992      -8.60802823E-15
   18.7450008      -6.97790951E-15
   18.8600006      -4.51836851E-15
   18.9750004      -1.33147258E-15
   19.0900002       2.41110893E-15
   19.2049999       6.47456823E-15
   19.3199997       1.05728863E-14
   19.4349995       1.43856705E-14
   19.5499992       1.75789881E-14
   19.6650009       1.98288533E-14
   19.7800007       2.08457925E-14
   19.8950005       2.03986777E-14
   20.0100002       1.83360610E-14
   20.1250000       1.46032529E-14
   20.2399998       9.25368164E-15
   20.3549995       2.45343241E-15
   20.4699993      -5.52173155E-15
   20.5849991      -1.42969539E-14
   20.7000008      -2.34160496E-14
   20.8150005      -3.23654847E-14
   20.9300003      -4.06031240E-14
   21.0450001      -4.75898380E-14
   21.1599998      -5.28219368E-14
   21.2749996      -5.58621041E-14
   21.3899994      -5.63667900E-14
   21.5049992      -5.41080581E-14
   21.6200008      -4.89883877E-14
   21.7350006      -4.10473793E-14
   21.8500004      -3.04600332E-14
   21.9650002      -1.75268024E-14
   22.0799999      -2.65635398E-15
   22.1949997       1.36573704E-14
   22.3099995       3.08619165E-14
   22.4249992       4.83744006E-14
   22.5400009       6.56086445E-14
   22.6550007       8.19989828E-14
   22.7700005       9.70186930E-14
   22.8850002       1.10191797E-13
   23.0000000       1.21097549E-13
   23.1149998       1.29367722E-13
   23.2299995       1.34678130E-13
   23.3449993       1.36736122E-13
   23.4599991       1.35266920E-13
   23.5750008       1.30002156E-13
   23.6900005       1.20673694E-13
   23.8050003       1.07016209E-13
   23.9200001       8.87806742E-14
   24.0349998       6.57604329E-14
   24.1499996       3.78298941E-14
   24.2649994       4.99408974E-15
   24.3799992      -3.25538716E-14
   24.4950008      -7.43727250E-14
   24.6100006      -1.19716384E-13
   24.7250004      -1.67488094E-13
   24.8400002      -2.16212952E-13
   24.9549999      -2.64035918E-13
   25.0699997      -3.08751614E-13
   25.1849995      -3.47869628E-13
   25.2999992      -3.78717375E-13
   25.4150009      -3.98578252E-13
   25.5300007      -4.04860715E-13
   25.6450005      -3.95289351E-13
   25.7600002      -3.68106831E-13
   25.8750000      -3.22272536E-13
   25.9899998      -2.57642459E-13
   26.1049995      -1.75114521E-13
   26.2199993      -7.67238988E-14
   26.3349991       3.43240214E-14
   26.4500008       1.53693613E-13
   26.5650005       2.76036355E-13
   26.6800003       3.95186325E-13
   26.7950001       5.04428476E-13
   26.9099998       5.96829335E-13
   27.0249996       6.65614157E-13
   27.1399994       7.04571275E-13
   27.2549992       7.08460688E-13
   27.3700008       6.73403282E-13
   27.4850006       5.97225448E-13
   27.6000004       4.79737886E-13
   27.7150002       3.22927422E-13
   27.8299999       1.31047300E-13
   27.9449997      -8.94048561E-14
   28.0599995      -3.29825604E-13
   28.1749992      -5.79759710E-13
   28.2900009      -8.27262141E-13
   28.4050007      -1.05935508E-12
   28.5200005      -1.26256286E-12
   28.6350002      -1.42350205E-12
   28.7500000      -1.52950320E-12
   28.8649998      -1.56923801E-12
   28.9799995      -1.53332371E-12
   29.0949993      -1.41487798E-12
   29.2099991      -1.21000042E-12
   29.3250008      -9.18154008E-13
   29.4400005      -5.42429328E-13
   29.5550003      -8.96721120E-14
   29.6700001       4.29535232E-13
   29.7849998       1.00104777E-12
   29.8999996       1.60748617E-12
   30.0149994       2.22871461E-12
   30.1299992       2.84245717E-12
   30.2450008       3.42503283E-12
   30.3600006       3.95218537E-12
   30.4750004       4.39997691E-12
   30.5900002       4.74570687E-12
   30.7049999       4.96882657E-12
   30.8199997       5.05179709E-12
   30.9349995       4.98085991E-12
   31.0499992       4.74667874E-12
   31.1650009       4.34482398E-12
   31.2800007       3.77606887E-12
   31.3950005       3.04648906E-12
   31.5100002       2.16735484E-12
   31.6250000       1.15482515E-12
   31.7399998       2.94535074E-14
   31.8549995      -1.18445878E-12
   31.9699993      -2.45963297E-12
   32.0849991      -3.76666363E-12
   32.2000008      -5.07490447E-12
   32.3149986      -6.35334580E-12
   32.4300003      -7.57144000E-12
   32.5449982      -8.69983599E-12
   32.6599998      -9.71100284E-12
   32.7750015      -1.05797194E-11
   32.8899994      -1.12834238E-11
   33.0050011      -1.18024297E-11
   33.1199989      -1.21200307E-11
   33.2350006      -1.22225112E-11
   33.3499985      -1.20990978E-11
   33.4650002      -1.17418818E-11
   33.5800018      -1.11457614E-11
   33.6949997      -1.03084069E-11
   33.8100014      -9.23029708E-12
   33.9249992      -7.91483545E-12
   34.0400009      -6.36853200E-12
   34.1549988      -4.60126685E-12
   34.2700005      -2.62660727E-12
   34.3849983      -4.62145621E-13
   34.5000000       1.87017762E-12
   34.6150017       4.34378488E-12
   34.7299995       6.92727820E-12
   34.8450012       9.58438103E-12
   34.9599991       1.22740273E-11
   35.0750008       1.49506484E-11
   35.1899986       1.75646459E-11
   35.3050003       2.00630883E-11
   35.4199982       2.23905686E-11
   35.5349998       2.44902640E-11
   35.6500015       2.63051213E-11
   35.7649994       2.77791627E-11
   35.8800011       2.88588632E-11
   35.9949989       2.94945492E-11
   36.1100006       2.96417717E-11
   36.2249985       2.92626375E-11
   36.3400002       2.83270265E-11
   36.4550018       2.68136780E-11
   36.5699997       2.47111446E-11
   36.6850014       2.20185259E-11
   36.7999992       1.87460325E-11
   36.9150009       1.49153259E-11
   37.0299988       1.05596590E-11
   37.1450005       5.72379904E-12
   37.2599983       4.63720533E-13
   37.3750000      -5.15388513E-12
   37.4900017      -1.10523188E-11
   37.6049995      -1.71457744E-11
   37.7200012      -2.33403748E-11
   37.8349991      -2.95354192E-11
   37.9500008      -3.56247150E-11
   38.0649986      -4.14980862E-11
   38.1800003      -4.70428904E-11
   38.2949982      -5.21457079E-11
   38.4099998      -5.66940141E-11
   38.5250015      -6.05778969E-11
   38.6399994      -6.36918018E-11
   38.7550011      -6.59362911E-11
   38.8699989      -6.72197367E-11
   38.9850006      -6.74600792E-11
   39.0999985      -6.65865002E-11
   39.2150002      -6.45411155E-11
   39.3300018      -6.12806125E-11
   39.4449997      -5.67778706E-11
   39.5600014      -5.10235396E-11
   39.6749992      -4.40275524E-11
   39.7900009      -3.58205028E-11
   39.9049988      -2.64549441E-11
   40.0200005      -1.60064323E-11
   40.1349983      -4.57436649E-12
   40.2500000       7.71755403E-12
   40.3650017       2.07212615E-11
   40.4799995       3.42647230E-11
   40.5950012       4.81529747E-11
   40.7099991       6.21697555E-11
   40.8250008       7.60798299E-11
   40.9399986       8.96320310E-11
   41.0550003       1.02563028E-10
   41.1699982       1.14601786E-10
   41.2849998       1.25474658E-10
   41.4000015       1.34910930E-10
   41.5149994       1.42648865E-10
   41.6300011       1.48441967E-10
   41.7449989       1.52065194E-10
   41.8600006       1.53321203E-10
   41.9749985       1.52046084E-10
   42.0900002       1.48114729E-10
   42.2050018       1.41445397E-10
   42.3199997       1.32003422E-10
   42.4350014       1.19803931E-10
   42.5499992       1.04913543E-10
   42.6650009       8.74508382E-11
   42.7799988       6.75857564E-11
   42.8950005       4.55379102E-11
   43.0099983       2.15738330E-11
   43.1250000      -3.99669100E-12
   43.2400017      -3.08249815E-11
   43.3549995      -5.85284876E-11
   43.4700012      -8.66962752E-11
   43.5849991      -1.14894712E-10
   43.7000008      -1.42673248E-10
   43.8149986      -1.69570052E-10
   43.9300003      -1.95117436E-10
   44.0449982      -2.18846996E-10
   44.1599998      -2.40294035E-10
   44.2750015      -2.59001681E-10
   44.3899994      -2.74524264E-10
   44.5050011      -2.86429908E-10
   44.6199989      -2.94302915E-10
   44.7350006      -2.97745106E-10
   44.8499985      -2.96377034E-10
   44.9650002      -2.89838736E-10
   45.0800018      -2.77789958E-10
   45.1949997      -2.59910621E-10
   45.3100014      -2.35901049E-10
   45.4249992      -2.05482326E-10
   45.5400009      -1.68397005E-10
   45.6549988      -1.24410218E-10
   45.7700005      -7.33108643E-11
   45.8849983      -1.49137074E-11
   46.0000000       5.09382397E-11
   46.1150017       1.24371111E-10
   46.2299995       2.05476761E-10
   46.3450012       2.94309854E-10
   46.4599991       3.90883770E-10
   46.5750008       4.95167962E-10
   46.6899986       6.07084605E-10
   46.8050003       7.26506022E-10
   46.9199982       8.53253024E-10
   47.0349998       9.87093629E-10
   47.1500015       1.12774323E-09
   47.2649994       1.27486532E-09
   47.3800011       1.42807333E-09
   47.4949989       1.58693436E-09
   47.6100006       1.75097237E-09
   47.7249985       1.91967442E-09
   47.8400002       2.09249529E-09
   47.9550018       2.26886465E-09
   48.0699997       2.44819431E-09
   48.1850014       2.62988520E-09
   48.2999992       2.81333423E-09
   48.4150009       2.99794145E-09
   48.5299988       3.18311755E-09
   48.6450005       3.36828920E-09
   48.7599983       3.55290308E-09
   48.8750000       3.73643294E-09
   48.9900017       3.91837895E-09
   49.1049995       4.09827328E-09
   49.2200012       4.27567715E-09
   49.3349991       4.45018333E-09
   49.4500008       4.62141037E-09
   49.5649986       4.78900297E-09
   49.6800003       4.95262364E-09
   49.7949982       5.11195042E-09
   49.9099998       5.26666799E-09
   50.0250015       5.41646328E-09
   50.1399994       5.56101520E-09
   50.2550011       5.69999115E-09
   50.3699989       5.83303761E-09
   50.4850006       5.95977623E-09
   50.5999985       6.07979667E-09
   50.7150002       6.19265306E-09
   50.8300018       6.29786134E-09
   50.9449997       6.39489883E-09
   51.0600014       6.48319931E-09
   51.1749992       6.56215837E-09
   51.2900009       6.63113386E-09
   51.4049988       6.68944722E-09
   51.5200005       6.73638878E-09
   51.6349983       6.77122136E-09
   51.7500000       6.79318379E-09
   51.8650017       6.80149670E-09
   51.9799995       6.79536605E-09
   52.0950012       6.77398582E-09
   52.2099991       6.73654332E-09
   52.3250008       6.68222144E-09
   52.4399986       6.61020083E-09
   52.5550003       6.51966214E-09
   52.6699982       6.40978470E-09
   52.7849998       6.27975005E-09
   52.9000015       6.12874196E-09
   53.0149994       5.95594463E-09
   53.1300011       5.76054582E-09
   53.2449989       5.54173507E-09
   53.3600006       5.29870281E-09
   53.4749985       5.03064435E-09
   53.5900002       4.73675810E-09
   53.7050018       4.41624737E-09
   53.8199997       4.06832257E-09
   53.9350014       3.69220032E-09
   54.0499992       3.28710992E-09
   54.1650009       2.85228907E-09
   54.2799988       2.38699016E-09
   54.3950005       1.89047955E-09
   54.5099983       1.36203915E-09
   54.6250000       8.00967681E-10
   54.7400017       2.06579337E-10
   54.8549995      -4.21795238E-10
   54.9700012      -1.08481080E-09
   55.0849991      -1.78310877E-09
   55.2000008      -2.51732168E-09
   55.3149986      -3.28807026E-09
   55.4300003      -4.09597511E-09
   55.5449982      -4.94165331E-09
   55.6599998      -5.82572746E-09
   55.7750015      -6.74882772E-09
   55.8899994      -7.71160025E-09
   56.0050011      -8.71470451E-09
   56.1199989      -9.75882752E-09
   56.2350006      -1.08446807E-08
   56.3499985      -1.19730066E-08
   56.4650002      -1.31445805E-08
   56.5800018      -1.43602099E-08
   56.6949997      -1.56207438E-08
   56.8100014      -1.69270642E-08
   56.9249992      -1.82800957E-08
   57.0400009      -1.96807974E-08
   57.1549988      -2.11301643E-08
   57.2700005      -2.26292300E-08
   57.3849983      -2.41790516E-08
   57.5000000      -2.57807251E-08
   57.6150017      -2.74353731E-08
   57.7299995      -2.91441395E-08
   57.8450012      -3.09082004E-08
   57.9599991      -3.27287388E-08
   58.0750008      -3.46069662E-08
   58.1899986      -3.65441082E-08
   58.3050003      -3.85413941E-08
   58.4199982      -4.06000602E-08
   58.5349998      -4.27213429E-08
   58.6500015      -4.49064750E-08
   58.7649994      -4.71566821E-08
   58.8800011      -4.94731545E-08
   58.9949989      -5.18570609E-08
   59.1100006      -5.43095204E-08
   59.2249985      -5.68315990E-08
   59.3400002      -5.94243019E-08
   59.4550018      -6.20885388E-08
   59.5699997      -6.48251657E-08
   59.6850014      -6.76348790E-08
   59.7999992      -7.05182899E-08
   59.9150009      -7.34758459E-08
   60.0299988      -7.65078951E-08
   60.1450005      -7.96146082E-08
   60.2599983      -8.27959923E-08
   60.3750000      -8.60519194E-08
   60.4900017      -8.93820911E-08
   60.6049995      -9.27860384E-08
   60.7200012      -9.62631432E-08
   60.8349991      -9.98126382E-08
   60.9500008      -1.03433621E-07
   61.0649986      -1.07125054E-07
   61.1800003      -1.10885793E-07
   61.2949982      -1.14714595E-07
   61.4099998      -1.18610139E-07
   61.5250015      -1.22571052E-07
   61.6399994      -1.26595907E-07
   61.7550011      -1.30683247E-07
   61.8699989      -1.34831666E-07
   61.9850006      -1.39039713E-07
   62.0999985      -1.43306025E-07
   62.2150002      -1.47629279E-07
   62.3300018      -1.52008212E-07
   62.4449997      -1.56441686E-07
   62.5600014      -1.60928650E-07
   62.6749992      -1.65468208E-07
   62.7900009      -1.70059550E-07
   62.9049988      -1.74702052E-07
   63.0200005      -1.79395229E-07
   63.1349983      -1.84138813E-07
   63.2500000      -1.88932660E-07
   63.3650017      -1.93776856E-07
   63.4799995      -1.98671657E-07
   63.5950012      -2.03617489E-07
   63.7099991      -2.08615020E-07
   63.8250008      -2.13665047E-07
   63.9399986      -2.18768577E-07
   64.0550003      -2.23926790E-07
   64.1699982      -2.29141051E-07
   64.2850037      -2.34412838E-07
   64.4000015      -2.39743798E-07
   64.5149994      -2.45135652E-07
   64.6299973      -2.50590261E-07
   64.7450027      -2.56109558E-07
   64.8600006      -2.61695590E-07
   64.9749985      -2.67350345E-07
   65.0899963      -2.73075926E-07
   65.2050018      -2.78874353E-07
   65.3199997      -2.84747784E-07
   65.4349976      -2.90698154E-07
   65.5500031      -2.96727478E-07
   65.6650009      -3.02837606E-07
   65.7799988      -3.09030298E-07
   65.8949966      -3.15307290E-07
   66.0100021      -3.21670058E-07
   66.1250000      -3.28119938E-07
   66.2399979      -3.34658182E-07
   66.3550034      -3.41285755E-07
   66.4700012      -3.48003425E-07
   66.5849991      -3.54811817E-07
   66.6999969      -3.61711216E-07
   66.8150024      -3.68701677E-07
   66.9300003      -3.75782975E-07
   67.0449982      -3.82954596E-07
   67.1600037      -3.90215774E-07
   67.2750015      -3.97565401E-07
   67.3899994      -4.05002055E-07
   67.5049973      -4.12524003E-07
   67.6200027      -4.20129254E-07
   67.7350006      -4.27815309E-07
   67.8499985      -4.35579693E-07
   67.9649963      -4.43419310E-07
   68.0800018      -4.51331005E-07
   68.1949997      -4.59311281E-07
   68.3099976      -4.67356472E-07
   68.4250031      -4.75462684E-07
   68.5400009      -4.83625854E-07
   68.6549988      -4.91841718E-07
   68.7699966      -5.00106012E-07
   68.8850021      -5.08414303E-07
   69.0000000      -5.16761929E-07
   69.1149979      -5.25144515E-07
   69.2300034      -5.33557397E-07
   69.3450012      -5.41995860E-07
   69.4599991      -5.50455525E-07
   69.5749969      -5.58931731E-07
   69.6900024      -5.67420102E-07
   69.8050003      -5.75916204E-07
   69.9199982      -5.84415773E-07
   70.0350037      -5.92914603E-07
   70.1500015      -6.01408772E-07
   70.2649994      -6.09894471E-07
   70.3799973      -6.18367892E-07
   70.4950027      -6.26825681E-07
   70.6100006      -6.35264371E-07
   70.7249985      -6.43681062E-07
   70.8399963      -6.52072742E-07
   70.9550018      -6.60436797E-07
   71.0699997      -6.68770781E-07
   71.1849976      -6.77072478E-07
   71.3000031      -6.85339842E-07
   71.4150009      -6.93571110E-07
   71.5299988      -7.01764691E-07
   71.6449966      -7.09919277E-07
   71.7600021      -7.18033846E-07
   71.8750000      -7.26107260E-07
   71.9899979      -7.34139007E-07
   72.1050034      -7.42128464E-07
   72.2200012      -7.50075287E-07
   72.3349991      -7.57979421E-07
   72.4499969      -7.65840809E-07
   72.5650024      -7.73659451E-07
   72.6800003      -7.81435574E-07
   72.7949982      -7.89169462E-07
   72.9100037      -7.96861343E-07
   73.0250015      -8.04511558E-07
   73.1399994      -8.12120390E-07
   73.2549973      -8.19688069E-07
   73.3700027      -8.27214762E-07
   73.4850006      -8.34700643E-07
   73.5999985      -8.42145766E-07
   73.7149963      -8.49549963E-07
   73.8300018      -8.56913175E-07
   73.9449997      -8.64234948E-07
   74.0599976      -8.71514828E-07
   74.1750031      -8.78752132E-07
   74.2900009      -8.85945951E-07
   74.4049988      -8.93095546E-07
   74.5199966      -9.00199552E-07
   74.6350021      -9.07256776E-07
   74.7500000      -9.14265627E-07
   74.8649979      -9.21224512E-07
   74.9800034      -9.28131556E-07
   75.0950012      -9.34984598E-07
   75.2099991      -9.41781650E-07
   75.3249969      -9.48520324E-07
   75.4400024      -9.55198061E-07
   75.5550003      -9.61812361E-07
   75.6699982      -9.68360382E-07
   75.7850037      -9.74839395E-07
   75.9000015      -9.81246444E-07
   76.0149994      -9.87578460E-07
   76.1299973      -9.93832487E-07
   76.2450027      -1.00000534E-06
   76.3600006      -1.00609407E-06
   76.4749985      -1.01209548E-06
   76.5899963      -1.01800651E-06
   76.7050018      -1.02382410E-06
   76.8199997      -1.02954516E-06
   76.9349976      -1.03516686E-06
   77.0500031      -1.04068624E-06
   77.1650009      -1.04610058E-06
   77.2799988      -1.05140691E-06
   77.3949966      -1.05660263E-06
   77.5100021      -1.06168534E-06
   77.6250000      -1.06665243E-06
   77.7399979      -1.07150163E-06
   77.8550034      -1.07623089E-06
   77.9700012      -1.08083816E-06
   78.0849991      -1.08532163E-06
   78.1999969      -1.08967947E-06
   78.3150024      -1.09391044E-06
   78.4300003      -1.09801294E-06
   78.5449982      -1.10198596E-06
   78.6600037      -1.10582835E-06
   78.7750015      -1.10953931E-06
   78.8899994      -1.11311829E-06
   79.0049973      -1.11656482E-06
   79.1200027      -1.11987845E-06
   79.2350006      -1.12305906E-06
   79.3499985      -1.12610678E-06
   79.4649963      -1.12902160E-06
   79.5800018      -1.13180397E-06
   79.6949997      -1.13445412E-06
   79.8099976      -1.13697274E-06
   79.9250031      -1.13936017E-06
   80.0400009      -1.14161719E-06
   80.1549988      -1.14374416E-06
   80.2699966      -1.14574209E-06
   80.3850021      -1.14761144E-06
   80.5000000      -1.14935278E-06
   80.6149979      -1.15096657E-06
   80.7300034      -1.15245336E-06
   80.8450012      -1.15381363E-06
   80.9599991      -1.15504758E-06
   81.0749969      -1.15615546E-06
   81.1900024      -1.15713760E-06
   81.3050003      -1.15799412E-06
   81.4199982      -1.15872501E-06
   81.5350037      -1.15933040E-06
   81.6500015      -1.15981027E-06
   81.7649994      -1.16016440E-06
   81.8799973      -1.16039291E-06
   81.9950027      -1.16049546E-06
   82.1100006      -1.16047192E-06
   82.2249985      -1.16032197E-06
   82.3399963      -1.16004526E-06
   82.4550018      -1.15964133E-06
   82.5699997      -1.15910973E-06
   82.6849976      -1.15844966E-06
   82.8000031      -1.15766079E-06
   82.9150009      -1.15674220E-06
   83.0299988      -1.15569321E-06
   83.1449966      -1.15451292E-06
   83.2600021      -1.15320029E-06
   83.3750000      -1.15175465E-06
   83.4899979      -1.15017463E-06
   83.6050034      -1.14845932E-06
   83.7200012      -1.14660759E-06
   83.8349991      -1.14461830E-06
   83.9499969      -1.14249031E-06
   84.0650024      -1.14022248E-06
   84.1800003      -1.13781368E-06
   84.2949982      -1.13526289E-06
   84.4100037      -1.13256908E-06
   84.5250015      -1.12973134E-06
   84.6399994      -1.12674877E-06
   84.7549973      -1.12362079E-06
   84.8700027      -1.12034684E-06
   84.9850006      -1.11692634E-06
   85.0999985      -1.11335896E-06
   85.2149963      -1.10964470E-06
   85.3300018      -1.10578344E-06
   85.4449997      -1.10177518E-06
   85.5599976      -1.09762038E-06
   85.6750031      -1.09331938E-06
   85.7900009      -1.08887275E-06
   85.9049988      -1.08428105E-06
   86.0199966      -1.07954520E-06
   86.1350021      -1.07466599E-06
   86.2500000      -1.06964444E-06
   86.3649979      -1.06448181E-06
   86.4800034      -1.05917911E-06
   86.5950012      -1.05373783E-06
   86.7099991      -1.04815933E-06
   86.8249969      -1.04244509E-06
   86.9400024      -1.03659693E-06
   87.0550003      -1.03061654E-06
   87.1699982      -1.02450565E-06
   87.2850037      -1.01826606E-06
   87.4000015      -1.01189960E-06
   87.5149994      -1.00540831E-06
   87.6299973      -9.98794349E-07
   87.7450027      -9.92059540E-07
   87.8600006      -9.85205816E-07
   87.9749985      -9.78235221E-07
   88.0899963      -9.71149689E-07
   88.2050018      -9.63951038E-07
   88.3199997      -9.56641088E-07
   88.4349976      -9.49221715E-07
   88.5500031      -9.41694452E-07
   88.6650009      -9.34060893E-07
   88.7799988      -9.26322684E-07
   88.8949966      -9.18481078E-07
   89.0100021      -9.10537494E-07
   89.1250000      -9.02493127E-07
   89.2399979      -8.94349114E-07
   89.3550034      -8.86106420E-07
   89.4700012      -8.77765785E-07
   89.5849991      -8.69328062E-07
   89.6999969      -8.60793762E-07
   89.8150024      -8.52163453E-07
   89.9300003      -8.43437306E-07
   90.0449982      -8.34615832E-07
   90.1600037      -8.25698919E-07
   90.2750015      -8.16686679E-07
   90.3899994      -8.07579113E-07
   90.5049973      -7.98375993E-07
   90.6200027      -7.89077092E-07
   90.7350006      -7.79682239E-07
   90.8499985      -7.70191036E-07
   90.9649963      -7.60603143E-07
   91.0800018      -7.50918218E-07
   91.1949997      -7.41135750E-07
   91.3099976      -7.31255454E-07
   91.4250031      -7.21276820E-07
   91.5400009      -7.11199391E-07
   91.6549988      -7.01022827E-07
   91.7699966      -6.90746845E-07
   91.8850021      -6.80371215E-07
   92.0000000      -6.69895826E-07
   92.1149979      -6.59320563E-07
   92.2300034      -6.48645482E-07
   92.3450012      -6.37870869E-07
   92.4599991      -6.26996950E-07
   92.5749969      -6.16024352E-07
   92.6900024      -6.04953641E-07
   92.8050003      -5.93785728E-07
   92.9199982      -5.82521523E-07
   93.0350037      -5.71162332E-07
   93.1500015      -5.59709406E-07
   93.2649994      -5.48164280E-07
   93.3799973      -5.36528432E-07
   93.4950027      -5.24803681E-07
   93.6100006      -5.12991789E-07
   93.7249985      -5.01094746E-07
   93.8399963      -4.89114484E-07
   93.9550018      -4.77053163E-07
   94.0699997      -4.64912858E-07
   94.1849976      -4.52695758E-07
   94.3000031      -4.40404023E-07
   94.4150009      -4.28039840E-07
   94.5299988      -4.15605427E-07
   94.6449966      -4.03102774E-07
   94.7600021      -3.90534098E-07
   94.8750000      -3.77901443E-07
   94.9899979      -3.65206830E-07
   95.1050034      -3.52452247E-07
   95.2200012      -3.39639627E-07
   95.3349991      -3.26770987E-07
   95.4499969      -3.13848119E-07
   95.5650024      -3.00872927E-07
   95.6800003      -2.87847229E-07
   95.7949982      -2.74772816E-07
   95.9100037      -2.61651394E-07
   96.0250015      -2.48484753E-07
   96.1399994      -2.35274641E-07
   96.2549973      -2.22022678E-07
   96.3700027      -2.08730597E-07
   96.4850006      -1.95400062E-07
   96.5999985      -1.82032750E-07
   96.7149963      -1.68630208E-07
   96.8300018      -1.55194115E-07
   96.9449997      -1.41726019E-07
   97.0599976      -1.28227398E-07
   97.1750031      -1.14699766E-07
   97.2900009      -1.01144586E-07
   97.4049988      -8.75630732E-08
   97.5199966      -7.39566630E-08
   97.6350021      -6.03266699E-08
   97.7500000      -4.66743906E-08
   97.8649979      -3.30010792E-08
   97.9800034      -1.93080751E-08
   98.0950012      -5.59664626E-09
   98.2099991       8.13178680E-09
   98.3249969       2.18757901E-08
   98.4400024       3.56339100E-08
   98.5550003       4.94046581E-08
   98.6699982       6.31865262E-08
   98.7850037       7.69779760E-08
   98.9000015       9.07773483E-08
   99.0149994       1.04583066E-07
   99.1299973       1.18393501E-07
   99.2450027       1.32207020E-07
   99.3600006       1.46022032E-07
   99.4749985       1.59836887E-07
   99.5899963       1.73650136E-07
   99.7050018       1.87460117E-07
   99.8199997       2.01265408E-07
   99.9349976       2.15064503E-07
   100.050003       2.28855953E-07
   100.165001       2.42638464E-07
   100.279999       2.56410601E-07
   100.394997       2.70171086E-07
   100.510002       2.83918752E-07
   100.625000       2.97652292E-07
   100.739998       3.11370599E-07
   100.855003       3.25072676E-07
   100.970001       3.38757360E-07
   101.084999       3.52423655E-07
   101.199997       3.66070708E-07
   101.315002       3.79697582E-07
   101.430000       3.93303395E-07
   101.544998       4.06887409E-07
   101.660004       4.20448799E-07
   101.775002       4.33986656E-07
   101.889999       4.47500298E-07
   102.004997       4.60988815E-07
   102.120003       4.74451525E-07
   102.235001       4.87887803E-07
   102.349998       5.01296995E-07
   102.464996       5.14678618E-07
   102.580002       5.28032217E-07
   102.695000       5.41357394E-07
   102.809998       5.54654093E-07
   102.925003       5.67922200E-07
   103.040001       5.81161771E-07
   103.154999       5.94372978E-07
   103.269997       6.07556217E-07
   103.385002       6.20711774E-07
   103.500000       6.33840216E-07
   103.614998       6.46942226E-07
   103.730003       6.60018316E-07
   103.845001       6.73069223E-07
   103.959999       6.86095746E-07
   104.074997       6.99098734E-07
   104.190002       7.12078815E-07
   104.305000       7.25036728E-07
   104.419998       7.37973210E-07
   104.535004       7.50889114E-07
   104.650002       7.63784840E-07
   104.764999       7.76661068E-07
   104.879997       7.89518140E-07
   104.995003       8.02356340E-07
   105.110001       8.15175838E-07
   105.224998       8.27976748E-07
   105.339996       8.40758901E-07
   105.455002       8.53522238E-07
   105.570000       8.66266134E-07
   105.684998       8.78990249E-07
   105.800003       8.91694071E-07
   105.915001       9.04376861E-07
   106.029999       9.17037710E-07
   106.144997       9.29676048E-07
   106.260002       9.42290797E-07
   106.375000       9.54881102E-07
   106.489998       9.67446113E-07
   106.605003       9.79984748E-07
   106.720001       9.92496098E-07
   106.834999       1.00497903E-06
   106.949997       1.01743251E-06
   107.065002       1.02985541E-06
   107.180000       1.04224659E-06
   107.294998       1.05460515E-06
   107.410004       1.06692971E-06
   107.525002       1.07921937E-06
   107.639999       1.09147288E-06
   107.754997       1.10368944E-06
   107.870003       1.11586792E-06
   107.985001       1.12800740E-06
   108.099998       1.14010709E-06
   108.214996       1.15216608E-06
   108.330002       1.16418380E-06
   108.445000       1.17615957E-06
   108.559998       1.18809271E-06
   108.675003       1.19998288E-06
   108.790001       1.21182961E-06
   108.904999       1.22363258E-06
   109.019997       1.23539155E-06
   109.135002       1.24710652E-06
   109.250000       1.25877739E-06
   109.364998       1.27040437E-06
   109.480003       1.28198758E-06
   109.595001       1.29352748E-06
   109.709999       1.30502451E-06
   109.824997       1.31647937E-06
   109.940002       1.32789285E-06
   110.055000       1.33926574E-06
   110.169998       1.35059929E-06
   110.285004       1.36189431E-06
   110.400002       1.37315214E-06
   110.514999       1.38437406E-06
   110.629997       1.39556096E-06
   110.745003       1.40671443E-06
   110.860001       1.41783539E-06
   110.974998       1.42892509E-06
   111.089996       1.43998477E-06
   111.205002       1.45101524E-06
   111.320000       1.46201739E-06
   111.434998       1.47299238E-06
   111.550003       1.48394065E-06
   111.665001       1.49486289E-06
   111.779999       1.50575954E-06
   111.894997       1.51663085E-06
   112.010002       1.52747702E-06
   112.125000       1.53829831E-06
   112.239998       1.54909435E-06
   112.355003       1.55986493E-06
   112.470001       1.57060970E-06
   112.584999       1.58132809E-06
   112.699997       1.59201966E-06
   112.815002       1.60268371E-06
   112.930000       1.61331934E-06
   113.044998       1.62392598E-06
   113.160004       1.63450284E-06
   113.275002       1.64504922E-06
   113.389999       1.65556446E-06
   113.504997       1.66604764E-06
   113.620003       1.67649841E-06
   113.735001       1.68691611E-06
   113.849998       1.69729969E-06
   113.964996       1.70764872E-06
   114.080002       1.71796239E-06
   114.195000       1.72823991E-06
   114.309998       1.73848025E-06
   114.425003       1.74868228E-06
   114.540001       1.75884520E-06
   114.654999       1.76896754E-06
   114.769997       1.77904803E-06
   114.885002       1.78908510E-06
   115.000000       1.79907738E-06
   115.114998       1.80902316E-06
   115.230003       1.81892062E-06
   115.345001       1.82876749E-06
   115.459999       1.83856184E-06
   115.574997       1.84830185E-06
   115.690002       1.85798513E-06
   115.805000       1.86760951E-06
   115.919998       1.87717285E-06
   116.035004       1.88667298E-06
   116.150002       1.89610762E-06
   116.264999       1.90547462E-06
   116.379997       1.91477216E-06
   116.495003       1.92399784E-06
   116.610001       1.93315009E-06
   116.724998       1.94222707E-06
   116.839996       1.95122720E-06
   116.955002       1.96014867E-06
   117.070000       1.96899009E-06
   117.184998       1.97774989E-06
   117.300003       1.98642715E-06
   117.415001       1.99502051E-06
   117.529999       2.00352883E-06
   117.644997       2.01195144E-06
   117.760002       2.02028696E-06
   117.875000       2.02853471E-06
   117.989998       2.03669401E-06
   118.105003       2.04476373E-06
   118.220001       2.05274341E-06
   118.334999       2.06063237E-06
   118.449997       2.06842924E-06
   118.565002       2.07613311E-06
   118.680000       2.08374331E-06
   118.794998       2.09125847E-06
   118.910004       2.09867721E-06
   119.025002       2.10599842E-06
   119.139999       2.11322072E-06
   119.254997       2.12034229E-06
   119.370003       2.12736154E-06
   119.485001       2.13427711E-06
   119.599998       2.14108718E-06
   119.714996       2.14778970E-06
   119.830002       2.15438286E-06
   119.945000       2.16086482E-06
   120.059998       2.16723333E-06
   120.175003       2.17348611E-06
   120.290001       2.17962088E-06
   120.404999       2.18563559E-06
   120.519997       2.19152730E-06
   120.635002       2.19729418E-06
   120.750000       2.20293305E-06
   120.864998       2.20844140E-06
   120.980003       2.21381651E-06
   121.095001       2.21905566E-06
   121.209999       2.22415565E-06
   121.324997       2.22911376E-06
   121.440002       2.23392726E-06
   121.555000       2.23859274E-06
   121.669998       2.24310725E-06
   121.785004       2.24746782E-06
   121.900002       2.25167082E-06
   122.014999       2.25571330E-06
   122.129997       2.25959138E-06
   122.245003       2.26330189E-06
   122.360001       2.26684097E-06
   122.474998       2.27020496E-06
   122.589996       2.27338955E-06
   122.705002       2.27639157E-06
   122.820000       2.27920691E-06
   122.934998       2.28183171E-06
   123.050003       2.28426188E-06
   123.165001       2.28649424E-06
   123.279999       2.28852491E-06
   123.394997       2.29035027E-06
   123.510002       2.29196689E-06
   123.625000       2.29337161E-06
   123.739998       2.29456123E-06
   123.855003       2.29553279E-06
   123.970001       2.29628336E-06
   124.084999       2.29681018E-06
   124.199997       2.29711077E-06
   124.315002       2.29718262E-06
   124.430000       2.29702391E-06
   124.544998       2.29663215E-06
   124.660004       2.29600596E-06
   124.775002       2.29514285E-06
   124.889999       2.29404168E-06
   125.004997       2.29270108E-06
   125.120003       2.29111924E-06
   125.235001       2.28929503E-06
   125.349998       2.28722729E-06
   125.464996       2.28491467E-06
   125.580002       2.28235581E-06
   125.695000       2.27954979E-06
   125.809998       2.27649480E-06
   125.925003       2.27318969E-06
   126.040001       2.26963311E-06
   126.154999       2.26582347E-06
   126.269997       2.26175985E-06
   126.385002       2.25744020E-06
   126.500000       2.25286362E-06
   126.614998       2.24802852E-06
   126.730003       2.24293376E-06
   126.845001       2.23757752E-06
   126.959999       2.23195912E-06
   127.074997       2.22607696E-06
   127.190002       2.21992991E-06
   127.305000       2.21351684E-06
   127.419998       2.20683660E-06
   127.535004       2.19988829E-06
   127.650002       2.19267076E-06
   127.764999       2.18518289E-06
   127.879997       2.17742399E-06
   127.995003       2.16939293E-06
   128.110001       2.16108924E-06
   128.225006       2.15251180E-06
   128.339996       2.14365991E-06
   128.455002       2.13453291E-06
   128.570007       2.12512987E-06
   128.684998       2.11544989E-06
   128.800003       2.10549183E-06
   128.914993       2.09525433E-06
   129.029999       2.08473671E-06
   129.145004       2.07393714E-06
   129.259995       2.06285426E-06
   129.375000       2.05148626E-06
   129.490005       2.03983154E-06
   129.604996       2.02788829E-06
   129.720001       2.01565513E-06
   129.835007       2.00313002E-06
   129.949997       1.99031160E-06
   130.065002       1.97719828E-06
   130.179993       1.96378892E-06
   130.294998       1.95008192E-06
   130.410004       1.93607639E-06
   130.524994       1.92177117E-06
   130.639999       1.90716514E-06
   130.755005       1.89225773E-06
   130.869995       1.87704836E-06
   130.985001       1.86153659E-06
   131.100006       1.84572241E-06
   131.214996       1.82960594E-06
   131.330002       1.81318751E-06
   131.445007       1.79646804E-06
   131.559998       1.77944833E-06
   131.675003       1.76212939E-06
   131.789993       1.74451327E-06
   131.904999       1.72660111E-06
   132.020004       1.70839553E-06
   132.134995       1.68989845E-06
   132.250000       1.67111239E-06
   132.365005       1.65203983E-06
   132.479996       1.63268396E-06
   132.595001       1.61304740E-06
   132.710007       1.59313367E-06
   132.824997       1.57294619E-06
   132.940002       1.55248824E-06
   133.054993       1.53176381E-06
   133.169998       1.51077700E-06
   133.285004       1.48953166E-06
   133.399994       1.46803234E-06
   133.514999       1.44628336E-06
   133.630005       1.42428917E-06
   133.744995       1.40205429E-06
   133.860001       1.37958330E-06
   133.975006       1.35688083E-06
   134.089996       1.33395122E-06
   134.205002       1.31079901E-06
   134.320007       1.28742840E-06
   134.434998       1.26384373E-06
   134.550003       1.24004885E-06
   134.664993       1.21604808E-06
   134.779999       1.19184529E-06
   134.895004       1.16744479E-06
   135.009995       1.14285035E-06
   135.125000       1.11806594E-06
   135.240005       1.09309542E-06
   135.354996       1.06794278E-06
   135.470001       1.04261198E-06
   135.585007       1.01710680E-06
   135.699997       9.91431079E-07
   135.815002       9.65588242E-07
   135.929993       9.39582094E-07
   136.044998       9.13416159E-07
   136.160004       8.87093677E-07
   136.274994       8.60618115E-07
   136.389999       8.33992999E-07
   136.505005       8.07221454E-07
   136.619995       7.80307118E-07
   136.735001       7.53253403E-07
   136.850006       7.26063774E-07
   136.964996       6.98741928E-07
   137.080002       6.71291787E-07
   137.195007       6.43717044E-07
   137.309998       6.16022191E-07
   137.425003       5.88211435E-07
   137.539993       5.60289152E-07
   137.654999       5.32260117E-07
   137.770004       5.04129105E-07
   137.884995       4.75901288E-07
   138.000000       4.47581670E-07
   138.115005       4.19175677E-07
   138.229996       3.90688740E-07
   138.345001       3.62126798E-07
   138.460007       3.33495933E-07
   138.574997       3.04801972E-07
   138.690002       2.76051594E-07
   138.804993       2.47251108E-07
   138.919998       2.18407237E-07
   139.035004       1.89526588E-07
   139.149994       1.60616239E-07
   139.264999       1.31683024E-07
   139.380005       1.02733431E-07
   139.494995       7.37741317E-08
   139.610001       4.48119479E-08
   139.725006       1.58533133E-08
   139.839996      -1.30953897E-08
   139.955002      -4.20275867E-08
   140.070007      -7.09371903E-08
   140.184998      -9.98179956E-08
   140.300003      -1.28664126E-07
   140.414993      -1.57469273E-07
   140.529999      -1.86227638E-07
   140.645004      -2.14933621E-07
   140.759995      -2.43581155E-07
   140.875000      -2.72164982E-07
   140.990005      -3.00679318E-07
   141.104996      -3.29118762E-07
   141.220001      -3.57477376E-07
   141.335007      -3.85749274E-07
   141.449997      -4.13929030E-07
   141.565002      -4.42010872E-07
   141.679993      -4.69988578E-07
   141.794998      -4.97856433E-07
   141.910004      -5.25608300E-07
   142.024994      -5.53238124E-07
   142.139999      -5.80739595E-07
   142.255005      -6.08106177E-07
   142.369995      -6.35331446E-07
   142.485001      -6.62408866E-07
   142.600006      -6.89331955E-07
   142.714996      -7.16093894E-07
   142.830002      -7.42688314E-07
   142.945007      -7.69108453E-07
   143.059998      -7.95347432E-07
   143.175003      -8.21398487E-07
   143.289993      -8.47255023E-07
   143.404999      -8.72910448E-07
   143.520004      -8.98357882E-07
   143.634995      -9.23590619E-07
   143.750000      -9.48601610E-07
   143.865005      -9.73384658E-07
   143.979996      -9.97932830E-07
   144.095001      -1.02223953E-06
   144.210007      -1.04629839E-06
   144.324997      -1.07010283E-06
   144.440002      -1.09364669E-06
   144.554993      -1.11692339E-06
   144.669998      -1.13992701E-06
   144.785004      -1.16265164E-06
   144.899994      -1.18509149E-06
   145.014999      -1.20724098E-06
   145.130005      -1.22909444E-06
   145.244995      -1.25064673E-06
   145.360001      -1.27189242E-06
   145.475006      -1.29282648E-06
   145.589996      -1.31344405E-06
   145.705002      -1.33374022E-06
   145.820007      -1.35371010E-06
   145.934998      -1.37334905E-06
   146.050003      -1.39265217E-06
   146.164993      -1.41161502E-06
   146.279999      -1.43023260E-06
   146.395004      -1.44850037E-06
   146.509995      -1.46641355E-06
   146.625000      -1.48396737E-06
   146.740005      -1.50115727E-06
   146.854996      -1.51797849E-06
   146.970001      -1.53442647E-06
   147.085007      -1.55049656E-06
   147.199997      -1.56618444E-06
   147.315002      -1.58148566E-06
   147.429993      -1.59639592E-06
   147.544998      -1.61091077E-06
   147.660004      -1.62502647E-06
   147.774994      -1.63873881E-06
   147.889999      -1.65204392E-06
   148.005005      -1.66493840E-06
   148.119995      -1.67741848E-06
   148.235001      -1.68948088E-06
   148.350006      -1.70112219E-06
   148.464996      -1.71233921E-06
   148.580002      -1.72312889E-06
   148.695007      -1.73348826E-06
   148.809998      -1.74341449E-06
   148.925003      -1.75290484E-06
   149.039993      -1.76195670E-06
   149.154999      -1.77056734E-06
   149.270004      -1.77873414E-06
   149.384995      -1.78645496E-06
   149.500000      -1.79372728E-06
   149.615005      -1.80054894E-06
   149.729996      -1.80691779E-06
   149.845001      -1.81283178E-06
   149.960007      -1.81828887E-06
   150.074997      -1.82328699E-06
   150.190002      -1.82782469E-06
   150.304993      -1.83190014E-06
   150.419998      -1.83551208E-06
   150.535004      -1.83865916E-06
   150.649994      -1.84134001E-06
   150.764999      -1.84355406E-06
   150.880005      -1.84530040E-06
   150.994995      -1.84657847E-06
   151.110001      -1.84738792E-06
   151.225006      -1.84772841E-06
   151.339996      -1.84759995E-06
   151.455002      -1.84700252E-06
   151.570007      -1.84593637E-06
   151.684998      -1.84440182E-06
   151.800003      -1.84239934E-06
   151.914993      -1.83992938E-06
   152.029999      -1.83699285E-06
   152.145004      -1.83359032E-06
   152.259995      -1.82972303E-06
   152.375000      -1.82539202E-06
   152.490005      -1.82059830E-06
   152.604996      -1.81534313E-06
   152.720001      -1.80962786E-06
   152.835007      -1.80345364E-06
   152.949997      -1.79682218E-06
   153.065002      -1.78973471E-06
   153.179993      -1.78219250E-06
   153.294998      -1.77419724E-06
   153.410004      -1.76575043E-06
   153.524994      -1.75685364E-06
   153.639999      -1.74750835E-06
   153.755005      -1.73771639E-06
   153.869995      -1.72747934E-06
   153.985001      -1.71679926E-06
   154.100006      -1.70567785E-06
   154.214996      -1.69411749E-06
   154.330002      -1.68212046E-06
   154.445007      -1.66968925E-06
   154.559998      -1.65682684E-06
   154.675003      -1.64353594E-06
   154.789993      -1.62981996E-06
   154.904999      -1.61568221E-06
   155.020004      -1.60112620E-06
   155.134995      -1.58615580E-06
   155.250000      -1.57077488E-06
   155.365005      -1.55498788E-06
   155.479996      -1.53879898E-06
   155.595001      -1.52221298E-06
   155.710007      -1.50523454E-06
   155.824997      -1.48786853E-06
   155.940002      -1.47012008E-06
   156.054993      -1.45199431E-06
   156.169998      -1.43349666E-06
   156.285004      -1.41463249E-06
   156.399994      -1.39540714E-06
   156.514999      -1.37582617E-06
   156.630005      -1.35589460E-06
   156.744995      -1.33561798E-06
   156.860001      -1.31500167E-06
   156.975006      -1.29405066E-06
   157.089996      -1.27277065E-06
   157.205002      -1.25116651E-06
   157.320007      -1.22924371E-06
   157.434998      -1.20700781E-06
   157.550003      -1.18446417E-06
   157.664993      -1.16161857E-06
   157.779999      -1.13847705E-06
   157.895004      -1.11504562E-06
   158.009995      -1.09133066E-06
   158.125000      -1.06733853E-06
   158.240005      -1.04307560E-06
   158.354996      -1.01854914E-06
   158.470001      -9.93765752E-07
   158.585007      -9.68732706E-07
   158.699997      -9.43457053E-07
   158.815002      -9.17946011E-07
   158.929993      -8.92207026E-07
   159.044998      -8.66247376E-07
   159.160004      -8.40074620E-07
   159.274994      -8.13696033E-07
   159.389999      -7.87119234E-07
   159.505005      -7.60351895E-07
   159.619995      -7.33401691E-07
   159.735001      -7.06276012E-07
   159.850006      -6.78982815E-07
   159.964996      -6.51529774E-07
   160.080002      -6.23924734E-07
   160.195007      -5.96175255E-07
   160.309998      -5.68288840E-07
   160.425003      -5.40273220E-07
   160.539993      -5.12135728E-07
   160.654999      -4.83883753E-07
   160.770004      -4.55524344E-07
   160.884995      -4.27064634E-07
   161.000000      -3.98511588E-07
   161.115005      -3.69871884E-07
   161.229996      -3.41152003E-07
   161.345001      -3.12358537E-07
   161.460007      -2.83497684E-07
   161.574997      -2.54575468E-07
   161.690002      -2.25597972E-07
   161.804993      -1.96571065E-07
   161.919998      -1.67500644E-07
   162.035004      -1.38392508E-07
   162.149994      -1.09252440E-07
   162.264999      -8.00860818E-08
   162.380005      -5.08996685E-08
   162.494995      -2.16989040E-08
   162.610001       7.50986029E-09
   162.725006       3.67206141E-08
   162.839996       6.59268409E-08
   162.955002       9.51220187E-08
   163.070007       1.24299632E-07
   163.184998       1.53452461E-07
   163.300003       1.82573586E-07
   163.414993       2.11655518E-07
   163.529999       2.40691037E-07
   163.645004       2.69672483E-07
   163.759995       2.98592369E-07
   163.875000       3.27442535E-07
   163.990005       3.56215025E-07
   164.104996       3.84901881E-07
   164.220001       4.13494348E-07
   164.335007       4.41984071E-07
   164.449997       4.70362437E-07
   164.565002       4.98620352E-07
   164.679993       5.26749261E-07
   164.794998       5.54739984E-07
   164.910004       5.82583084E-07
   165.024994       6.10269637E-07
   165.139999       6.37790038E-07
   165.255005       6.65135133E-07
   165.369995       6.92295430E-07
   165.485001       7.19261493E-07
   165.600006       7.46024227E-07
   165.714996       7.72574197E-07
   165.830002       7.98902363E-07
   165.945007       8.24999574E-07
   166.059998       8.50856793E-07
   166.175003       8.76465663E-07
   166.289993       9.01817202E-07
   166.404999       9.26903340E-07
   166.520004       9.51716061E-07
   166.634995       9.76247520E-07
   166.750000       1.00049010E-06
   166.865005       1.02443676E-06
   166.979996       1.04808066E-06
   167.095001       1.07141523E-06
   167.210007       1.09443397E-06
   167.324997       1.11713086E-06
   167.440002       1.13949989E-06
   167.554993       1.16153569E-06
   167.669998       1.18323283E-06
   167.785004       1.20458606E-06
   167.899994       1.22559072E-06
   168.014999       1.24624194E-06
   168.130005       1.26653549E-06
   168.244995       1.28646752E-06
   168.360001       1.30603382E-06
   168.475006       1.32523132E-06
   168.589996       1.34405627E-06
   168.705002       1.36250583E-06
   168.820007       1.38057715E-06
   168.934998       1.39826739E-06
   169.050003       1.41557405E-06
   169.164993       1.43249463E-06
   169.279999       1.44902663E-06
   169.395004       1.46516777E-06
   169.509995       1.48091578E-06
   169.625000       1.49626828E-06
   169.740005       1.51122310E-06
   169.854996       1.52577832E-06
   169.970001       1.53993130E-06
   170.085007       1.55368014E-06
   170.199997       1.56702276E-06
   170.315002       1.57995748E-06
   170.429993       1.59248236E-06
   170.544998       1.60459547E-06
   170.660004       1.61629509E-06
   170.774994       1.62757965E-06
   170.889999       1.63844732E-06
   171.005005       1.64889616E-06
   171.119995       1.65892459E-06
   171.235001       1.66853079E-06
   171.350006       1.67771304E-06
   171.464996       1.68646955E-06
   171.580002       1.69479858E-06
   171.695007       1.70269846E-06
   171.809998       1.71016757E-06
   171.925003       1.71720399E-06
   172.039993       1.72380635E-06
   172.154999       1.72997284E-06
   172.270004       1.73570254E-06
   172.384995       1.74099364E-06
   172.500000       1.74584500E-06
   172.615005       1.75025536E-06
   172.729996       1.75422372E-06
   172.845001       1.75774881E-06
   172.960007       1.76082960E-06
   173.074997       1.76346521E-06
   173.190002       1.76565436E-06
   173.304993       1.76739638E-06
   173.419998       1.76869014E-06
   173.535004       1.76953506E-06
   173.649994       1.76993012E-06
   173.764999       1.76987464E-06
   173.880005       1.76936817E-06
   173.994995       1.76841024E-06
   174.110001       1.76700041E-06
   174.225006       1.76513856E-06
   174.339996       1.76282470E-06
   174.455002       1.76005892E-06
   174.570007       1.75684170E-06
   174.684998       1.75317393E-06
   174.800003       1.74905620E-06
   174.914993       1.74449008E-06
   175.029999       1.73947728E-06
   175.145004       1.73401963E-06
   175.259995       1.72811951E-06
   175.375000       1.72177943E-06
   175.490005       1.71500221E-06
   175.604996       1.70779106E-06
   175.720001       1.70014937E-06
   175.835007       1.69208090E-06
   175.949997       1.68358952E-06
   176.065002       1.67467920E-06
   176.179993       1.66535449E-06
   176.294998       1.65561937E-06
   176.410004       1.64547873E-06
   176.524994       1.63493712E-06
   176.639999       1.62399931E-06
   176.755005       1.61266973E-06
   176.869995       1.60095362E-06
   176.985001       1.58885553E-06
   177.100006       1.57638010E-06
   177.214996       1.56353224E-06
   177.330002       1.55031671E-06
   177.445007       1.53673795E-06
   177.559998       1.52280063E-06
   177.675003       1.50850951E-06
   177.789993       1.49386904E-06
   177.904999       1.47888363E-06
   178.020004       1.46355785E-06
   178.134995       1.44789669E-06
   178.250000       1.43190493E-06
   178.365005       1.41558735E-06
   178.479996       1.39894883E-06
   178.595001       1.38199448E-06
   178.710007       1.36472931E-06
   178.824997       1.34715867E-06
   178.940002       1.32928756E-06
   179.054993       1.31112097E-06
   179.169998       1.29266425E-06
   179.285004       1.27392229E-06
   179.399994       1.25490021E-06
   179.514999       1.23560312E-06
   179.630005       1.21603603E-06
   179.744995       1.19620427E-06
   179.860001       1.17611251E-06
   179.975006       1.15576574E-06
   180.089996       1.13516933E-06
   180.205002       1.11432803E-06
   180.320007       1.09324719E-06
   180.434998       1.07193159E-06
   180.550003       1.05038669E-06
   180.664993       1.02861759E-06
   180.779999       1.00662908E-06
   180.895004       9.84426720E-07
   181.009995       9.62015633E-07
   181.125000       9.39400934E-07
   181.240005       9.16588192E-07
   181.354996       8.93583035E-07
   181.470001       8.70391034E-07
   181.585007       8.47018271E-07
   181.699997       8.23470884E-07
   181.815002       7.99755355E-07
   181.929993       7.75878618E-07
   182.044998       7.51847494E-07
   182.160004       7.27669601E-07
   182.274994       7.03352384E-07
   182.389999       6.78903916E-07
   182.505005       6.54332382E-07
   182.619995       6.29645911E-07
   182.735001       6.04852971E-07
   182.850006       5.79962091E-07
   182.964996       5.54981796E-07
   183.080002       5.29920726E-07
   183.195007       5.04787522E-07
   183.309998       4.79591051E-07
   183.425003       4.54339869E-07
   183.539993       4.29043070E-07
   183.654999       4.03709151E-07
   183.770004       3.78346755E-07
   183.884995       3.52964861E-07
   184.000000       3.27571485E-07
   184.115005       3.02175238E-07
   184.229996       2.76784192E-07
   184.345001       2.51406107E-07
   184.460007       2.26048456E-07
   184.574997       2.00718631E-07
   184.690002       1.75423665E-07
   184.804993       1.50170379E-07
   184.919998       1.24965240E-07
   185.035004       9.98147129E-08
   185.149994       7.47251150E-08
   185.264999       4.97025781E-08
   185.380005       2.47533034E-08
   185.494995      -1.17009111E-10
   185.610001      -2.49023806E-08
   185.725006      -4.95967356E-08
   185.839996      -7.41942827E-08
   185.955002      -9.86893909E-08
   186.070007      -1.23076475E-07
   186.184998      -1.47350519E-07
   186.300003      -1.71506258E-07
   186.414993      -1.95538462E-07
   186.529999      -2.19442427E-07
   186.645004      -2.43213520E-07
   186.759995      -2.66847138E-07
   186.875000      -2.90338562E-07
   186.990005      -3.13683501E-07
   187.104996      -3.36877349E-07
   187.220001      -3.59915816E-07
   187.335007      -3.82794582E-07
   187.449997      -4.05509070E-07
   187.565002      -4.28055188E-07
   187.679993      -4.50428473E-07
   187.794998      -4.72624720E-07
   187.910004      -4.94639551E-07
   188.024994      -5.16468845E-07
   188.139999      -5.38108338E-07
   188.255005      -5.59553598E-07
   188.369995      -5.80800247E-07
   188.485001      -6.01843851E-07
   188.600006      -6.22680034E-07
   188.714996      -6.43303906E-07
   188.830002      -6.63710750E-07
   188.945007      -6.83895507E-07
   189.059998      -7.03853004E-07
   189.175003      -7.23577898E-07
   189.289993      -7.43064959E-07
   189.404999      -7.62308503E-07
   189.520004      -7.81303243E-07
   189.634995      -8.00043722E-07
   189.750000      -8.18524256E-07
   189.865005      -8.36739332E-07
   189.979996      -8.54683492E-07
   190.095001      -8.72351166E-07
   190.210007      -8.89737009E-07
   190.324997      -9.06835567E-07
   190.440002      -9.23641608E-07
   190.554993      -9.40149732E-07
   190.669998      -9.56354938E-07
   190.785004      -9.72251996E-07
   190.899994      -9.87836074E-07
   191.014999      -1.00310262E-06
   191.130005      -1.01804665E-06
   191.244995      -1.03266416E-06
   191.360001      -1.04695073E-06
   191.475006      -1.06090215E-06
   191.589996      -1.07451478E-06
   191.705002      -1.08778488E-06
   191.820007      -1.10070857E-06
   191.934998      -1.11328291E-06
   192.050003      -1.12550424E-06
   192.164993      -1.13736940E-06
   192.279999      -1.14887553E-06
   192.395004      -1.16001934E-06
   192.509995      -1.17079833E-06
   192.625000      -1.18120988E-06
   192.740005      -1.19125161E-06
   192.854996      -1.20092147E-06
   192.970001      -1.21021731E-06
   193.085007      -1.21913763E-06
   193.199997      -1.22768108E-06
   193.315002      -1.23584675E-06
   193.429993      -1.24363339E-06
   193.544998      -1.25104066E-06
   193.660004      -1.25806798E-06
   193.774994      -1.26471514E-06
   193.889999      -1.27098201E-06
   194.005005      -1.27686849E-06
   194.119995      -1.28237446E-06
   194.235001      -1.28749991E-06
   194.350006      -1.29224486E-06
   194.464996      -1.29660918E-06
   194.580002      -1.30059334E-06
   194.695007      -1.30419733E-06
   194.809998      -1.30742160E-06
   194.925003      -1.31026661E-06
   195.039993      -1.31273305E-06
   195.154999      -1.31482182E-06
   195.270004      -1.31653405E-06
   195.384995      -1.31787101E-06
   195.500000      -1.31883451E-06
   195.615005      -1.31942636E-06
   195.729996      -1.31964850E-06
   195.845001      -1.31950355E-06
   195.960007      -1.31899424E-06
   196.074997      -1.31812340E-06
   196.190002      -1.31689410E-06
   196.304993      -1.31530953E-06
   196.419998      -1.31337299E-06
   196.535004      -1.31108766E-06
   196.649994      -1.30845672E-06
   196.764999      -1.30548324E-06
   196.880005      -1.30216995E-06
   196.994995      -1.29851981E-06
   197.110001      -1.29453508E-06
   197.225006      -1.29021794E-06
   197.339996      -1.28557053E-06
   197.455002      -1.28059457E-06
   197.570007      -1.27529177E-06
   197.684998      -1.26966347E-06
   197.800003      -1.26371140E-06
   197.914993      -1.25743702E-06
   198.029999      -1.25084148E-06
   198.145004      -1.24392659E-06
   198.259995      -1.23669406E-06
   198.375000      -1.22914548E-06
   198.490005      -1.22128324E-06
   198.604996      -1.21310927E-06
   198.720001      -1.20462619E-06
   198.835007      -1.19583672E-06
   198.949997      -1.18674382E-06
   199.065002      -1.17735078E-06
   199.179993      -1.16766125E-06
   199.294998      -1.15767898E-06
   199.410004      -1.14740817E-06
   199.524994      -1.13685314E-06
   199.639999      -1.12601845E-06
   199.755005      -1.11490886E-06
   199.869995      -1.10352926E-06
   199.985001      -1.09188477E-06
   200.100006      -1.07998051E-06
   200.214996      -1.06782147E-06
   200.330002      -1.05541289E-06
   200.445007      -1.04275966E-06
   200.559998      -1.02986701E-06
   200.675003      -1.01673970E-06
   200.789993      -1.00338264E-06
   200.904999      -9.89800697E-07
   201.020004      -9.75998660E-07
   201.134995      -9.61981073E-07
   201.250000      -9.47752767E-07
   201.365005      -9.33318404E-07
   201.479996      -9.18682588E-07
   201.595001      -9.03850264E-07
   201.710007      -8.88825866E-07
   201.824997      -8.73614340E-07
   201.940002      -8.58220346E-07
   202.054993      -8.42648831E-07
   202.169998      -8.26904568E-07
   202.285004      -8.10992390E-07
   202.399994      -7.94917241E-07
   202.514999      -7.78684239E-07
   202.630005      -7.62298498E-07
   202.744995      -7.45765078E-07
   202.860001      -7.29089379E-07
   202.975006      -7.12276631E-07
   203.089996      -6.95331948E-07
   203.205002      -6.78260562E-07
   203.320007      -6.61067645E-07
   203.434998      -6.43758312E-07
   203.550003      -6.26337396E-07
   203.664993      -6.08810012E-07
   203.779999      -5.91180935E-07
   203.895004      -5.73455111E-07
   204.009995      -5.55637371E-07
   204.125000      -5.37732376E-07
   204.240005      -5.19745242E-07
   204.354996      -5.01680859E-07
   204.470001      -4.83544284E-07
   204.585007      -4.65340804E-07
   204.699997      -4.47075791E-07
   204.815002      -4.28754817E-07
   204.929993      -4.10383819E-07
   205.044998      -3.91968484E-07
   205.160004      -3.73514837E-07
   205.274994      -3.55028959E-07
   205.389999      -3.36517019E-07
   205.505005      -3.17984956E-07
   205.619995      -2.99438824E-07
   205.735001      -2.80884620E-07
   205.850006      -2.62328143E-07
   205.964996      -2.43775048E-07
   206.080002      -2.25230977E-07
   206.195007      -2.06701486E-07
   206.309998      -1.88191947E-07
   206.425003      -1.69707633E-07
   206.539993      -1.51253857E-07
   206.654999      -1.32835893E-07
   206.770004      -1.14458807E-07
   206.884995      -9.61278346E-08
   207.000000      -7.78480000E-08
   207.115005      -5.96244689E-08
   207.229996      -4.14622860E-08
   207.345001      -2.33665922E-08
   207.460007      -5.34222577E-09
   207.574997       1.26056312E-08
   207.690002       3.04720658E-08
   207.804993       4.82519980E-08
   207.919998       6.59406751E-08
   208.035004       8.35329530E-08
   208.149994       1.01024014E-07
   208.264999       1.18408991E-07
   208.380005       1.35682882E-07
   208.494995       1.52840869E-07
   208.610001       1.69878064E-07
   208.725006       1.86789578E-07
   208.839996       2.03570522E-07
   208.955002       2.20216080E-07
   209.070007       2.36721334E-07
   209.184998       2.53081566E-07
   209.300003       2.69291945E-07
   209.414993       2.85347909E-07
   209.529999       3.01244938E-07
   209.645004       3.16978685E-07
   209.759995       3.32544886E-07
   209.875000       3.47939505E-07
   209.990005       3.63158591E-07
   210.104996       3.78198507E-07
   210.220001       3.93055558E-07
   210.335007       4.07726390E-07
   210.449997       4.22207535E-07
   210.565002       4.36495895E-07
   210.679993       4.50588317E-07
   210.794998       4.64481928E-07
   210.910004       4.78174002E-07
   211.024994       4.91661865E-07
   211.139999       5.04943216E-07
   211.255005       5.18015838E-07
   211.369995       5.30877628E-07
   211.485001       5.43526596E-07
   211.600006       5.55961037E-07
   211.714996       5.68179132E-07
   211.830002       5.80179119E-07
   211.945007       5.91959520E-07
   212.059998       6.03518743E-07
   212.175003       6.14855082E-07
   212.289993       6.25967175E-07
   212.404999       6.36853372E-07
   212.520004       6.47512081E-07
   212.634995       6.57941769E-07
   212.750000       6.68140672E-07
   212.865005       6.78107142E-07
   212.979996       6.87839474E-07
   213.095001       6.97335963E-07
   213.210007       7.06594903E-07
   213.324997       7.15614419E-07
   213.440002       7.24392919E-07
   213.554993       7.32928584E-07
   213.669998       7.41219594E-07
   213.785004       7.49264075E-07
   213.899994       7.57060207E-07
   214.014999       7.64606114E-07
   214.130005       7.71899806E-07
   214.244995       7.78939523E-07
   214.360001       7.85723444E-07
   214.475006       7.92249978E-07
   214.589996       7.98517533E-07
   214.705002       8.04524973E-07
   214.820007       8.10270933E-07
   214.934998       8.15754618E-07
   215.050003       8.20975231E-07
   215.164993       8.25932204E-07
   215.279999       8.30624913E-07
   215.395004       8.35053072E-07
   215.509995       8.39216227E-07
   215.625000       8.43114151E-07
   215.740005       8.46746502E-07
   215.854996       8.50113054E-07
   215.970001       8.53213692E-07
   216.085007       8.56048132E-07
   216.199997       8.58616374E-07
   216.315002       8.60918533E-07
   216.429993       8.62954607E-07
   216.544998       8.64724882E-07
   216.660004       8.66229755E-07
   216.774994       8.67469623E-07
   216.889999       8.68445170E-07
   217.005005       8.69157020E-07
   217.119995       8.69605969E-07
   217.235001       8.69792984E-07
   217.350006       8.69719031E-07
   217.464996       8.69385303E-07
   217.580002       8.68793052E-07
   217.695007       8.67943811E-07
   217.809998       8.66839002E-07
   217.925003       8.65480615E-07
   218.039993       8.63870525E-07
   218.154999       8.62010950E-07
   218.270004       8.59904276E-07
   218.384995       8.57553005E-07
   218.500000       8.54959694E-07
   218.615005       8.52127187E-07
   218.729996       8.49058267E-07
   218.845001       8.45755778E-07
   218.960007       8.42222505E-07
   219.074997       8.38461062E-07
   219.190002       8.34474122E-07
   219.304993       8.30264185E-07
   219.419998       8.25833695E-07
   219.535004       8.21184869E-07
   219.649994       8.16319982E-07
   219.764999       8.11241193E-07
   219.880005       8.05950606E-07
   219.994995       8.00450493E-07
   220.110001       7.94743073E-07
   220.225006       7.88830448E-07
   220.339996       7.82715006E-07
   220.455002       7.76399020E-07
   220.570007       7.69884650E-07
   220.684998       7.63174228E-07
   220.800003       7.56270083E-07
   220.914993       7.49174490E-07
   221.029999       7.41889778E-07
   221.145004       7.34418336E-07
   221.259995       7.26762437E-07
   221.375000       7.18924468E-07
   221.490005       7.10906761E-07
   221.604996       7.02711702E-07
   221.720001       6.94341452E-07
   221.835007       6.85798284E-07
   221.949997       6.77084358E-07
   222.065002       6.68201949E-07
   222.179993       6.59153045E-07
   222.294998       6.49939750E-07
   222.410004       6.40564281E-07
   222.524994       6.31028740E-07
   222.639999       6.21335289E-07
   222.755005       6.11486200E-07
   222.869995       6.01483862E-07
   222.985001       5.91330831E-07
   223.100006       5.81029610E-07
   223.214996       5.70583040E-07
   223.330002       5.59993907E-07
   223.445007       5.49265053E-07
   223.559998       5.38399604E-07
   223.675003       5.27400744E-07
   223.789993       5.16271768E-07
   223.904999       5.05016089E-07
   224.020004       4.93637003E-07
   224.134995       4.82138091E-07
   224.250000       4.70522963E-07
   224.365005       4.58795341E-07
   224.479996       4.46959007E-07
   224.595001       4.35017881E-07
   224.710007       4.22976001E-07
   224.824997       4.10837515E-07
   224.940002       3.98606716E-07
   225.054993       3.86287866E-07
   225.169998       3.73885399E-07
   225.285004       3.61403863E-07
   225.399994       3.48847493E-07
   225.514999       3.36220808E-07
   225.630005       3.23528241E-07
   225.744995       3.10773999E-07
   225.860001       2.97962458E-07
   225.975006       2.85097798E-07
   226.089996       2.72184309E-07
   226.205002       2.59225999E-07
   226.320007       2.46227103E-07
   226.434998       2.33191642E-07
   226.550003       2.20123894E-07
   226.664993       2.07027924E-07
   226.779999       1.93907780E-07
   226.895004       1.80767515E-07
   227.009995       1.67611148E-07
   227.125000       1.54442461E-07
   227.240005       1.41265275E-07
   227.354996       1.28083258E-07
   227.470001       1.14899969E-07
   227.585007       1.01718697E-07
   227.699997       8.85427767E-08
   227.815002       7.53752545E-08
   227.929993       6.22191507E-08
   228.044998       4.90772081E-08
   228.160004       3.59521160E-08
   228.274994       2.28462493E-08
   228.389999       9.76210668E-09
   228.505005      -3.29828631E-09
   228.619995      -1.63328959E-08
   228.735001      -2.93396578E-08
   228.850006      -4.23167243E-08
   228.964996      -5.52620207E-08
   229.080002      -6.81734917E-08
   229.195007      -8.10489453E-08
   229.309998      -9.38861646E-08
   229.425003      -1.06682585E-07
   229.539993      -1.19435541E-07
   229.654999      -1.32142247E-07
   229.770004      -1.44799600E-07
   229.884995      -1.57404429E-07
   230.000000      -1.69953381E-07
   230.115005      -1.82443173E-07
   230.229996      -1.94870353E-07
   230.345001      -2.07231437E-07
   230.460007      -2.19523088E-07
   230.574997      -2.31742064E-07
   230.690002      -2.43885239E-07
   230.804993      -2.55949601E-07
   230.919998      -2.67932364E-07
   231.035004      -2.79830829E-07
   231.149994      -2.91642465E-07
   231.264999      -3.03364800E-07
   231.380005      -3.14995361E-07
   231.494995      -3.26532017E-07
   231.610001      -3.37972381E-07
   231.725006      -3.49314092E-07
   231.839996      -3.60554992E-07
   231.955002      -3.71692778E-07
   232.070007      -3.82725375E-07
   232.184998      -3.93650453E-07
   232.300003      -4.04465737E-07
   232.414993      -4.15168984E-07
   232.529999      -4.25757776E-07
   232.645004      -4.36229726E-07
   232.759995      -4.46582277E-07
   232.875000      -4.56812728E-07
   232.990005      -4.66918351E-07
   233.104996      -4.76896446E-07
   233.220001      -4.86744170E-07
   233.335007      -4.96458767E-07
   233.449997      -5.06037395E-07
   233.565002      -5.15477439E-07
   233.679993      -5.24776283E-07
   233.794998      -5.33931370E-07
   233.910004      -5.42940313E-07
   234.024994      -5.51801065E-07
   234.139999      -5.60511467E-07
   234.255005      -5.69069698E-07
   234.369995      -5.77474111E-07
   234.485001      -5.85723171E-07
   234.600006      -5.93815457E-07
   234.714996      -6.01749775E-07
   234.830002      -6.09524875E-07
   234.945007      -6.17139676E-07
   235.059998      -6.24593270E-07
   235.175003      -6.31884745E-07
   235.289993      -6.39013081E-07
   235.404999      -6.45977366E-07
   235.520004      -6.52776691E-07
   235.634995      -6.59410091E-07
   235.750000      -6.65876541E-07
   235.865005      -6.72174849E-07
   235.979996      -6.78303877E-07
   236.095001      -6.84262488E-07
   236.210007      -6.90049319E-07
   236.324997      -6.95663005E-07
   236.440002      -7.01102124E-07
   236.554993      -7.06365313E-07
   236.669998      -7.11451378E-07
   236.785004      -7.16358841E-07
   236.899994      -7.21086735E-07
   237.014999      -7.25634095E-07
   237.130005      -7.30000124E-07
   237.244995      -7.34184312E-07
   237.360001      -7.38186429E-07
   237.475006      -7.42006478E-07
   237.589996      -7.45644741E-07
   237.705002      -7.49101559E-07
   237.820007      -7.52377389E-07
   237.934998      -7.55472740E-07
   238.050003      -7.58388182E-07
   238.164993      -7.61123943E-07
   238.279999      -7.63680418E-07
   238.395004      -7.66057610E-07
   238.509995      -7.68255575E-07
   238.625000      -7.70274141E-07
   238.740005      -7.72113083E-07
   238.854996      -7.73772172E-07
   238.970001      -7.75251010E-07
   239.085007      -7.76549371E-07
   239.199997      -7.77667140E-07
   239.315002      -7.78604090E-07
   239.429993      -7.79360107E-07
   239.544998      -7.79935476E-07
   239.660004      -7.80330311E-07
   239.774994      -7.80545122E-07
   239.889999      -7.80580251E-07
   240.005005      -7.80436153E-07
   240.119995      -7.80113453E-07
   240.235001      -7.79612719E-07
   240.350006      -7.78934407E-07
   240.464996      -7.78079198E-07
   240.580002      -7.77047660E-07
   240.695007      -7.75840476E-07
   240.809998      -7.74458556E-07
   240.925003      -7.72902922E-07
   241.039993      -7.71174996E-07
   241.154999      -7.69276312E-07
   241.270004      -7.67208746E-07
   241.384995      -7.64974516E-07
   241.500000      -7.62575951E-07
   241.615005      -7.60015610E-07
   241.729996      -7.57296164E-07
   241.845001      -7.54420455E-07
   241.960007      -7.51391156E-07
   242.074997      -7.48210937E-07
   242.190002      -7.44882243E-07
   242.304993      -7.41407575E-07
   242.419998      -7.37789151E-07
   242.535004      -7.34029072E-07
   242.649994      -7.30129216E-07
   242.764999      -7.26091400E-07
   242.880005      -7.21917445E-07
   242.994995      -7.17609055E-07
   243.110001      -7.13167765E-07
   243.225006      -7.08595280E-07
   243.339996      -7.03893249E-07
   243.455002      -6.99063264E-07
   243.570007      -6.94106859E-07
   243.684998      -6.89025796E-07
   243.800003      -6.83821554E-07
   243.914993      -6.78495553E-07
   244.029999      -6.73049215E-07
   244.145004      -6.67483846E-07
   244.259995      -6.61800641E-07
   244.375000      -6.56000680E-07
   244.490005      -6.50085042E-07
   244.604996      -6.44054637E-07
   244.720001      -6.37910546E-07
   244.835007      -6.31653620E-07
   244.949997      -6.25285054E-07
   245.065002      -6.18805871E-07
   245.179993      -6.12217320E-07
   245.294998      -6.05520825E-07
   245.410004      -5.98717634E-07
   245.524994      -5.91809396E-07
   245.639999      -5.84797419E-07
   245.755005      -5.77683409E-07
   245.869995      -5.70468899E-07
   245.985001      -5.63155652E-07
   246.100006      -5.55745316E-07
   246.214996      -5.48239882E-07
   246.330002      -5.40641338E-07
   246.445007      -5.32951901E-07
   246.559998      -5.25173959E-07
   246.675003      -5.17310013E-07
   246.789993      -5.09362735E-07
   246.904999      -5.01335023E-07
   247.020004      -4.93229777E-07
   247.134995      -4.85050180E-07
   247.250000      -4.76799329E-07
   247.365005      -4.68480522E-07
   247.479996      -4.60096999E-07
   247.595001      -4.51652028E-07
   247.710007      -4.43148906E-07
   247.824997      -4.34590902E-07
   247.940002      -4.25981085E-07
   248.054993      -4.17322667E-07
   248.169998      -4.08618774E-07
   248.285004      -3.99872505E-07
   248.399994      -3.91086814E-07
   248.514999      -3.82264801E-07
   248.630005      -3.73409478E-07
   248.744995      -3.64523885E-07
   248.860001      -3.55610865E-07
   248.975006      -3.46673460E-07
   249.089996      -3.37714454E-07
   249.205002      -3.28736661E-07
   249.320007      -3.19742696E-07
   249.434998      -3.10735118E-07
   249.550003      -3.01716199E-07
   249.664993      -2.92688327E-07
   249.779999      -2.83653549E-07
   249.895004      -2.74614081E-07
   250.009995      -2.65571970E-07
   250.125000      -2.56529376E-07
   250.240005      -2.47488458E-07
   250.354996      -2.38451548E-07
   250.470001      -2.29420991E-07
   250.585007      -2.20399258E-07
   250.699997      -2.11388979E-07
   250.815002      -2.02392798E-07
   250.929993      -1.93413342E-07
   251.044998      -1.84453384E-07
   251.160004      -1.75515510E-07
   251.274994      -1.66602248E-07
   251.389999      -1.57716087E-07
   251.505005      -1.48859272E-07
   251.619995      -1.40034075E-07
   251.735001      -1.31242501E-07
   251.850006      -1.22486483E-07
   251.964996      -1.13767918E-07
   252.080002      -1.05088574E-07
   252.195007      -9.64502647E-08
   252.309998      -8.78548505E-08
   252.425003      -7.93041224E-08
   252.539993      -7.08001267E-08
   252.654999      -6.23448742E-08
   252.770004      -5.39404539E-08
   252.884995      -4.55890365E-08
   253.000000      -3.72927218E-08
   253.115005      -2.90536555E-08
   253.229996      -2.08738431E-08
   253.345001      -1.27551001E-08
   253.460007      -4.69920813E-09
   253.574997       3.29224248E-09
   253.690002       1.12178933E-08
   253.804993       1.90764595E-08
   253.919998       2.68667435E-08
   254.035004       3.45876430E-08
   254.149994       4.22379429E-08
   254.264999       4.98164354E-08
   254.380005       5.73218131E-08
   254.494995       6.47525624E-08
   254.610001       7.21070350E-08
   254.725006       7.93834189E-08
   254.839996       8.65797531E-08
   254.955002       9.36939486E-08
   255.070007       1.00723796E-07
   255.184998       1.07667042E-07
   255.300003       1.14521335E-07
   255.414993       1.21284273E-07
   255.529999       1.27953513E-07
   255.645004       1.34526772E-07
   255.759995       1.41001806E-07
   255.875000       1.47376454E-07
   255.990005       1.53648699E-07
   256.105011       1.59816636E-07
   256.220001       1.65878376E-07
   256.334991       1.71832269E-07
   256.450012       1.77676739E-07
   256.565002       1.83410179E-07
   256.679993       1.89031255E-07
   256.795013       1.94538757E-07
   256.910004       1.99931463E-07
   257.024994       2.05208394E-07
   257.140015       2.10368682E-07
   257.255005       2.15411688E-07
   257.369995       2.20336801E-07
   257.484985       2.25143665E-07
   257.600006       2.29831983E-07
   257.714996       2.34401554E-07
   257.829987       2.38852266E-07
   257.945007       2.43184047E-07
   258.059998       2.47396940E-07
   258.174988       2.51490746E-07
   258.290009       2.55465466E-07
   258.404999       2.59321013E-07
   258.519989       2.63057274E-07
   258.635010       2.66674107E-07
   258.750000       2.70171199E-07
   258.864990       2.73548295E-07
   258.980011       2.76805054E-07
   259.095001       2.79941048E-07
   259.209991       2.82955767E-07
   259.325012       2.85848529E-07
   259.440002       2.88618679E-07
   259.554993       2.91265366E-07
   259.670013       2.93787593E-07
   259.785004       2.96184453E-07
   259.899994       2.98454836E-07
   260.015015       3.00597549E-07
   260.130005       3.02611369E-07
   260.244995       3.04495103E-07
   260.359985       3.06247472E-07
   260.475006       3.07867225E-07
   260.589996       3.09353254E-07
   260.704987       3.10704365E-07
   260.820007       3.11919649E-07
   260.934998       3.12998310E-07
   261.049988       3.13939751E-07
   261.165009       3.14743517E-07
   261.279999       3.15409551E-07
   261.394989       3.15937967E-07
   261.510010       3.16329135E-07
   261.625000       3.16583623E-07
   261.739990       3.16702227E-07
   261.855011       3.16685970E-07
   261.970001       3.16535960E-07
   262.084991       3.16253505E-07
   262.200012       3.15839969E-07
   262.315002       3.15296774E-07
   262.429993       3.14625368E-07
   262.545013       3.13827258E-07
   262.660004       3.12903836E-07
   262.774994       3.11856553E-07
   262.890015       3.10686687E-07
   263.005005       3.09395489E-07
   263.119995       3.07984038E-07
   263.234985       3.06453416E-07
   263.350006       3.04804530E-07
   263.464996       3.03038235E-07
   263.579987       3.01155296E-07
   263.695007       2.99156426E-07
   263.809998       2.97042362E-07
   263.924988       2.94813702E-07
   264.040009       2.92471213E-07
   264.154999       2.90015578E-07
   264.269989       2.87447506E-07
   264.385010       2.84767793E-07
   264.500000       2.81977293E-07
   264.614990       2.79076886E-07
   264.730011       2.76067624E-07
   264.845001       2.72950643E-07
   264.959991       2.69727167E-07
   265.075012       2.66398501E-07
   265.190002       2.62966097E-07
   265.304993       2.59431431E-07
   265.420013       2.55796039E-07
   265.535004       2.52061454E-07
   265.649994       2.48229156E-07
   265.765015       2.44300452E-07
   265.880005       2.40276677E-07
   265.994995       2.36158982E-07
   266.109985       2.31948349E-07
   266.225006       2.27645671E-07
   266.339996       2.23251732E-07
   266.454987       2.18767312E-07
   266.570007       2.14193150E-07
   266.684998       2.09530043E-07
   266.799988       2.04778829E-07
   266.915009       1.99940601E-07
   267.029999       1.95016497E-07
   267.144989       1.90007910E-07
   267.260010       1.84916416E-07
   267.375000       1.79743807E-07
   267.489990       1.74492087E-07
   267.605011       1.69163329E-07
   267.720001       1.63759836E-07
   267.834991       1.58283868E-07
   267.950012       1.52737769E-07
   268.065002       1.47123814E-07
   268.179993       1.41444204E-07
   268.295013       1.35701058E-07
   268.410004       1.29896407E-07
   268.524994       1.24032113E-07
   268.640015       1.18110073E-07
   268.755005       1.12132135E-07
   268.869995       1.06100089E-07
   268.984985       1.00015761E-07
   269.100006       9.38809919E-08
   269.214996       8.76976785E-08
   269.329987       8.14677321E-08
   269.445007       7.51929718E-08
   269.559998       6.88752877E-08
   269.674988       6.25165271E-08
   269.790009       5.61184237E-08
   269.904999       4.96826829E-08
   270.019989       4.32109886E-08
   270.135010       3.67049537E-08
   270.250000       3.01662340E-08
   270.364990       2.35964972E-08
   270.480011       1.69974168E-08
   270.595001       1.03707007E-08
   270.709991       3.71820041E-09
   270.825012      -2.95816416E-09
   270.940002      -9.65635039E-09
   271.054993      -1.63742211E-08
   271.170013      -2.31095836E-08
   271.285004      -2.98600966E-08
   271.399994      -3.66234403E-08
   271.515015      -4.33971650E-08
   271.630005      -5.01788975E-08
   271.744995      -5.69662362E-08
   271.859985      -6.37568363E-08
   271.975006      -7.05484098E-08
   272.089996      -7.73387185E-08
   272.204987      -8.41255883E-08
   272.320007      -9.09069513E-08
   272.434998      -9.76808181E-08
   272.549988      -1.04445277E-07
   272.665009      -1.11198510E-07
   272.779999      -1.17938754E-07
   272.894989      -1.24664368E-07
   273.010010      -1.31373866E-07
   273.125000      -1.38065801E-07
   273.239990      -1.44738905E-07
   273.355011      -1.51392044E-07
   273.470001      -1.58024193E-07
   273.584991      -1.64634457E-07
   273.700012      -1.71222013E-07
   273.815002      -1.77786148E-07
   273.929993      -1.84326140E-07
   274.045013      -1.90841234E-07
   274.160004      -1.97330678E-07
   274.274994      -2.03793604E-07
   274.390015      -2.10229089E-07
   274.505005      -2.16636096E-07
   274.619995      -2.23013416E-07
   274.734985      -2.29359756E-07
   274.850006      -2.35673667E-07
   274.964996      -2.41953614E-07
   275.079987      -2.48197779E-07
   275.195007      -2.54404313E-07
   275.309998      -2.60571113E-07
   275.424988      -2.66695906E-07
   275.540009      -2.72776333E-07
   275.654999      -2.78809836E-07
   275.769989      -2.84793799E-07
   275.885010      -2.90725580E-07
   276.000000      -2.96602536E-07
   276.114990      -3.02422023E-07
   276.230011      -3.08181512E-07
   276.345001      -3.13878587E-07
   276.459991      -3.19511059E-07
   276.575012      -3.25076769E-07
   276.690002      -3.30573812E-07
   276.804993      -3.36000369E-07
   276.920013      -3.41354848E-07
   277.035004      -3.46635829E-07
   277.149994      -3.51842061E-07
   277.265015      -3.56972492E-07
   277.380005      -3.62026270E-07
   277.494995      -3.67002684E-07
   277.609985      -3.71901308E-07
   277.725006      -3.76721772E-07
   277.839996      -3.81463963E-07
   277.954987      -3.86127908E-07
   278.070007      -3.90713694E-07
   278.184998      -3.95221548E-07
   278.299988      -3.99651810E-07
   278.415009      -4.04004794E-07
   278.529999      -4.08280755E-07
   278.644989      -4.12479949E-07
   278.760010      -4.16602461E-07
   278.875000      -4.20648234E-07
   278.989990      -4.24617014E-07
   279.105011      -4.28508343E-07
   279.220001      -4.32321514E-07
   279.334991      -4.36055700E-07
   279.450012      -4.39709822E-07
   279.565002      -4.43282801E-07
   279.679993      -4.46773470E-07
   279.795013      -4.50180636E-07
   279.910004      -4.53503191E-07
   280.024994      -4.56739969E-07
   280.140015      -4.59889975E-07
   280.255005      -4.62952187E-07
   280.369995      -4.65925666E-07
   280.484985      -4.68809532E-07
   280.600006      -4.71602959E-07
   280.714996      -4.74305125E-07
   280.829987      -4.76915204E-07
   280.945007      -4.79432572E-07
   281.059998      -4.81856603E-07
   281.174988      -4.84186785E-07
   281.290009      -4.86422721E-07
   281.404999      -4.88564297E-07
   281.519989      -4.90611285E-07
   281.635010      -4.92563686E-07
   281.750000      -4.94421556E-07
   281.864990      -4.96185066E-07
   281.980011      -4.97854217E-07
   282.095001      -4.99429007E-07
   282.209991      -5.00909380E-07
   282.325012      -5.02295109E-07
   282.440002      -5.03585738E-07
   282.554993      -5.04780814E-07
   282.670013      -5.05879655E-07
   282.785004      -5.06881406E-07
   282.899994      -5.07785273E-07
   283.015015      -5.08590233E-07
   283.130005      -5.09295489E-07
   283.244995      -5.09900190E-07
   283.359985      -5.10403595E-07
   283.475006      -5.10805137E-07
   283.589996      -5.11104417E-07
   283.704987      -5.11301380E-07
   283.820007      -5.11395911E-07
   283.934998      -5.11388123E-07
   284.049988      -5.11278415E-07
   284.165009      -5.11067071E-07
   284.279999      -5.10754603E-07
   284.394989      -5.10341408E-07
   284.510010      -5.09828055E-07
   284.625000      -5.09215113E-07
   284.739990      -5.08503092E-07
   284.855011      -5.07692675E-07
   284.970001      -5.06784545E-07
   285.084991      -5.05779497E-07
   285.200012      -5.04678439E-07
   285.315002      -5.03482283E-07
   285.429993      -5.02192108E-07
   285.545013      -5.00809051E-07
   285.660004      -4.99334249E-07
   285.774994      -4.97768895E-07
   285.890015      -4.96114296E-07
   286.005005      -4.94371477E-07
   286.119995      -4.92541687E-07
   286.234985      -4.90626064E-07
   286.350006      -4.88625631E-07
   286.464996      -4.86541467E-07
   286.579987      -4.84374425E-07
   286.695007      -4.82125529E-07
   286.809998      -4.79795574E-07
   286.924988      -4.77385527E-07
   287.040009      -4.74896211E-07
   287.154999      -4.72328566E-07
   287.269989      -4.69683670E-07
   287.385010      -4.66962575E-07
   287.500000      -4.64166561E-07
   287.614990      -4.61297020E-07
   287.730011      -4.58355487E-07
   287.845001      -4.55343553E-07
   287.959991      -4.52262896E-07
   288.075012      -4.49115277E-07
   288.190002      -4.45902316E-07
   288.304993      -4.42625662E-07
   288.420013      -4.39286822E-07
   288.535004      -4.35887159E-07
   288.649994      -4.32427953E-07
   288.765015      -4.28910226E-07
   288.880005      -4.25334974E-07
   288.994995      -4.21703078E-07
   289.109985      -4.18015304E-07
   289.225006      -4.14272392E-07
   289.339996      -4.10475025E-07
   289.454987      -4.06623911E-07
   289.570007      -4.02719735E-07
   289.684998      -3.98763177E-07
   289.799988      -3.94755006E-07
   289.915009      -3.90695845E-07
   290.029999      -3.86586549E-07
   290.144989      -3.82427800E-07
   290.260010      -3.78220335E-07
   290.375000      -3.73964895E-07
   290.489990      -3.69662132E-07
   290.605011      -3.65312872E-07
   290.720001      -3.60917795E-07
   290.834991      -3.56477699E-07
   290.950012      -3.51993435E-07
   291.065002      -3.47466028E-07
   291.179993      -3.42896556E-07
   291.295013      -3.38286327E-07
   291.410004      -3.33636734E-07
   291.524994      -3.28949426E-07
   291.640015      -3.24226079E-07
   291.755005      -3.19468427E-07
   291.869995      -3.14678289E-07
   291.984985      -3.09857455E-07
   292.100006      -3.05007575E-07
   292.214996      -3.00130210E-07
   292.329987      -2.95226926E-07
   292.445007      -2.90299056E-07
   292.559998      -2.85347795E-07
   292.674988      -2.80374337E-07
   292.790009      -2.75379790E-07
   292.904999      -2.70365234E-07
   293.019989      -2.65331778E-07
   293.135010      -2.60280444E-07
   293.250000      -2.55212370E-07
   293.364990      -2.50128693E-07
   293.480011      -2.45030435E-07
   293.595001      -2.39918791E-07
   293.709991      -2.34794769E-07
   293.825012      -2.29659420E-07
   293.940002      -2.24513727E-07
   294.054993      -2.19358597E-07
   294.170013      -2.14194870E-07
   294.285004      -2.09023369E-07
   294.399994      -2.03844948E-07
   294.515015      -1.98660317E-07
   294.630005      -1.93470356E-07
   294.744995      -1.88275905E-07
   294.859985      -1.83078015E-07
   294.975006      -1.77877808E-07
   295.089996      -1.72676621E-07
   295.204987      -1.67476017E-07
   295.320007      -1.62277757E-07
   295.434998      -1.57083804E-07
   295.549988      -1.51896330E-07
   295.665009      -1.46717625E-07
   295.779999      -1.41550146E-07
   295.894989      -1.36396366E-07
   296.010010      -1.31258844E-07
   296.125000      -1.26140009E-07
   296.239990      -1.21042262E-07
   296.355011      -1.15967921E-07
   296.470001      -1.10919117E-07
   296.584991      -1.05897811E-07
   296.700012      -1.00905766E-07
   296.815002      -9.59445217E-08
   296.929993      -9.10154583E-08
   297.045013      -8.61197762E-08
   297.160004      -8.12583920E-08
   297.274994      -7.64320589E-08
   297.390015      -7.16412529E-08
   297.505005      -6.68863152E-08
   297.619995      -6.21673948E-08
   297.734985      -5.74844776E-08
   297.850006      -5.28373540E-08
   297.964996      -4.82258180E-08
   298.079987      -4.36495213E-08
   298.195007      -3.91081016E-08
   298.309998      -3.46013032E-08
   298.424988      -3.01289020E-08
   298.540009      -2.56908983E-08
   298.654999      -2.12874678E-08
   298.769989      -1.69191328E-08
   298.885010      -1.25867370E-08
   299.000000      -8.29154345E-09
   299.114990      -4.03514155E-09
   299.230011       1.80460216E-10
   299.345001       4.35298109E-09
   299.459991       8.47990922E-09
   299.575012       1.25585613E-08
   299.690002       1.65862826E-08
   299.804993       2.05605009E-08
   299.920013       2.44788581E-08
   300.035004       2.83392101E-08
   300.149994       3.21397557E-08
   300.265015       3.58790757E-08
   300.380005       3.95559958E-08
   300.494995       4.31697629E-08
   300.609985       4.67198262E-08
   300.725006       5.02058448E-08
   300.839996       5.36277334E-08
   300.954987       5.69854812E-08
   301.070007       6.02792483E-08
   301.184998       6.35091979E-08
   301.299988       6.66755824E-08
   301.415009       6.97787073E-08
   301.529999       7.28188994E-08
   301.644989       7.57964784E-08
   301.760010       7.87117855E-08
   301.875000       8.15651973E-08
   301.989990       8.43569907E-08
   302.105011       8.70874644E-08
   302.220001       8.97567958E-08
   302.334991       9.23650632E-08
   302.450012       9.49121528E-08
   302.565002       9.73978516E-08
   302.679993       9.98216976E-08
   302.795013       1.02183066E-07
   302.910004       1.04481181E-07
   303.024994       1.06715135E-07
   303.140015       1.08883967E-07
   303.255005       1.10986754E-07
   303.369995       1.13022608E-07
   303.484985       1.14990769E-07
   303.600006       1.16890675E-07
   303.714996       1.18721907E-07
   303.829987       1.20484273E-07
   303.945007       1.22177710E-07
   304.059998       1.23802266E-07
   304.174988       1.25358028E-07
   304.290009       1.26845123E-07
   304.404999       1.28263537E-07
   304.519989       1.29613227E-07
   304.635010       1.30894023E-07
   304.750000       1.32105583E-07
   304.864990       1.33247497E-07
   304.980011       1.34319279E-07
   305.095001       1.35320406E-07
   305.209991       1.36250364E-07
   305.325012       1.37108700E-07
   305.440002       1.37895071E-07
   305.554993       1.38609209E-07
   305.670013       1.39251000E-07
   305.785004       1.39820486E-07
   305.899994       1.40317795E-07
   306.015015       1.40743168E-07
   306.130005       1.41096919E-07
   306.244995       1.41379402E-07
   306.359985       1.41590988E-07
   306.475006       1.41732059E-07
   306.589996       1.41802943E-07
   306.704987       1.41803966E-07
   306.820007       1.41735342E-07
   306.934998       1.41597326E-07
   307.049988       1.41390075E-07
   307.165009       1.41113745E-07
   307.279999       1.40768563E-07
   307.394989       1.40354786E-07
   307.510010       1.39872768E-07
   307.625000       1.39322907E-07
   307.739990       1.38705758E-07
   307.855011       1.38021932E-07
   307.970001       1.37272124E-07
   308.084991       1.36457075E-07
   308.200012       1.35577537E-07
   308.315002       1.34634291E-07
   308.429993       1.33628120E-07
   308.545013       1.32559748E-07
   308.660004       1.31429971E-07
   308.774994       1.30239542E-07
   308.890015       1.28989257E-07
   309.005005       1.27679911E-07
   309.119995       1.26312372E-07
   309.234985       1.24887521E-07
   309.350006       1.23406323E-07
   309.464996       1.21869746E-07
   309.579987       1.20278827E-07
   309.695007       1.18634667E-07
   309.809998       1.16938345E-07
   309.924988       1.15190964E-07
   310.040009       1.13393604E-07
   310.154999       1.11547301E-07
   310.269989       1.09652959E-07
   310.385010       1.07711429E-07
