   0.00000000       0.00000000    
  0.115000002       0.00000000    
  0.230000004       0.00000000    
  0.344999999       0.00000000    
  0.460000008       0.00000000    
  0.574999988       0.00000000    
  0.689999998       0.00000000    
  0.805000007      -1.80038755E-35
  0.920000017       9.84801249E-34
   1.03499997       1.71146394E-32
   1.14999998       1.39363730E-31
   1.26499999       7.56056102E-31
   1.38000000       3.09598618E-30
   1.49500000       1.01754944E-29
   1.61000001       2.77324704E-29
   1.72500002       6.35699400E-29
   1.84000003       1.22090754E-28
   1.95500004       1.89949307E-28
   2.06999993       2.11686062E-28
   2.18499994       6.57822678E-29
   2.29999995      -4.22715141E-28
   2.41499996      -1.35348338E-27
   2.52999997      -2.36909182E-27
   2.64499998      -1.82486927E-27
   2.75999999       4.71393502E-27
   2.87500000       2.68336676E-26
   2.99000001       8.25270349E-26
   3.10500002       2.02083114E-25
   3.22000003       4.31918503E-25
   3.33500004       8.37133276E-25
   3.45000005       1.50106948E-24
   3.56500006       2.51980494E-24
   3.68000007       3.98951138E-24
   3.79500008       5.98500367E-24
   3.91000009       8.52868764E-24
   4.02500010       1.15502418E-23
   4.13999987       1.48386298E-23
   4.25500011       1.79890926E-23
   4.36999989       2.03484667E-23
   4.48500013       2.09628631E-23
   4.59999990       1.85332946E-23
   4.71500015       1.13877909E-23
   4.82999992      -2.51373998E-24
   4.94500017      -2.55149045E-23
   5.05999994      -6.00949315E-23
   5.17500019      -1.08535219E-22
   5.28999996      -1.72346317E-22
   5.40500021      -2.51381067E-22
   5.51999998      -3.42593229E-22
   5.63500023      -4.38472721E-22
   5.75000000      -5.25320879E-22
   5.86499977      -5.81708455E-22
   5.98000002      -5.77678777E-22
   6.09499979      -4.75469263E-22
   6.21000004      -2.32648611E-22
   6.32499981       1.91468065E-22
   6.44000006       8.25591834E-22
   6.55499983       1.67256031E-21
   6.67000008       2.69298665E-21
   6.78499985       3.78909749E-21
   6.90000010       4.79297447E-21
   7.01499987       5.46482809E-21
   7.13000011       5.50769406E-21
   7.24499989       4.60454127E-21
   7.36000013       2.48161777E-21
   7.47499990      -1.00235933E-21
   7.59000015      -5.74803648E-21
   7.70499992      -1.13032938E-20
   7.82000017      -1.67709544E-20
   7.93499994      -2.07679574E-20
   8.05000019      -2.14720319E-20
   8.16499996      -1.67904594E-20
   8.27999973      -4.67565174E-21
   8.39500046       1.64070628E-20
   8.51000023       4.68837829E-20
   8.62500000       8.54101270E-20
   8.73999977       1.28245733E-19
   8.85499954       1.68804790E-19
   8.97000027       1.97547326E-19
   9.08500004       2.02377350E-19
   9.19999981       1.69684845E-19
   9.31499958       8.61001507E-20
   9.43000031      -5.90776142E-20
   9.54500008      -2.70956994E-19
   9.65999985      -5.45972343E-19
   9.77499962      -8.69136247E-19
   9.89000034      -1.21223660E-18
   10.0050001      -1.53364063E-18
   10.1199999      -1.78031974E-18
   10.2349997      -1.89253279E-18
   10.3500004      -1.81129827E-18
   10.4650002      -1.48835993E-18
   10.5799999      -8.97819355E-19
   10.6949997      -4.80868654E-20
   10.8100004       1.00770937E-18
   10.9250002       2.16501394E-18
   11.0400000       3.26708859E-18
   11.1549997       4.11220103E-18
   11.2700005       4.47008651E-18
   11.3850002       4.10798365E-18
   11.5000000       2.82518079E-18
   11.6149998       4.93441721E-19
   11.7299995      -2.90088539E-18
   11.8450003      -7.21863894E-18
   11.9600000      -1.21399392E-17
   12.0749998      -1.71531898E-17
   12.1899996      -2.15668849E-17
   12.3050003      -2.45483896E-17
   12.4200001      -2.51911486E-17
   12.5349998      -2.26084393E-17
   12.6499996      -1.60477191E-17
   12.7650003      -5.01592770E-18
   12.8800001       1.05976535E-17
   12.9949999       3.04163973E-17
   13.1099997       5.35057577E-17
   13.2250004       7.83524468E-17
   13.3400002       1.02905629E-16
   13.4549999       1.24687194E-16
   13.5699997       1.40971376E-16
   13.6850004       1.49025971E-16
   13.8000002       1.46399176E-16
   13.9150000       1.31228419E-16
   14.0299997       1.02541378E-16
   14.1450005       6.05164410E-17
   14.2600002       6.66822014E-18
   14.3750000      -5.60713444E-17
   14.4899998      -1.23400564E-16
   14.6049995      -1.89837011E-16
   14.7200003      -2.49049339E-16
   14.8350000      -2.94318009E-16
   14.9499998      -3.19097905E-16
   15.0649996      -3.17642649E-16
   15.1800003      -2.85639653E-16
   15.2950001      -2.20799758E-16
   15.4099998      -1.23342953E-16
   15.5249996       3.67367412E-18
   15.6400003       1.54231319E-16
   15.7550001       3.19459164E-16
   15.8699999       4.87992251E-16
   15.9849997       6.46570371E-16
   16.1000004       7.80850293E-16
   16.2150002       8.76383592E-16
   16.3299999       9.19694186E-16
   16.4449997       8.99377466E-16
   16.5599995       8.07136160E-16
   16.6749992       6.38665860E-16
   16.7900009       3.94312763E-16
   16.9050007       7.94378666E-17
   17.0200005      -2.95555868E-16
   17.1350002      -7.15554270E-16
   17.2500000      -1.16141092E-15
   17.3649998      -1.61093723E-15
   17.4799995      -2.04014302E-15
   17.5949993      -2.42464113E-15
   17.7099991      -2.74111953E-15
   17.8250008      -2.96877467E-15
   17.9400005      -3.09060554E-15
   18.0550003      -3.09448707E-15
   18.1700001      -2.97394792E-15
   18.2849998      -2.72862029E-15
   18.3999996      -2.36434424E-15
   18.5149994      -1.89294860E-15
   18.6299992      -1.33174681E-15
   18.7450008      -7.02795783E-16
   18.8600006      -3.19833983E-17
   18.9750004       6.52006205E-16
   19.0900002       1.31880986E-15
   19.2049999       1.93756479E-15
   19.3199997       2.47815498E-15
   19.4349995       2.91254672E-15
   19.5499992       3.21623598E-15
   19.6650009       3.36983567E-15
   19.7800007       3.36080079E-15
   19.8950005       3.18525490E-15
   20.0100002       2.84982605E-15
   20.1250000       2.37334397E-15
   20.2399998       1.78818968E-15
   20.3549995       1.14104486E-15
   20.4699993       4.92760094E-16
   20.5849991      -8.29147780E-17
   20.7000008      -5.01952889E-16
   20.8150005      -6.74174381E-16
   20.9300003      -5.08841861E-16
   21.0450001       7.84295401E-17
   21.1599998       1.15775174E-15
   21.2749996       2.77658882E-15
   21.3899994       4.95150855E-15
   21.5049992       7.66084888E-15
   21.6200008       1.08390563E-14
   21.7350006       1.43734257E-14
   21.8500004       1.81038520E-14
   21.9650002       2.18260570E-14
   22.0799999       2.52983957E-14
   22.1949997       2.82521673E-14
   22.3099995       3.04050269E-14
   22.4249992       3.14766964E-14
   22.5400009       3.12061541E-14
   22.6550007       2.93691395E-14
   22.7700005       2.57947553E-14
   22.8850002       2.03800769E-14
   23.0000000       1.31017422E-14
   23.1149998       4.02357125E-15
   23.2299995      -6.70019494E-15
   23.3449993      -1.88264118E-14
   23.4599991      -3.20292532E-14
   23.5750008      -4.59108053E-14
   23.6900005      -6.00153878E-14
   23.8050003      -7.38469344E-14
   23.9200001      -8.68884432E-14
   24.0349998      -9.86226210E-14
   24.1499996      -1.08552551E-13
   24.2649994      -1.16221675E-13
   24.3799992      -1.21231990E-13
   24.4950008      -1.23259828E-13
   24.6100006      -1.22068452E-13
   24.7250004      -1.17516972E-13
   24.8400002      -1.09565020E-13
   24.9549999      -9.82731691E-14
   25.0699997      -8.37987584E-14
   25.1849995      -6.63873999E-14
   25.2999992      -4.63605154E-14
   25.4150009      -2.40994155E-14
   25.5300007      -2.70305369E-17
   25.6450005       2.54118778E-14
   25.7600002       5.17703115E-14
   25.8750000       7.86174511E-14
   25.9899998       1.05554149E-13
   26.1049995       1.32224174E-13
   26.2199993       1.58320365E-13
   26.3349991       1.83584728E-13
   26.4500008       2.07802593E-13
   26.5650005       2.30790918E-13
   26.6800003       2.52381883E-13
   26.7950001       2.72402977E-13
   26.9099998       2.90655873E-13
   27.0249996       3.06895812E-13
   27.1399994       3.20813769E-13
   27.2549992       3.32023607E-13
   27.3700008       3.40055593E-13
   27.4850006       3.44357653E-13
   27.6000004       3.44304582E-13
   27.7150002       3.39215282E-13
   27.8299999       3.28376622E-13
   27.9449997       3.11072619E-13
   28.0599995       2.86616922E-13
   28.1749992       2.54386979E-13
   28.2900009       2.13856575E-13
   28.4050007       1.64625814E-13
   28.5200005       1.06446610E-13
   28.6350002       3.92433177E-14
   28.7500000      -3.68722996E-14
   28.8649998      -1.21591539E-13
   28.9799995      -2.14403189E-13
   29.0949993      -3.14591235E-13
   29.2099991      -4.21234336E-13
   29.3250008      -5.33206129E-13
   29.4400005      -6.49174779E-13
   29.5550003      -7.67602561E-13
   29.6700001      -8.86744129E-13
   29.7849998      -1.00464483E-12
   29.8999996      -1.11914124E-12
   30.0149994      -1.22786362E-12
   30.1299992      -1.32824361E-12
   30.2450008      -1.41752961E-12
   30.3600006      -1.49281022E-12
   30.4750004      -1.55104814E-12
   30.5900002      -1.58912662E-12
   30.7049999      -1.60390668E-12
   30.8199997      -1.59229639E-12
   30.9349995      -1.55133187E-12
   31.0499992      -1.47826684E-12
   31.1650009      -1.37066942E-12
   31.2800007      -1.22652583E-12
   31.3950005      -1.04434311E-12
   31.5100002      -8.23254225E-13
   31.6250000      -5.63115960E-13
   31.7399998      -2.64601139E-13
   31.8549995       7.07222028E-14
   31.9699993       4.40325429E-13
   32.0849991       8.40673939E-13
   32.2000008       1.26720314E-12
   32.3149986       1.71432194E-12
   32.4300003       2.17544168E-12
   32.5449982       2.64303943E-12
   32.6599998       3.10875002E-12
   32.7750015       3.56349108E-12
   32.8899994       3.99761821E-12
   33.0050011       4.40110578E-12
   33.1199989       4.76375276E-12
   33.2350006       5.07540104E-12
   33.3499985       5.32616833E-12
   33.4650002       5.50667541E-12
   33.5800018       5.60827600E-12
   33.6949997       5.62326444E-12
   33.8100014       5.54507091E-12
   33.9249992       5.36842402E-12
   34.0400009       5.08949046E-12
   34.1549988       4.70598343E-12
   34.2700005       4.21724374E-12
   34.3849983       3.62428902E-12
   34.5000000       2.92984604E-12
   34.6150017       2.13836089E-12
   34.7299995       1.25599151E-12
   34.8450012       2.90592610E-13
   34.9599991      -7.48316231E-13
   35.0750008      -1.84958776E-12
   35.1899986      -3.00050067E-12
   35.3050003      -4.18682623E-12
   35.4199982      -5.39291962E-12
   35.5349998      -6.60182976E-12
   35.6500015      -7.79544745E-12
   35.7649994      -8.95467641E-12
   35.8800011      -1.00596519E-11
   35.9949989      -1.10899840E-11
   36.1100006      -1.20250424E-11
   36.2249985      -1.28442630E-11
   36.3400002      -1.35274812E-11
   36.4550018      -1.40552734E-11
   36.5699997      -1.44093062E-11
   36.6850014      -1.45726851E-11
   36.7999992      -1.45302858E-11
   36.9150009      -1.42690816E-11
   37.0299988      -1.37784411E-11
   37.1450005      -1.30504106E-11
   37.2599983      -1.20799828E-11
   37.3750000      -1.08653407E-11
   37.4900017      -9.40808629E-12
   37.6049995      -7.71345574E-12
   37.7200012      -5.79051607E-12
   37.8349991      -3.65234362E-12
   37.9500008      -1.31617059E-12
   38.0649986       1.19649982E-12
   38.1800003       3.85982739E-12
   38.2949982       6.64362792E-12
   38.4099998       9.51344212E-12
   38.5250015       1.24306893E-11
   38.6399994       1.53529221E-11
   38.7550011       1.82341781E-11
   38.8699989       2.10254644E-11
   38.9850006       2.36753273E-11
   39.0999985       2.61305561E-11
   39.2150002       2.83369977E-11
   39.3300018       3.02404386E-11
   39.4449997       3.17876107E-11
   39.5600014       3.29272547E-11
   39.6749992       3.36112457E-11
   39.7900009       3.37957509E-11
   39.9049988       3.34424571E-11
   40.0200005       3.25197300E-11
   40.1349983       3.10038245E-11
   40.2500000       2.88799956E-11
   40.3650017       2.61435630E-11
   40.4799995       2.28008428E-11
   40.5950012       1.88699386E-11
   40.7099991       1.43813277E-11
   40.8250008       9.37822563E-12
   40.9399986       3.91668078E-12
   41.0550003      -1.93464277E-12
   41.1699982      -8.09498302E-12
   41.2849998      -1.44723617E-11
   41.4000015      -2.09647924E-11
   41.5149994      -2.74618037E-11
   41.6300011      -3.38462973E-11
   41.7449989      -3.99966345E-11
   41.8600006      -4.57889490E-11
   41.9749985      -5.10996384E-11
   42.0900002      -5.58079069E-11
   42.2050018      -5.97983676E-11
   42.3199997      -6.29635788E-11
   42.4350014      -6.52065138E-11
   42.5499992      -6.64428373E-11
   42.6650009      -6.66030078E-11
   42.7799988      -6.56341093E-11
   42.8950005      -6.35014333E-11
   43.0099983      -6.01897143E-11
   43.1250000      -5.57041184E-11
   43.2400017      -5.00708086E-11
   43.3549995      -4.33372505E-11
   43.4700012      -3.55721043E-11
   43.5849991      -2.68648263E-11
   43.7000008      -1.73248690E-11
   43.8149986      -7.08058221E-12
   43.9300003       3.72225991E-12
   44.0449982       1.49222041E-11
   44.1599998       2.63441977E-11
   44.2750015       3.78019525E-11
   44.3899994       4.91004633E-11
   44.5050011       6.00388211E-11
   44.6199989       7.04131128E-11
   44.7350006       8.00194008E-11
   44.8499985       8.86567625E-11
   44.9650002       9.61303259E-11
   45.0800018       1.02254191E-10
   45.1949997       1.06854192E-10
   45.3100014       1.09770588E-10
   45.4249992       1.10860376E-10
   45.5400009       1.09999482E-10
   45.6549988       1.07084529E-10
   45.7700005       1.02034367E-10
   45.8849983       9.47912443E-11
   46.0000000       8.53215623E-11
   46.1150017       7.36163977E-11
   46.2299995       5.96915711E-11
   46.3450012       4.35873837E-11
   46.4599991       2.53681208E-11
   46.5750008       5.12116087E-12
   46.6899986      -1.70441213E-11
   46.8050003      -4.09976983E-11
   46.9199982      -6.65904207E-11
   47.0349998      -9.36557012E-11
   47.1500015      -1.22011304E-10
   47.2649994      -1.51461232E-10
   47.3800011      -1.81797619E-10
   47.4949989      -2.12802706E-10
   47.6100006      -2.44250814E-10
   47.7249985      -2.75910406E-10
   47.8400002      -3.07545989E-10
   47.9550018      -3.38920531E-10
   48.0699997      -3.69797248E-10
   48.1850014      -3.99942274E-10
   48.2999992      -4.29126817E-10
   48.4150009      -4.57129806E-10
   48.5299988      -4.83740603E-10
   48.6450005      -5.08761699E-10
   48.7599983      -5.32011490E-10
   48.8750000      -5.53327051E-10
   48.9900017      -5.72567049E-10
   49.1049995      -5.89613969E-10
   49.2200012      -6.04376438E-10
   49.3349991      -6.16790896E-10
   49.4500008      -6.26823093E-10
   49.5649986      -6.34468367E-10
   49.6800003      -6.39751752E-10
   49.7949982      -6.42727260E-10
   49.9099998      -6.43476272E-10
   50.0250015      -6.42105369E-10
   50.1399994      -6.38743447E-10
   50.2550011      -6.33538388E-10
   50.3699989      -6.26652841E-10
   50.4850006      -6.18260498E-10
   50.5999985      -6.08541439E-10
   50.7150002      -5.97678018E-10
   50.8300018      -5.85850535E-10
   50.9449997      -5.73233461E-10
   51.0600014      -5.59992219E-10
   51.1749992      -5.46279855E-10
   51.2900009      -5.32234923E-10
   51.4049988      -5.17979937E-10
   51.5200005      -5.03619590E-10
   51.6349983      -4.89241037E-10
   51.7500000      -4.74912887E-10
   51.8650017      -4.60685878E-10
   51.9799995      -4.46593623E-10
   52.0950012      -4.32652719E-10
   52.2099991      -4.18863888E-10
   52.3250008      -4.05212447E-10
   52.4399986      -3.91668975E-10
   52.5550003      -3.78189674E-10
   52.6699982      -3.64716368E-10
   52.7849998      -3.51176421E-10
   52.9000015      -3.37482153E-10
   53.0149994      -3.23530286E-10
   53.1300011      -3.09201248E-10
   53.2449989      -2.94358593E-10
   53.3600006      -2.78847667E-10
   53.4749985      -2.62496358E-10
   53.5900002      -2.45113402E-10
   53.7050018      -2.26489966E-10
   53.8199997      -2.06399481E-10
   53.9350014      -1.84599336E-10
   54.0499992      -1.60831751E-10
   54.1650009      -1.34827233E-10
   54.2799988      -1.06305735E-10
   54.3950005      -7.49804871E-11
   54.5099983      -4.05607353E-11
   54.6250000      -2.75453813E-12
   54.7400017       3.87267891E-11
   54.8549995       8.41671940E-11
   54.9700012       1.33842215E-10
   55.0849991       1.88017130E-10
   55.2000008       2.46944604E-10
   55.3149986       3.10864445E-10
   55.4300003       3.80001197E-10
   55.5449982       4.54565441E-10
   55.6599998       5.34753353E-10
   55.7750015       6.20747620E-10
   55.8899994       7.12718273E-10
   56.0050011       8.10824463E-10
   56.1199989       9.15215570E-10
   56.2350006       1.02603293E-09
   56.3499985       1.14341125E-09
   56.4650002       1.26747979E-09
   56.5800018       1.39836298E-09
   56.6949997       1.53618118E-09
   56.8100014       1.68105063E-09
   56.9249992       1.83308235E-09
   57.0400009       1.99238137E-09
   57.1549988       2.15904405E-09
   57.2700005       2.33315722E-09
   57.3849983       2.51479371E-09
   57.5000000       2.70400968E-09
   57.6150017       2.90084223E-09
   57.7299995       3.10530468E-09
   57.8450012       3.31738459E-09
   57.9599991       3.53703933E-09
   58.0750008       3.76419518E-09
   58.1899986       3.99874356E-09
   58.3050003       4.24054258E-09
   58.4199982       4.48941373E-09
   58.5349998       4.74514517E-09
   58.6500015       5.00749131E-09
   58.7649994       5.27617416E-09
   58.8800011       5.55088953E-09
   58.9949989       5.83130655E-09
   59.1100006       6.11707485E-09
   59.2249985       6.40782849E-09
   59.3400002       6.70319000E-09
   59.4550018       7.00277436E-09
   59.5699997       7.30619831E-09
   59.6850014       7.61307994E-09
   59.7999992       7.92304711E-09
   59.9150009       8.23574098E-09
   60.0299988       8.55081872E-09
   60.1450005       8.86796148E-09
   60.2599983       9.18687082E-09
   60.3750000       9.50728118E-09
   60.4900017       9.82895720E-09
   60.6049995       1.01516964E-08
   60.7200012       1.04753335E-08
   60.8349991       1.07997362E-08
   60.9500008       1.11248166E-08
   61.0649986       1.14505196E-08
   61.1800003       1.17768364E-08
   61.2949982       1.21037962E-08
   61.4099998       1.24314656E-08
   61.5250015       1.27599495E-08
   61.6399994       1.30893945E-08
   61.7550011       1.34199807E-08
   61.8699989       1.37519214E-08
   61.9850006       1.40854688E-08
   62.0999985       1.44209071E-08
   62.2150002       1.47585490E-08
   62.3300018       1.50987418E-08
   62.4449997       1.54418593E-08
   62.5600014       1.57882951E-08
   62.6749992       1.61384719E-08
   62.7900009       1.64928373E-08
   62.9049988       1.68518497E-08
   63.0200005       1.72159833E-08
   63.1349983       1.75857267E-08
   63.2500000       1.79615736E-08
   63.3650017       1.83440214E-08
   63.4799995       1.87335711E-08
   63.5950012       1.91307112E-08
   63.7099991       1.95359355E-08
   63.8250008       1.99497165E-08
   63.9399986       2.03725161E-08
   64.0550003       2.08047783E-08
   64.1699982       2.12469313E-08
   64.2850037       2.16993676E-08
   64.4000015       2.21624514E-08
   64.5149994       2.26365255E-08
   64.6299973       2.31218902E-08
   64.7450027       2.36188189E-08
   64.8600006       2.41275355E-08
   64.9749985       2.46482195E-08
   65.0899963       2.51810075E-08
   65.2050018       2.57259902E-08
   65.3199997       2.62831854E-08
   65.4349976       2.68525699E-08
   65.5500031       2.74340515E-08
   65.6650009       2.80274701E-08
   65.7799988       2.86326021E-08
   65.8949966       2.92491578E-08
   66.0100021       2.98767979E-08
   66.1250000       3.05151069E-08
   66.2399979       3.11636192E-08
   66.3550034       3.18218127E-08
   66.4700012       3.24891261E-08
   66.5849991       3.31649588E-08
   66.6999969       3.38486679E-08
   66.8150024       3.45396067E-08
   66.9300003       3.52370968E-08
   67.0449982       3.59404631E-08
   67.1600037       3.66490269E-08
   67.2750015       3.73621241E-08
   67.3899994       3.80791114E-08
   67.5049973       3.87993779E-08
   67.6200027       3.95223125E-08
   67.7350006       4.02473681E-08
   67.8499985       4.09740366E-08
   67.9649963       4.17018313E-08
   68.0800018       4.24303011E-08
   68.1949997       4.31590337E-08
   68.3099976       4.38876562E-08
   68.4250031       4.46158062E-08
   68.5400009       4.53431674E-08
   68.6549988       4.60694096E-08
   68.7699966       4.67942449E-08
   68.8850021       4.75173820E-08
   69.0000000       4.82385403E-08
   69.1149979       4.89574319E-08
   69.2300034       4.96737833E-08
   69.3450012       5.03873032E-08
   69.4599991       5.10976790E-08
   69.5749969       5.18046086E-08
   69.6900024       5.25077724E-08
   69.8050003       5.32068292E-08
   69.9199982       5.39014593E-08
   70.0350037       5.45913004E-08
   70.1500015       5.52760078E-08
   70.2649994       5.59551907E-08
   70.3799973       5.66284868E-08
   70.4950027       5.72955265E-08
   70.6100006       5.79559192E-08
   70.7249985       5.86093130E-08
   70.8399963       5.92553278E-08
   70.9550018       5.98936083E-08
   71.0699997       6.05238242E-08
   71.1849976       6.11456628E-08
   71.3000031       6.17588398E-08
   71.4150009       6.23631138E-08
   71.5299988       6.29582573E-08
   71.6449966       6.35441211E-08
   71.7600021       6.41205844E-08
   71.8750000       6.46876046E-08
   71.9899979       6.52451462E-08
   72.1050034       6.57932802E-08
   72.2200012       6.63321345E-08
   72.3349991       6.68618725E-08
   72.4499969       6.73827643E-08
   72.5650024       6.78951224E-08
   72.6800003       6.83993235E-08
   72.7949982       6.88958579E-08
   72.9100037       6.93852584E-08
   73.0250015       6.98681220E-08
   73.1399994       7.03451093E-08
   73.2549973       7.08169736E-08
   73.3700027       7.12845036E-08
   73.4850006       7.17485023E-08
   73.5999985       7.22098505E-08
   73.7149963       7.26694438E-08
   73.8300018       7.31281915E-08
   73.9449997       7.35869818E-08
   74.0599976       7.40467243E-08
   74.1750031       7.45082573E-08
   74.2900009       7.49724691E-08
   74.4049988       7.54401626E-08
   74.5199966       7.59120908E-08
   74.6350021       7.63889787E-08
   74.7500000       7.68715154E-08
   74.8649979       7.73602196E-08
   74.9800034       7.78556597E-08
   75.0950012       7.83582408E-08
   75.2099991       7.88682968E-08
   75.3249969       7.93860622E-08
   75.4400024       7.99117217E-08
   75.5550003       8.04452895E-08
   75.6699982       8.09866734E-08
   75.7850037       8.15356884E-08
   75.9000015       8.20920008E-08
   76.0149994       8.26551627E-08
   76.1299973       8.32245917E-08
   76.2450027       8.37995984E-08
   76.3600006       8.43793302E-08
   76.4749985       8.49628279E-08
   76.5899963       8.55490541E-08
   76.7050018       8.61368150E-08
   76.8199997       8.67247749E-08
   76.9349976       8.73115766E-08
   77.0500031       8.78957493E-08
   77.1650009       8.84756801E-08
   77.2799988       8.90497560E-08
   77.3949966       8.96163854E-08
   77.5100021       9.01737991E-08
   77.6250000       9.07203130E-08
   77.7399979       9.12542646E-08
   77.8550034       9.17738987E-08
   77.9700012       9.22775882E-08
   78.0849991       9.27637558E-08
   78.1999969       9.32308737E-08
   78.3150024       9.36775066E-08
   78.4300003       9.41023544E-08
   78.5449982       9.45042231E-08
   78.6600037       9.48820329E-08
   78.7750015       9.52349026E-08
   78.8899994       9.55620081E-08
   79.0049973       9.58627382E-08
   79.1200027       9.61366950E-08
   79.2350006       9.63835234E-08
   79.3499985       9.66030740E-08
   79.4649963       9.67953824E-08
   79.5800018       9.69605765E-08
   79.6949997       9.70989547E-08
   79.8099976       9.72110001E-08
   79.9250031       9.72972458E-08
   80.0400009       9.73583809E-08
   80.1549988       9.73952083E-08
   80.2699966       9.74086092E-08
   80.3850021       9.73995924E-08
   80.5000000       9.73691243E-08
   80.6149979       9.73184058E-08
   80.7300034       9.72485665E-08
   80.8450012       9.71607932E-08
   80.9599991       9.70563363E-08
   81.0749969       9.69364606E-08
   81.1900024       9.68024310E-08
   81.3050003       9.66554410E-08
   81.4199982       9.64966489E-08
   81.5350037       9.63271702E-08
   81.6500015       9.61481419E-08
   81.7649994       9.59604520E-08
   81.8799973       9.57650244E-08
   81.9950027       9.55626689E-08
   82.1100006       9.53540962E-08
   82.2249985       9.51399244E-08
   82.3399963       9.49207504E-08
   82.4550018       9.46969720E-08
   82.5699997       9.44690441E-08
   82.6849976       9.42372012E-08
   82.8000031       9.40016704E-08
   82.9150009       9.37626581E-08
   83.0299988       9.35201285E-08
   83.1449966       9.32742665E-08
   83.2600021       9.30249229E-08
   83.3750000       9.27720265E-08
   83.4899979       9.25154851E-08
   83.6050034       9.22551209E-08
   83.7200012       9.19907066E-08
   83.8349991       9.17220504E-08
   83.9499969       9.14489391E-08
   84.0650024       9.11710387E-08
   84.1800003       9.08881574E-08
   84.2949982       9.06000537E-08
   84.4100037       9.03064574E-08
   84.5250015       9.00071484E-08
   84.6399994       8.97018282E-08
   84.7549973       8.93903049E-08
   84.8700027       8.90722447E-08
   84.9850006       8.87474627E-08
   85.0999985       8.84155895E-08
   85.2149963       8.80764119E-08
   85.3300018       8.77295392E-08
   85.4449997       8.73747084E-08
   85.5599976       8.70116494E-08
   85.6750031       8.66399930E-08
   85.7900009       8.62594831E-08
   85.9049988       8.58698073E-08
   86.0199966       8.54707523E-08
   86.1350021       8.50621404E-08
   86.2500000       8.46438581E-08
   86.3649979       8.42157917E-08
   86.4800034       8.37779979E-08
   86.5950012       8.33303559E-08
   86.7099991       8.28729512E-08
   86.8249969       8.24058546E-08
   86.9400024       8.19291444E-08
   87.0550003       8.14429200E-08
   87.1699982       8.09472738E-08
   87.2850037       8.04422911E-08
   87.4000015       7.99282063E-08
   87.5149994       7.94051616E-08
   87.6299973       7.88732706E-08
   87.7450027       7.83326968E-08
   87.8600006       7.77836675E-08
   87.9749985       7.72263675E-08
   88.0899963       7.66610455E-08
   88.2050018       7.60878649E-08
   88.3199997       7.55070317E-08
   88.4349976       7.49187379E-08
   88.5500031       7.43232036E-08
   88.6650009       7.37206207E-08
   88.7799988       7.31111029E-08
   88.8949966       7.24947213E-08
   89.0100021       7.18715896E-08
   89.1250000       7.12418142E-08
   89.2399979       7.06052958E-08
   89.3550034       6.99620770E-08
   89.4700012       6.93120938E-08
   89.5849991       6.86552397E-08
   89.6999969       6.79913725E-08
   89.8150024       6.73202578E-08
   89.9300003       6.66417534E-08
   90.0449982       6.59555610E-08
   90.1600037       6.52615029E-08
   90.2750015       6.45593232E-08
   90.3899994       6.38487307E-08
   90.5049973       6.31295336E-08
   90.6200027       6.24015470E-08
   90.7350006       6.16645153E-08
   90.8499985       6.09183743E-08
   90.9649963       6.01630816E-08
   91.0800018       5.93987153E-08
   91.1949997       5.86254458E-08
   91.3099976       5.78436143E-08
   91.4250031       5.70536756E-08
   91.5400009       5.62562263E-08
   91.6549988       5.54519133E-08
   91.7699966       5.46416175E-08
   91.8850021       5.38262022E-08
   92.0000000       5.30066444E-08
   92.1149979       5.21841237E-08
   92.2300034       5.13596419E-08
   92.3450012       5.05343216E-08
   92.4599991       4.97092891E-08
   92.5749969       4.88857026E-08
   92.6900024       4.80645852E-08
   92.8050003       4.72469281E-08
   92.9199982       4.64337369E-08
   93.0350037       4.56257894E-08
   93.1500015       4.48237820E-08
   93.2649994       4.40284325E-08
   93.3799973       4.32403588E-08
   93.4950027       4.24600302E-08
   93.6100006       4.16879686E-08
   93.7249985       4.09245402E-08
   93.8399963       4.01701499E-08
   93.9550018       3.94251956E-08
   94.0699997       3.86901462E-08
   94.1849976       3.79652434E-08
   94.3000031       3.72510129E-08
   94.4150009       3.65478527E-08
   94.5299988       3.58562424E-08
   94.6449966       3.51766332E-08
   94.7600021       3.45095756E-08
   94.8750000       3.38554820E-08
   94.9899979       3.32149064E-08
   95.1050034       3.25883462E-08
   95.2200012       3.19763274E-08
   95.3349991       3.13793969E-08
   95.4499969       3.07979882E-08
   95.5650024       3.02326448E-08
   95.6800003       2.96837879E-08
   95.7949982       2.91519004E-08
   95.9100037       2.86375315E-08
   96.0250015       2.81410202E-08
   96.1399994       2.76628391E-08
   96.2549973       2.72034093E-08
   96.3700027       2.67631197E-08
   96.4850006       2.63423399E-08
   96.5999985       2.59413522E-08
   96.7149963       2.55604515E-08
   96.8300018       2.51997712E-08
   96.9449997       2.48595153E-08
   97.0599976       2.45397320E-08
   97.1750031       2.42404070E-08
   97.2900009       2.39614906E-08
   97.4049988       2.37029596E-08
   97.5199966       2.34646134E-08
   97.6350021       2.32462654E-08
   97.7500000       2.30477415E-08
   97.8649979       2.28688162E-08
   97.9800034       2.27092194E-08
   98.0950012       2.25687415E-08
   98.2099991       2.24470593E-08
   98.3249969       2.23438352E-08
   98.4400024       2.22587548E-08
   98.5550003       2.21914220E-08
   98.6699982       2.21414282E-08
   98.7850037       2.21083276E-08
   98.9000015       2.20917080E-08
   99.0149994       2.20911165E-08
   99.1299973       2.21061089E-08
   99.2450027       2.21361969E-08
   99.3600006       2.21809682E-08
   99.4749985       2.22400036E-08
   99.5899963       2.23129426E-08
   99.7050018       2.23993499E-08
   99.8199997       2.24989183E-08
   99.9349976       2.26112764E-08
   100.050003       2.27360850E-08
   100.165001       2.28730084E-08
   100.279999       2.30216806E-08
   100.394997       2.31817854E-08
   100.510002       2.33529391E-08
   100.625000       2.35347830E-08
   100.739998       2.37269315E-08
   100.855003       2.39290028E-08
   100.970001       2.41406202E-08
   101.084999       2.43614036E-08
   101.199997       2.45910119E-08
   101.315002       2.48291308E-08
   101.430000       2.50754884E-08
   101.544998       2.53298289E-08
   101.660004       2.55919836E-08
   101.775002       2.58618122E-08
   101.889999       2.61391833E-08
   102.004997       2.64240594E-08
   102.120003       2.67164086E-08
   102.235001       2.70162115E-08
   102.349998       2.73234981E-08
   102.464996       2.76383236E-08
   102.580002       2.79607786E-08
   102.695000       2.82909358E-08
   102.809998       2.86289179E-08
   102.925003       2.89748545E-08
   103.040001       2.93289109E-08
   103.154999       2.96912219E-08
   103.269997       3.00619831E-08
   103.385002       3.04413810E-08
   103.500000       3.08295931E-08
   103.614998       3.12267723E-08
   103.730003       3.16330535E-08
   103.845001       3.20485221E-08
   103.959999       3.24732170E-08
   104.074997       3.29070495E-08
   104.190002       3.33499344E-08
   104.305000       3.38016619E-08
   104.419998       3.42619124E-08
   104.535004       3.47302596E-08
   104.650002       3.52062060E-08
   104.764999       3.56891299E-08
   104.879997       3.61782924E-08
   104.995003       3.66728550E-08
   105.110001       3.71718727E-08
   105.224998       3.76743046E-08
   105.339996       3.81790421E-08
   105.455002       3.86848669E-08
   105.570000       3.91904962E-08
   105.684998       3.96945872E-08
   105.800003       4.01957649E-08
   105.915001       4.06925551E-08
   106.029999       4.11834939E-08
   106.144997       4.16671213E-08
   106.260002       4.21419166E-08
   106.375000       4.26064055E-08
   106.489998       4.30591172E-08
   106.605003       4.34986234E-08
   106.720001       4.39235848E-08
   106.834999       4.43326620E-08
   106.949997       4.47246293E-08
   107.065002       4.50983322E-08
   107.180000       4.54527225E-08
   107.294998       4.57867522E-08
   107.410004       4.60995686E-08
   107.525002       4.63902730E-08
   107.639999       4.66579877E-08
   107.754997       4.69020343E-08
   107.870003       4.71215422E-08
   107.985001       4.73158153E-08
   108.099998       4.74841748E-08
   108.214996       4.76259707E-08
   108.330002       4.77404676E-08
   108.445000       4.78270614E-08
   108.559998       4.78851199E-08
   108.675003       4.79140070E-08
   108.790001       4.79132289E-08
   108.904999       4.78821995E-08
   109.019997       4.78204960E-08
   109.135002       4.77277382E-08
   109.250000       4.76035318E-08
   109.364998       4.74476209E-08
   109.480003       4.72598245E-08
   109.595001       4.70399080E-08
   109.709999       4.67877932E-08
   109.824997       4.65034624E-08
   109.940002       4.61867593E-08
   110.055000       4.58375418E-08
   110.169998       4.54557529E-08
   110.285004       4.50412898E-08
   110.400002       4.45940209E-08
   110.514999       4.41137971E-08
   110.629997       4.36004512E-08
   110.745003       4.30536709E-08
   110.860001       4.24732889E-08
   110.974998       4.18589394E-08
   111.089996       4.12103667E-08
   111.205002       4.05271372E-08
   111.320000       3.98086826E-08
   111.434998       3.90545232E-08
   111.550003       3.82639698E-08
   111.665001       3.74364184E-08
   111.779999       3.65709880E-08
   111.894997       3.56668011E-08
   112.010002       3.47228486E-08
   112.125000       3.37381465E-08
   112.239998       3.27115686E-08
   112.355003       3.16420703E-08
   112.470001       3.05285042E-08
   112.584999       2.93698523E-08
   112.699997       2.81649015E-08
   112.815002       2.69126321E-08
   112.930000       2.56117225E-08
   113.044998       2.42611087E-08
   113.160004       2.28595329E-08
   113.275002       2.14058371E-08
   113.389999       1.98988808E-08
   113.504997       1.83373352E-08
   113.620003       1.67200529E-08
   113.735001       1.50457957E-08
   113.849998       1.33132634E-08
   113.964996       1.15213421E-08
   114.080002       9.66880442E-09
   114.195000       7.75478526E-09
   114.309998       5.77813131E-09
   114.425003       3.73803921E-09
   114.540001       1.63381797E-09
   114.654999      -5.35208877E-10
   114.769997      -2.76942225E-09
   114.885002      -5.06907050E-09
   115.000000      -7.43430828E-09
   115.114998      -9.86525084E-09
   115.230003      -1.23617783E-08
   115.345001      -1.49237813E-08
   115.459999      -1.75510255E-08
   115.574997      -2.02428900E-08
   115.690002      -2.29991048E-08
   115.805000      -2.58189861E-08
   115.919998      -2.87018302E-08
   116.035004      -3.16470050E-08
   116.150002      -3.46533930E-08
   116.264999      -3.77202163E-08
   116.379997      -4.08463556E-08
   116.495003      -4.40306565E-08
   116.610001      -4.72721915E-08
   116.724998      -5.05694828E-08
   116.839996      -5.39215570E-08
   116.955002      -5.73272274E-08
   117.070000      -6.07853963E-08
   117.184998      -6.42950511E-08
   117.300003      -6.78549412E-08
   117.415001      -7.14638730E-08
   117.529999      -7.51209086E-08
   117.644997      -7.88249466E-08
   117.760002      -8.25751272E-08
   117.875000      -8.63704415E-08
   117.989998      -9.02097455E-08
   118.105003      -9.40918667E-08
   118.220001      -9.80156969E-08
   118.334999      -1.01980099E-07
   118.449997      -1.05984057E-07
   118.565002      -1.10026683E-07
   118.680000      -1.14106975E-07
   118.794998      -1.18223916E-07
   118.910004      -1.22376832E-07
   119.025002      -1.26564970E-07
   119.139999      -1.30787811E-07
   119.254997      -1.35044758E-07
   119.370003      -1.39335356E-07
   119.485001      -1.43658937E-07
   119.599998      -1.48015033E-07
   119.714996      -1.52403175E-07
   119.830002      -1.56822793E-07
   119.945000      -1.61273121E-07
   120.059998      -1.65753718E-07
   120.175003      -1.70263846E-07
   120.290001      -1.74802821E-07
   120.404999      -1.79369835E-07
   120.519997      -1.83964048E-07
   120.635002      -1.88584551E-07
   120.750000      -1.93230250E-07
   120.864998      -1.97900277E-07
   120.980003      -2.02593441E-07
   121.095001      -2.07308560E-07
   121.209999      -2.12044313E-07
   121.324997      -2.16799251E-07
   121.440002      -2.21571597E-07
   121.555000      -2.26359603E-07
   121.669998      -2.31161479E-07
   121.785004      -2.35975406E-07
   121.900002      -2.40799181E-07
   122.014999      -2.45631185E-07
   122.129997      -2.50469242E-07
   122.245003      -2.55311846E-07
   122.360001      -2.60156952E-07
   122.474998      -2.65002797E-07
   122.589996      -2.69848016E-07
   122.705002      -2.74690763E-07
   122.820000      -2.79529615E-07
   122.934998      -2.84363040E-07
   123.050003      -2.89189586E-07
   123.165001      -2.94007862E-07
   123.279999      -2.98816246E-07
   123.394997      -3.03613604E-07
   123.510002      -3.08398398E-07
   123.625000      -3.13169323E-07
   123.739998      -3.17925014E-07
   123.855003      -3.22664135E-07
   123.970001      -3.27385152E-07
   124.084999      -3.32086813E-07
   124.199997      -3.36767869E-07
   124.315002      -3.41426897E-07
   124.430000      -3.46062563E-07
   124.544998      -3.50673616E-07
   124.660004      -3.55258607E-07
   124.775002      -3.59816084E-07
   124.889999      -3.64344629E-07
   125.004997      -3.68842876E-07
   125.120003      -3.73309177E-07
   125.235001      -3.77742083E-07
   125.349998      -3.82140001E-07
   125.464996      -3.86501370E-07
   125.580002      -3.90824567E-07
   125.695000      -3.95108003E-07
   125.809998      -3.99350029E-07
   125.925003      -4.03549024E-07
   126.040001      -4.07703510E-07
   126.154999      -4.11811811E-07
   126.269997      -4.15872449E-07
   126.385002      -4.19883889E-07
   126.500000      -4.23844511E-07
   126.614998      -4.27752838E-07
   126.730003      -4.31607361E-07
   126.845001      -4.35406434E-07
   126.959999      -4.39148607E-07
   127.074997      -4.42832402E-07
   127.190002      -4.46456113E-07
   127.305000      -4.50018206E-07
   127.419998      -4.53517089E-07
   127.535004      -4.56951227E-07
   127.650002      -4.60318972E-07
   127.764999      -4.63618846E-07
   127.879997      -4.66849315E-07
   127.995003      -4.70008644E-07
   128.110001      -4.73095326E-07
   128.225006      -4.76107886E-07
   128.339996      -4.79044616E-07
   128.455002      -4.81903953E-07
   128.570007      -4.84684165E-07
   128.684998      -4.87383716E-07
   128.800003      -4.90000843E-07
   128.914993      -4.92533900E-07
   129.029999      -4.94981407E-07
   129.145004      -4.97341716E-07
   129.259995      -4.99613350E-07
   129.375000      -5.01794830E-07
   129.490005      -5.03884849E-07
   129.604996      -5.05881985E-07
   129.720001      -5.07785217E-07
   129.835007      -5.09593406E-07
   129.949997      -5.11305700E-07
   130.065002      -5.12921417E-07
   130.179993      -5.14439762E-07
   130.294998      -5.15860165E-07
   130.410004      -5.17182400E-07
   130.524994      -5.18405784E-07
   130.639999      -5.19529976E-07
   130.755005      -5.20554579E-07
   130.869995      -5.21479421E-07
   130.985001      -5.22303878E-07
   131.100006      -5.23027779E-07
   131.214996      -5.23650613E-07
   131.330002      -5.24171980E-07
   131.445007      -5.24591542E-07
   131.559998      -5.24908785E-07
   131.675003      -5.25123369E-07
   131.789993      -5.25234782E-07
   131.904999      -5.25242399E-07
   132.020004      -5.25145765E-07
   132.134995      -5.24944369E-07
   132.250000      -5.24637642E-07
   132.365005      -5.24224845E-07
   132.479996      -5.23705523E-07
   132.595001      -5.23078995E-07
   132.710007      -5.22344521E-07
   132.824997      -5.21501534E-07
   132.940002      -5.20549065E-07
   133.054993      -5.19486548E-07
   133.169998      -5.18313072E-07
   133.285004      -5.17028013E-07
   133.399994      -5.15630575E-07
   133.514999      -5.14120075E-07
   133.630005      -5.12495717E-07
   133.744995      -5.10756820E-07
   133.860001      -5.08902644E-07
   133.975006      -5.06932452E-07
   134.089996      -5.04845559E-07
   134.205002      -5.02641456E-07
   134.320007      -5.00319231E-07
   134.434998      -4.97878546E-07
   134.550003      -4.95318830E-07
   134.664993      -4.92639629E-07
   134.779999      -4.89840602E-07
   134.895004      -4.86921579E-07
   135.009995      -4.83882388E-07
   135.125000      -4.80723031E-07
   135.240005      -4.77443677E-07
   135.354996      -4.74044441E-07
   135.470001      -4.70525663E-07
   135.585007      -4.66887656E-07
   135.699997      -4.63130732E-07
   135.815002      -4.59255517E-07
   135.929993      -4.55262295E-07
   136.044998      -4.51151607E-07
   136.160004      -4.46924020E-07
   136.274994      -4.42580074E-07
   136.389999      -4.38120452E-07
   136.505005      -4.33545779E-07
   136.619995      -4.28856737E-07
   136.735001      -4.24054150E-07
   136.850006      -4.19139013E-07
   136.964996      -4.14112094E-07
   137.080002      -4.08974586E-07
   137.195007      -4.03727654E-07
   137.309998      -3.98372435E-07
   137.425003      -3.92910266E-07
   137.539993      -3.87342681E-07
   137.654999      -3.81671100E-07
   137.770004      -3.75897059E-07
   137.884995      -3.70022320E-07
   138.000000      -3.64048589E-07
   138.115005      -3.57977825E-07
   138.229996      -3.51811849E-07
   138.345001      -3.45552706E-07
   138.460007      -3.39202643E-07
   138.574997      -3.32763705E-07
   138.690002      -3.26238165E-07
   138.804993      -3.19628356E-07
   138.919998      -3.12936521E-07
   139.035004      -3.06165219E-07
   139.149994      -2.99316753E-07
   139.264999      -2.92393338E-07
   139.380005      -2.85397448E-07
   139.494995      -2.78331328E-07
   139.610001      -2.71197308E-07
   139.725006      -2.63997464E-07
   139.839996      -2.56733784E-07
   139.955002      -2.49408259E-07
   140.070007      -2.42022850E-07
   140.184998      -2.34579360E-07
   140.300003      -2.27079425E-07
   140.414993      -2.19524836E-07
   140.529999      -2.11916927E-07
   140.645004      -2.04257262E-07
   140.759995      -1.96547006E-07
   140.875000      -1.88787425E-07
   140.990005      -1.80979839E-07
   141.104996      -1.73125358E-07
   141.220001      -1.65224890E-07
   141.335007      -1.57279516E-07
   141.449997      -1.49290543E-07
   141.565002      -1.41259093E-07
   141.679993      -1.33186205E-07
   141.794998      -1.25073313E-07
   141.910004      -1.16921584E-07
   142.024994      -1.08732479E-07
   142.139999      -1.00507329E-07
   142.255005      -9.22477454E-08
   142.369995      -8.39552570E-08
   142.485001      -7.56315330E-08
   142.600006      -6.72782576E-08
   142.714996      -5.88971751E-08
   142.830002      -5.04901685E-08
   142.945007      -4.20591029E-08
   143.059998      -3.36058967E-08
   143.175003      -2.51324739E-08
   143.289993      -1.66410317E-08
   143.404999      -8.13375145E-09
   143.520004       3.86905119E-10
   143.634995       8.91856544E-09
   143.750000       1.74588131E-08
   143.865005       2.60051110E-08
   143.979996       3.45546951E-08
   144.095001       4.31052349E-08
   144.210007       5.16537177E-08
   144.324997       6.01979053E-08
   144.440002       6.87351829E-08
   144.554993       7.72629463E-08
   144.669998       8.57786233E-08
   144.785004       9.42796419E-08
   144.899994       1.02763323E-07
   145.014999       1.11226861E-07
   145.130005       1.19667817E-07
   145.244995       1.28083173E-07
   145.360001       1.36470248E-07
   145.475006       1.44826089E-07
   145.589996       1.53147951E-07
   145.705002       1.61433050E-07
   145.820007       1.69678898E-07
   145.934998       1.77882740E-07
   146.050003       1.86042129E-07
   146.164993       1.94154666E-07
   146.279999       2.02218189E-07
   146.395004       2.10230382E-07
   146.509995       2.18189243E-07
   146.625000       2.26092681E-07
   146.740005       2.33938778E-07
   146.854996       2.41725473E-07
   146.970001       2.49450949E-07
   147.085007       2.57113072E-07
   147.199997       2.64710110E-07
   147.315002       2.72239788E-07
   147.429993       2.79700288E-07
   147.544998       2.87089762E-07
   147.660004       2.94406249E-07
   147.774994       3.01648100E-07
   147.889999       3.08813441E-07
   148.005005       3.15900735E-07
   148.119995       3.22908562E-07
   148.235001       3.29835245E-07
   148.350006       3.36679449E-07
   148.464996       3.43439581E-07
   148.580002       3.50114192E-07
   148.695007       3.56701861E-07
   148.809998       3.63200684E-07
   148.925003       3.69608983E-07
   149.039993       3.75924714E-07
   149.154999       3.82145856E-07
   149.270004       3.88270109E-07
   149.384995       3.94295398E-07
   149.500000       4.00219164E-07
   149.615005       4.06039078E-07
   149.729996       4.11752865E-07
   149.845001       4.17358279E-07
   149.960007       4.22853049E-07
   150.074997       4.28234955E-07
   150.190002       4.33501839E-07
   150.304993       4.38651568E-07
   150.419998       4.43681898E-07
   150.535004       4.48590839E-07
   150.649994       4.53376373E-07
   150.764999       4.58036340E-07
   150.880005       4.62568948E-07
   150.994995       4.66972409E-07
   151.110001       4.71245244E-07
   151.225006       4.75386088E-07
   151.339996       4.79393748E-07
   151.455002       4.83267229E-07
   151.570007       4.87005821E-07
   151.684998       4.90608898E-07
   151.800003       4.94076176E-07
   151.914993       4.97407598E-07
   152.029999       5.00602937E-07
   152.145004       5.03662420E-07
   152.259995       5.06585877E-07
   152.375000       5.09373422E-07
   152.490005       5.12024883E-07
   152.604996       5.14539863E-07
   152.720001       5.16918192E-07
   152.835007       5.19159187E-07
   152.949997       5.21262336E-07
   153.065002       5.23226902E-07
   153.179993       5.25052315E-07
   153.294998       5.26737836E-07
   153.410004       5.28282897E-07
   153.524994       5.29687156E-07
   153.639999       5.30950274E-07
   153.755005       5.32072193E-07
   153.869995       5.33052855E-07
   153.985001       5.33892319E-07
   154.100006       5.34590924E-07
   154.214996       5.35148786E-07
   154.330002       5.35566244E-07
   154.445007       5.35843583E-07
   154.559998       5.35981144E-07
   154.675003       5.35978927E-07
   154.789993       5.35837160E-07
   154.904999       5.35556012E-07
   155.020004       5.35135428E-07
   155.134995       5.34575577E-07
   155.250000       5.33876403E-07
   155.365005       5.33038246E-07
   155.479996       5.32061222E-07
   155.595001       5.30945670E-07
   155.710007       5.29691931E-07
   155.824997       5.28300461E-07
   155.940002       5.26771885E-07
   156.054993       5.25106714E-07
   156.169998       5.23305630E-07
   156.285004       5.21369259E-07
   156.399994       5.19298339E-07
   156.514999       5.17093554E-07
   156.630005       5.14755584E-07
   156.744995       5.12285112E-07
   156.860001       5.09682877E-07
   156.975006       5.06949618E-07
   157.089996       5.04086245E-07
   157.205002       5.01093382E-07
   157.320007       4.97971996E-07
   157.434998       4.94722940E-07
   157.550003       4.91347123E-07
   157.664993       4.87845568E-07
   157.779999       4.84219242E-07
   157.895004       4.80468998E-07
   158.009995       4.76595829E-07
   158.125000       4.72600505E-07
   158.240005       4.68483847E-07
   158.354996       4.64246426E-07
   158.470001       4.59888952E-07
   158.585007       4.55412021E-07
   158.699997       4.50816145E-07
   158.815002       4.46102035E-07
   158.929993       4.41270203E-07
   159.044998       4.36321358E-07
   159.160004       4.31256268E-07
   159.274994       4.26075843E-07
   159.389999       4.20780992E-07
   159.505005       4.15372739E-07
   159.619995       4.09852134E-07
   159.735001       4.04220515E-07
   159.850006       3.98479017E-07
   159.964996       3.92629033E-07
   160.080002       3.86671672E-07
   160.195007       3.80608242E-07
   160.309998       3.74440106E-07
   160.425003       3.68168543E-07
   160.539993       3.61794832E-07
   160.654999       3.55320253E-07
   160.770004       3.48746227E-07
   160.884995       3.42074060E-07
   161.000000       3.35305288E-07
   161.115005       3.28441786E-07
   161.229996       3.21485174E-07
   161.345001       3.14437472E-07
   161.460007       3.07300809E-07
   161.574997       3.00077176E-07
   161.690002       2.92768817E-07
   161.804993       2.85377837E-07
   161.919998       2.77906395E-07
   162.035004       2.70356537E-07
   162.149994       2.62730282E-07
   162.264999       2.55029590E-07
   162.380005       2.47256537E-07
   162.494995       2.39412913E-07
   162.610001       2.31500692E-07
   162.725006       2.23521823E-07
   162.839996       2.15478323E-07
   162.955002       2.07372210E-07
   163.070007       1.99205942E-07
   163.184998       1.90981609E-07
   163.300003       1.82701797E-07
   163.414993       1.74369049E-07
   163.529999       1.65985782E-07
   163.645004       1.57554879E-07
   163.759995       1.49078872E-07
   163.875000       1.40560402E-07
   163.990005       1.32002171E-07
   164.104996       1.23406835E-07
   164.220001       1.14776697E-07
   164.335007       1.06114548E-07
   164.449997       9.74228769E-08
   164.565002       8.87043683E-08
   164.679993       7.99617581E-08
   164.794998       7.11978956E-08
   164.910004       6.24155803E-08
   165.024994       5.36179314E-08
   165.139999       4.48078978E-08
   165.255005       3.59887196E-08
   165.369995       2.71634928E-08
   165.485001       1.83352515E-08
   165.600006       9.50722967E-09
   165.714996       6.82264079E-10
   165.830002      -8.13638223E-09
   165.945007      -1.69458101E-08
   166.059998      -2.57430983E-08
   166.175003      -3.45249411E-08
   166.289993      -4.32884413E-08
   166.404999      -5.20304084E-08
   166.520004      -6.07475883E-08
   166.634995      -6.94366946E-08
   166.750000      -7.80942386E-08
   166.865005      -8.67166463E-08
   166.979996      -9.53002797E-08
   167.095001      -1.03841373E-07
   167.210007      -1.12336508E-07
   167.324997      -1.20782119E-07
   167.440002      -1.29174765E-07
   167.554993      -1.37511435E-07
   167.669998      -1.45789116E-07
   167.785004      -1.54005278E-07
   167.899994      -1.62157505E-07
   168.014999      -1.70244093E-07
   168.130005      -1.78263093E-07
   168.244995      -1.86212858E-07
   168.360001      -1.94092252E-07
   168.475006      -2.01900150E-07
   168.589996      -2.09635516E-07
   168.705002      -2.17297412E-07
   168.820007      -2.24884886E-07
   168.934998      -2.32397184E-07
   169.050003      -2.39833241E-07
   169.164993      -2.47192304E-07
   169.279999      -2.54473491E-07
   169.395004      -2.61675893E-07
   169.509995      -2.68798431E-07
   169.625000      -2.75840335E-07
   169.740005      -2.82800698E-07
   169.854996      -2.89678383E-07
   169.970001      -2.96472678E-07
   170.085007      -3.03182503E-07
   170.199997      -3.09807007E-07
   170.315002      -3.16344796E-07
   170.429993      -3.22794762E-07
   170.544998      -3.29155597E-07
   170.660004      -3.35425909E-07
   170.774994      -3.41604164E-07
   170.889999      -3.47688768E-07
   171.005005      -3.53678018E-07
   171.119995      -3.59570379E-07
   171.235001      -3.65364144E-07
   171.350006      -3.71057808E-07
   171.464996      -3.76649695E-07
   171.580002      -3.82138438E-07
   171.695007      -3.87522562E-07
   171.809998      -3.92800871E-07
   171.925003      -3.97972372E-07
   172.039993      -4.03035898E-07
   172.154999      -4.07990683E-07
   172.270004      -4.12835732E-07
   172.384995      -4.17570163E-07
   172.500000      -4.22193153E-07
   172.615005      -4.26703593E-07
   172.729996      -4.31100631E-07
   172.845001      -4.35383043E-07
   172.960007      -4.39549694E-07
   173.074997      -4.43599220E-07
   173.190002      -4.47530311E-07
   173.304993      -4.51341492E-07
   173.419998      -4.55031397E-07
   173.535004      -4.58598493E-07
   173.649994      -4.62041299E-07
   173.764999      -4.65358397E-07
   173.880005      -4.68548251E-07
   173.994995      -4.71609269E-07
   174.110001      -4.74539945E-07
   174.225006      -4.77338688E-07
   174.339996      -4.80003905E-07
   174.455002      -4.82533949E-07
   174.570007      -4.84927284E-07
   174.684998      -4.87181978E-07
   174.800003      -4.89296497E-07
   174.914993      -4.91268736E-07
   175.029999      -4.93097104E-07
   175.145004      -4.94779840E-07
   175.259995      -4.96315351E-07
   175.375000      -4.97702160E-07
   175.490005      -4.98939301E-07
   175.604996      -5.00025578E-07
   175.720001      -5.00960596E-07
   175.835007      -5.01743841E-07
   175.949997      -5.02375315E-07
   176.065002      -5.02855016E-07
   176.179993      -5.03183514E-07
   176.294998      -5.03361491E-07
   176.410004      -5.03389799E-07
   176.524994      -5.03269519E-07
   176.639999      -5.03001957E-07
   176.755005      -5.02588478E-07
   176.869995      -5.02030787E-07
   176.985001      -5.01330589E-07
   177.100006      -5.00489648E-07
   177.214996      -4.99510008E-07
   177.330002      -4.98393547E-07
   177.445007      -4.97142480E-07
   177.559998      -4.95758911E-07
   177.675003      -4.94245000E-07
   177.789993      -4.92602624E-07
   177.904999      -4.90833884E-07
   178.020004      -4.88940600E-07
   178.134995      -4.86924307E-07
   178.250000      -4.84786540E-07
   178.365005      -4.82528606E-07
   178.479996      -4.80151414E-07
   178.595001      -4.77655988E-07
   178.710007      -4.75042953E-07
   178.824997      -4.72312962E-07
   178.940002      -4.69466585E-07
   179.054993      -4.66504332E-07
   179.169998      -4.63426773E-07
   179.285004      -4.60234361E-07
   179.399994      -4.56927637E-07
   179.514999      -4.53507226E-07
   179.630005      -4.49973726E-07
   179.744995      -4.46327732E-07
   179.860001      -4.42569956E-07
   179.975006      -4.38700965E-07
   180.089996      -4.34721528E-07
   180.205002      -4.30632326E-07
   180.320007      -4.26434127E-07
   180.434998      -4.22127641E-07
   180.550003      -4.17713863E-07
   180.664993      -4.13193675E-07
   180.779999      -4.08568212E-07
   180.895004      -4.03838641E-07
   181.009995      -3.99006524E-07
   181.125000      -3.94073282E-07
   181.240005      -3.89040679E-07
   181.354996      -3.83910589E-07
   181.470001      -3.78684888E-07
   181.585007      -3.73365594E-07
   181.699997      -3.67954726E-07
   181.815002      -3.62454358E-07
   181.929993      -3.56866536E-07
   182.044998      -3.51193194E-07
   182.160004      -3.45436263E-07
   182.274994      -3.39597563E-07
   182.389999      -3.33678912E-07
   182.505005      -3.27682187E-07
   182.619995      -3.21609178E-07
   182.735001      -3.15461619E-07
   182.850006      -3.09241415E-07
   182.964996      -3.02950383E-07
   183.080002      -2.96590429E-07
   183.195007      -2.90163513E-07
   183.309998      -2.83671625E-07
   183.425003      -2.77116840E-07
   183.539993      -2.70501289E-07
   183.654999      -2.63827161E-07
   183.770004      -2.57096701E-07
   183.884995      -2.50312127E-07
   184.000000      -2.43475824E-07
   184.115005      -2.36590012E-07
   184.229996      -2.29657132E-07
   184.345001      -2.22679517E-07
   184.460007      -2.15659611E-07
   184.574997      -2.08599786E-07
   184.690002      -2.01502374E-07
   184.804993      -1.94369704E-07
   184.919998      -1.87204321E-07
   185.035004      -1.80008541E-07
   185.149994      -1.72784539E-07
   185.264999      -1.65534800E-07
   185.380005      -1.58261599E-07
   185.494995      -1.50967296E-07
   185.610001      -1.43654162E-07
   185.725006      -1.36324303E-07
   185.839996      -1.28979991E-07
   185.955002      -1.21623358E-07
   186.070007      -1.14256387E-07
   186.184998      -1.06881259E-07
   186.300003      -9.94999638E-08
   186.414993      -9.21144263E-08
   186.529999      -8.47263735E-08
   186.645004      -7.73377522E-08
   186.759995      -6.99501470E-08
   186.875000      -6.25652774E-08
   186.990005      -5.51848238E-08
   187.104996      -4.78104276E-08
   187.220001      -4.04437230E-08
   187.335007      -3.30862626E-08
   187.449997      -2.57397055E-08
   187.565002      -1.84057960E-08
   187.679993      -1.10860832E-08
   187.794998      -3.78237885E-09
   187.910004       3.50382545E-09
   188.024994       1.07708313E-08
   188.139999       1.80170172E-08
   188.255005       2.52407339E-08
   188.369995       3.24403189E-08
   188.485001       3.96141928E-08
   188.600006       4.67604124E-08
   188.714996       5.38774643E-08
   188.830002       6.09632309E-08
   188.945007       6.80158507E-08
   189.059998       7.50332703E-08
   189.175003       8.20133366E-08
   189.289993       8.89538825E-08
   189.404999       9.58526840E-08
   189.520004       1.02707446E-07
   189.634995       1.09515980E-07
   189.750000       1.16276127E-07
   189.865005       1.22985895E-07
   189.979996       1.29643354E-07
   190.095001       1.36246740E-07
   190.210007       1.42794065E-07
   190.324997       1.49283650E-07
   190.440002       1.55713892E-07
   190.554993       1.62083168E-07
   190.669998       1.68389775E-07
   190.785004       1.74632063E-07
   190.899994       1.80808328E-07
   191.014999       1.86916949E-07
   191.130005       1.92956207E-07
   191.244995       1.98924170E-07
   191.360001       2.04819031E-07
   191.475006       2.10638959E-07
   191.589996       2.16381935E-07
   191.705002       2.22046083E-07
   191.820007       2.27629542E-07
   191.934998       2.33130564E-07
   192.050003       2.38547528E-07
   192.164993       2.43878645E-07
   192.279999       2.49122422E-07
   192.395004       2.54277268E-07
   192.509995       2.59341732E-07
   192.625000       2.64314338E-07
   192.740005       2.69193350E-07
   192.854996       2.73977491E-07
   192.970001       2.78665141E-07
   193.085007       2.83254820E-07
   193.199997       2.87745053E-07
   193.315002       2.92134473E-07
   193.429993       2.96421632E-07
   193.544998       3.00605279E-07
   193.660004       3.04684249E-07
   193.774994       3.08657434E-07
   193.889999       3.12523895E-07
   194.005005       3.16282922E-07
   194.119995       3.19934003E-07
   194.235001       3.23476655E-07
   194.350006       3.26910424E-07
   194.464996       3.30234997E-07
   194.580002       3.33450004E-07
   194.695007       3.36555274E-07
   194.809998       3.39550411E-07
   194.925003       3.42435129E-07
   195.039993       3.45209088E-07
   195.154999       3.47871747E-07
   195.270004       3.50422908E-07
   195.384995       3.52862173E-07
   195.500000       3.55189144E-07
   195.615005       3.57403735E-07
   195.729996       3.59506089E-07
   195.845001       3.61496234E-07
   195.960007       3.63374397E-07
   196.074997       3.65141091E-07
   196.190002       3.66796741E-07
   196.304993       3.68342029E-07
   196.419998       3.69777609E-07
   196.535004       3.71104051E-07
   196.649994       3.72321921E-07
   196.764999       3.73431760E-07
   196.880005       3.74433995E-07
   196.994995       3.75329108E-07
   197.110001       3.76117526E-07
   197.225006       3.76799647E-07
   197.339996       3.77375926E-07
   197.455002       3.77846817E-07
   197.570007       3.78213031E-07
   197.684998       3.78475193E-07
   197.800003       3.78634269E-07
   197.914993       3.78691254E-07
   198.029999       3.78647087E-07
   198.145004       3.78502705E-07
   198.259995       3.78259216E-07
   198.375000       3.77917502E-07
   198.490005       3.77478244E-07
   198.604996       3.76942069E-07
   198.720001       3.76309373E-07
   198.835007       3.75580328E-07
   198.949997       3.74755018E-07
   199.065002       3.73833331E-07
   199.179993       3.72815094E-07
   199.294998       3.71700139E-07
   199.410004       3.70488351E-07
   199.524994       3.69179702E-07
   199.639999       3.67774305E-07
   199.755005       3.66272360E-07
   199.869995       3.64674179E-07
   199.985001       3.62980273E-07
   200.100006       3.61191098E-07
   200.214996       3.59307251E-07
   200.330002       3.57329185E-07
   200.445007       3.55257413E-07
   200.559998       3.53092304E-07
   200.675003       3.50834284E-07
   200.789993       3.48483724E-07
   200.904999       3.46041048E-07
   201.020004       3.43506798E-07
   201.134995       3.40881627E-07
   201.250000       3.38166473E-07
   201.365005       3.35362301E-07
   201.479996       3.32470364E-07
   201.595001       3.29492167E-07
   201.710007       3.26429188E-07
   201.824997       3.23283160E-07
   201.940002       3.20055790E-07
   202.054993       3.16748839E-07
   202.169998       3.13363870E-07
   202.285004       3.09902561E-07
   202.399994       3.06366417E-07
   202.514999       3.02756803E-07
   202.630005       2.99075140E-07
   202.744995       2.95322735E-07
   202.860001       2.91501038E-07
   202.975006       2.87611613E-07
   203.089996       2.83656163E-07
   203.205002       2.79636595E-07
   203.320007       2.75554981E-07
   203.434998       2.71413711E-07
   203.550003       2.67215171E-07
   203.664993       2.62961976E-07
   203.779999       2.58656684E-07
   203.895004       2.54301767E-07
   204.009995       2.49899728E-07
   204.125000       2.45452810E-07
   204.240005       2.40963089E-07
   204.354996       2.36432484E-07
   204.470001       2.31862785E-07
   204.585007       2.27255697E-07
   204.699997       2.22612769E-07
   204.815002       2.17935536E-07
   204.929993       2.13225519E-07
   205.044998       2.08484181E-07
   205.160004       2.03713043E-07
   205.274994       1.98913625E-07
   205.389999       1.94087406E-07
   205.505005       1.89235863E-07
   205.619995       1.84360459E-07
   205.735001       1.79462404E-07
   205.850006       1.74543018E-07
   205.964996       1.69603425E-07
   206.080002       1.64644632E-07
   206.195007       1.59667593E-07
   206.309998       1.54673174E-07
   206.425003       1.49662256E-07
   206.539993       1.44635649E-07
   206.654999       1.39594277E-07
   206.770004       1.34539121E-07
   206.884995       1.29471303E-07
   207.000000       1.24391974E-07
   207.115005       1.19302371E-07
   207.229996       1.14203885E-07
   207.345001       1.09097755E-07
   207.460007       1.03985570E-07
   207.574997       9.88686821E-08
   207.690002       9.37484756E-08
   207.804993       8.86263720E-08
   207.919998       8.35037994E-08
   208.035004       7.83819800E-08
   208.149994       7.32623562E-08
   208.264999       6.81462282E-08
   208.380005       6.30348040E-08
   208.494995       5.79294408E-08
   208.610001       5.28314530E-08
   208.725006       4.77421054E-08
   208.839996       4.26627231E-08
   208.955002       3.75946421E-08
   209.070007       3.25391412E-08
   209.184998       2.74976255E-08
   209.300003       2.24714576E-08
   209.414993       1.74619945E-08
   209.529999       1.24706787E-08
   209.645004       7.49893925E-09
   209.759995       2.54833998E-09
   209.875000      -2.37957698E-09
   209.990005      -7.28313054E-09
   210.104996      -1.21606245E-08
   210.220001      -1.70102599E-08
   210.335007      -2.18301288E-08
   210.449997      -2.66183608E-08
   210.565002      -3.13729522E-08
   210.679993      -3.60920112E-08
   210.794998      -4.07735605E-08
   210.910004      -4.54157885E-08
   211.024994      -5.00169541E-08
   211.139999      -5.45753274E-08
   211.255005      -5.90893947E-08
   211.369995      -6.35577919E-08
   211.485001      -6.79793786E-08
   211.600006      -7.23532381E-08
   211.714996      -7.66786457E-08
   211.830002      -8.09551395E-08
   211.945007      -8.51824780E-08
   212.059998      -8.93605971E-08
   212.175003      -9.34896462E-08
   212.289993      -9.75698811E-08
   212.404999      -1.01601621E-07
   212.520004      -1.05585286E-07
   212.634995      -1.09521189E-07
   212.750000      -1.13409548E-07
   212.865005      -1.17250501E-07
   212.979996      -1.21044025E-07
   213.095001      -1.24789707E-07
   213.210007      -1.28487144E-07
   213.324997      -1.32135597E-07
   213.440002      -1.35733984E-07
   213.554993      -1.39281198E-07
   213.669998      -1.42775846E-07
   213.785004      -1.46216465E-07
   213.899994      -1.49601547E-07
   214.014999      -1.52929516E-07
   214.130005      -1.56198936E-07
   214.244995      -1.59408415E-07
   214.360001      -1.62556660E-07
   214.475006      -1.65642405E-07
   214.589996      -1.68664656E-07
   214.705002      -1.71622403E-07
   214.820007      -1.74514796E-07
   214.934998      -1.77341036E-07
   215.050003      -1.80100400E-07
   215.164993      -1.82792192E-07
   215.279999      -1.85415900E-07
   215.395004      -1.87971011E-07
   215.509995      -1.90457214E-07
   215.625000      -1.92874268E-07
   215.740005      -1.95222114E-07
   215.854996      -1.97500924E-07
   215.970001      -1.99710982E-07
   216.085007      -2.01852785E-07
   216.199997      -2.03927030E-07
   216.315002      -2.05934455E-07
   216.429993      -2.07876099E-07
   216.544998      -2.09752912E-07
   216.660004      -2.11565848E-07
   216.774994      -2.13315886E-07
   216.889999      -2.15003880E-07
   217.005005      -2.16630625E-07
   217.119995      -2.18196718E-07
   217.235001      -2.19702699E-07
   217.350006      -2.21148866E-07
   217.464996      -2.22535391E-07
   217.580002      -2.23862500E-07
   217.695007      -2.25130023E-07
   217.809998      -2.26337832E-07
   217.925003      -2.27485742E-07
   218.039993      -2.28573413E-07
   218.154999      -2.29600374E-07
   218.270004      -2.30566201E-07
   218.384995      -2.31470153E-07
   218.500000      -2.32311606E-07
   218.615005      -2.33089665E-07
   218.729996      -2.33803405E-07
   218.845001      -2.34451832E-07
   218.960007      -2.35033838E-07
   219.074997      -2.35548271E-07
   219.190002      -2.35994150E-07
   219.304993      -2.36370397E-07
   219.419998      -2.36676129E-07
   219.535004      -2.36910680E-07
   219.649994      -2.37073465E-07
   219.764999      -2.37164130E-07
   219.880005      -2.37182590E-07
   219.994995      -2.37128830E-07
   220.110001      -2.37003007E-07
   220.225006      -2.36805391E-07
   220.339996      -2.36536223E-07
   220.455002      -2.36195845E-07
   220.570007      -2.35784441E-07
   220.684998      -2.35302281E-07
   220.800003      -2.34749521E-07
   220.914993      -2.34126261E-07
   221.029999      -2.33432502E-07
   221.145004      -2.32668356E-07
   221.259995      -2.31833951E-07
   221.375000      -2.30929459E-07
   221.490005      -2.29955134E-07
   221.604996      -2.28911375E-07
   221.720001      -2.27798679E-07
   221.835007      -2.26617715E-07
   221.949997      -2.25369206E-07
   222.065002      -2.24053991E-07
   222.179993      -2.22673094E-07
   222.294998      -2.21227509E-07
   222.410004      -2.19718302E-07
   222.524994      -2.18146553E-07
   222.639999      -2.16513328E-07
   222.755005      -2.14819764E-07
   222.869995      -2.13066954E-07
   222.985001      -2.11256094E-07
   223.100006      -2.09388389E-07
   223.214996      -2.07465121E-07
   223.330002      -2.05487694E-07
   223.445007      -2.03457617E-07
   223.559998      -2.01376452E-07
   223.675003      -1.99245804E-07
   223.789993      -1.97067322E-07
   223.904999      -1.94842627E-07
   224.020004      -1.92573268E-07
   224.134995      -1.90260707E-07
   224.250000      -1.87906210E-07
   224.365005      -1.85511013E-07
   224.479996      -1.83076125E-07
   224.595001      -1.80602427E-07
   224.710007      -1.78090701E-07
   224.824997      -1.75541615E-07
   224.940002      -1.72955723E-07
   225.054993      -1.70333607E-07
   225.169998      -1.67675708E-07
   225.285004      -1.64982495E-07
   225.399994      -1.62254452E-07
   225.514999      -1.59491989E-07
   225.630005      -1.56695535E-07
   225.744995      -1.53865457E-07
   225.860001      -1.51002126E-07
   225.975006      -1.48105869E-07
   226.089996      -1.45176955E-07
   226.205002      -1.42215626E-07
   226.320007      -1.39222124E-07
   226.434998      -1.36196704E-07
   226.550003      -1.33139594E-07
   226.664993      -1.30051149E-07
   226.779999      -1.26931766E-07
   226.895004      -1.23782044E-07
   227.009995      -1.20602607E-07
   227.125000      -1.17394222E-07
   227.240005      -1.14157835E-07
   227.354996      -1.10894398E-07
   227.470001      -1.07605040E-07
   227.585007      -1.04290933E-07
   227.699997      -1.00953244E-07
   227.815002      -9.75931087E-08
   227.929993      -9.42116927E-08
   228.044998      -9.08101043E-08
   228.160004      -8.73893811E-08
   228.274994      -8.39505176E-08
   228.389999      -8.04944023E-08
   228.505005      -7.70219728E-08
   228.619995      -7.35341104E-08
   228.735001      -7.00316392E-08
   228.850006      -6.65154971E-08
   228.964996      -6.29865013E-08
   229.080002      -5.94455152E-08
   229.195007      -5.58934694E-08
   229.309998      -5.23313233E-08
   229.425003      -4.87599436E-08
   229.539993      -4.51803963E-08
   229.654999      -4.15938075E-08
   229.770004      -3.80012501E-08
   229.884995      -3.44041062E-08
   230.000000      -3.08036974E-08
   230.115005      -2.72015281E-08
   230.229996      -2.35992594E-08
   230.345001      -1.99986001E-08
   230.460007      -1.64013514E-08
   230.574997      -1.28094300E-08
   230.690002      -9.22474896E-09
   230.804993      -5.64920555E-09
   230.919998      -2.08471040E-09
   231.035004       1.46693557E-09
   231.149994       5.00400255E-09
   231.264999       8.52484927E-09
   231.380005       1.20280719E-08
   231.494995       1.55122830E-08
   231.610001       1.89763885E-08
   231.725006       2.24195009E-08
   231.839996       2.58408974E-08
   231.955002       2.92399402E-08
   232.070007       3.26161924E-08
   232.184998       3.59694567E-08
   232.300003       3.92996036E-08
   232.414993       4.26066080E-08
   232.529999       4.58906584E-08
   232.645004       4.91520105E-08
   232.759995       5.23910835E-08
   232.875000       5.56083819E-08
   232.990005       5.88045133E-08
   233.104996       6.19801455E-08
   233.220001       6.51359713E-08
   233.335007       6.82726835E-08
   233.449997       7.13909927E-08
   233.565002       7.44913891E-08
   233.679993       7.75744340E-08
   233.794998       8.06405467E-08
   233.910004       8.36899758E-08
   234.024994       8.67228636E-08
   234.139999       8.97390464E-08
   234.255005       9.27382970E-08
   234.369995       9.57201678E-08
   234.485001       9.86839908E-08
   234.600006       1.01628913E-07
   234.714996       1.04553926E-07
   234.830002       1.07457872E-07
   234.945007       1.10339364E-07
   235.059998       1.13196911E-07
   235.175003       1.16028801E-07
   235.289993       1.18833285E-07
   235.404999       1.21608437E-07
   235.520004       1.24352383E-07
   235.634995       1.27062947E-07
   235.750000       1.29738169E-07
   235.865005       1.32376002E-07
   235.979996       1.34974471E-07
   236.095001       1.37531799E-07
   236.210007       1.40046296E-07
   236.324997       1.42516512E-07
   236.440002       1.44941154E-07
   236.554993       1.47319227E-07
   236.669998       1.49649850E-07
   236.785004       1.51932625E-07
   236.899994       1.54167182E-07
   237.014999       1.56353465E-07
   237.130005       1.58491787E-07
   237.244995       1.60582516E-07
   237.360001       1.62626307E-07
   237.475006       1.64623771E-07
   237.589996       1.66575788E-07
   237.705002       1.68483368E-07
   237.820007       1.70347406E-07
   237.934998       1.72169052E-07
   238.050003       1.73949331E-07
   238.164993       1.75689408E-07
   238.279999       1.77390177E-07
   238.395004       1.79052705E-07
   238.509995       1.80677887E-07
   238.625000       1.82266504E-07
   238.740005       1.83819225E-07
   238.854996       1.85336432E-07
   238.970001       1.86818355E-07
   239.085007       1.88264991E-07
   239.199997       1.89676129E-07
   239.315002       1.91051257E-07
   239.429993       1.92389663E-07
   239.544998       1.93690454E-07
   239.660004       1.94952705E-07
   239.774994       1.96175208E-07
   239.889999       1.97356727E-07
   240.005005       1.98496082E-07
   240.119995       1.99592037E-07
   240.235001       2.00643470E-07
   240.350006       2.01649229E-07
   240.464996       2.02608419E-07
   240.580002       2.03520145E-07
   240.695007       2.04383639E-07
   240.809998       2.05198205E-07
   240.925003       2.05963246E-07
   241.039993       2.06678237E-07
   241.154999       2.07342794E-07
   241.270004       2.07956518E-07
   241.384995       2.08519083E-07
   241.500000       2.09030247E-07
   241.615005       2.09489755E-07
   241.729996       2.09897522E-07
   241.845001       2.10253475E-07
   241.960007       2.10557644E-07
   242.074997       2.10810114E-07
   242.190002       2.11011013E-07
   242.304993       2.11160653E-07
   242.419998       2.11259334E-07
   242.535004       2.11307352E-07
   242.649994       2.11305078E-07
   242.764999       2.11252839E-07
   242.880005       2.11150947E-07
   242.994995       2.10999701E-07
   243.110001       2.10799243E-07
   243.225006       2.10549686E-07
   243.339996       2.10251088E-07
   243.455002       2.09903462E-07
   243.570007       2.09506851E-07
   243.684998       2.09061199E-07
   243.800003       2.08566661E-07
   243.914993       2.08023309E-07
   244.029999       2.07431384E-07
   244.145004       2.06791185E-07
   244.259995       2.06103081E-07
   244.375000       2.05367471E-07
   244.490005       2.04584779E-07
   244.604996       2.03755448E-07
   244.720001       2.02879932E-07
   244.835007       2.01958557E-07
   244.949997       2.00991678E-07
   245.065002       1.99979596E-07
   245.179993       1.98922521E-07
   245.294998       1.97820697E-07
   245.410004       1.96674364E-07
   245.524994       1.95483835E-07
   245.639999       1.94249537E-07
   245.755005       1.92971967E-07
   245.869995       1.91651850E-07
   245.985001       1.90290066E-07
   246.100006       1.88887711E-07
   246.214996       1.87446005E-07
   246.330002       1.85966357E-07
   246.445007       1.84450201E-07
   246.559998       1.82899072E-07
   246.675003       1.81314434E-07
   246.789993       1.79697693E-07
   246.904999       1.78050115E-07
   247.020004       1.76372865E-07
   247.134995       1.74666894E-07
   247.250000       1.72933071E-07
   247.365005       1.71172132E-07
   247.479996       1.69384734E-07
   247.595001       1.67571528E-07
   247.710007       1.65733141E-07
   247.824997       1.63870240E-07
   247.940002       1.61983536E-07
   248.054993       1.60073725E-07
   248.169998       1.58141546E-07
   248.285004       1.56187710E-07
   248.399994       1.54212884E-07
   248.514999       1.52217595E-07
   248.630005       1.50202268E-07
   248.744995       1.48167175E-07
   248.860001       1.46112470E-07
   248.975006       1.44038069E-07
   249.089996       1.41943829E-07
   249.205002       1.39829439E-07
   249.320007       1.37694627E-07
   249.434998       1.35539054E-07
   249.550003       1.33362434E-07
   249.664993       1.31164526E-07
   249.779999       1.28945288E-07
   249.895004       1.26704748E-07
   250.009995       1.24443005E-07
   250.125000       1.22160301E-07
   250.240005       1.19856978E-07
   250.354996       1.17533332E-07
   250.470001       1.15189742E-07
   250.585007       1.12826498E-07
   250.699997       1.10443878E-07
   250.815002       1.08042123E-07
   250.929993       1.05621467E-07
   251.044998       1.03182188E-07
   251.160004       1.00724606E-07
   251.274994       9.82492168E-08
   251.389999       9.57566471E-08
   251.505005       9.32477420E-08
   251.619995       9.07235673E-08
   251.735001       8.81853666E-08
   251.850006       8.56345608E-08
   251.964996       8.30726705E-08
   252.080002       8.05012945E-08
   252.195007       7.79219889E-08
   252.309998       7.53362244E-08
   252.425003       7.27453582E-08
   252.539993       7.01505627E-08
   252.654999       6.75528042E-08
   252.770004       6.49528360E-08
   252.884995       6.23512406E-08
   253.000000       5.97484089E-08
   253.115005       5.71446321E-08
   253.229996       5.45400951E-08
   253.345001       5.19349683E-08
   253.460007       4.93294472E-08
   253.574997       4.67237058E-08
   253.690002       4.41180497E-08
   253.804993       4.15127843E-08
   253.919998       3.89083148E-08
   254.035004       3.63050958E-08
   254.149994       3.37035608E-08
   254.264999       3.11040793E-08
   254.380005       2.85070776E-08
   254.494995       2.59128417E-08
   254.610001       2.33216042E-08
   254.725006       2.07336459E-08
   254.839996       1.81491497E-08
   254.955002       1.55684106E-08
   255.070007       1.29918236E-08
   255.184998       1.04198792E-08
   255.300003       7.85320964E-09
   255.414993       5.29261035E-09
   255.529999       2.73908873E-09
   255.645004       1.93793259E-10
   255.759995      -2.34195641E-09
   255.875000      -4.86678831E-09
   255.990005      -7.37917150E-09
   256.105011      -9.87759829E-09
   256.220001      -1.23605073E-08
   256.334991      -1.48263348E-08
   256.450012      -1.72735373E-08
   256.565002      -1.97006482E-08
   256.679993      -2.21062972E-08
   256.795013      -2.44890845E-08
   256.910004      -2.68477560E-08
   257.024994      -2.91810878E-08
   257.140015      -3.14878932E-08
   257.255005      -3.37669874E-08
   257.369995      -3.60172940E-08
   257.484985      -3.82378005E-08
   257.600006      -4.04274978E-08
   257.714996      -4.25855333E-08
   257.829987      -4.47111468E-08
   257.945007      -4.68037165E-08
   258.059998      -4.88627379E-08
   258.174988      -5.08879872E-08
   258.290009      -5.28792974E-08
   258.404999      -5.48366970E-08
   258.519989      -5.67603387E-08
   258.635010      -5.86504818E-08
   258.750000      -6.05075243E-08
   258.864990      -6.23318144E-08
   258.980011      -6.41237179E-08
   259.095001      -6.58836115E-08
   259.209991      -6.76118006E-08
   259.325012      -6.93086122E-08
   259.440002      -7.09742878E-08
   259.554993      -7.26090406E-08
   259.670013      -7.42131334E-08
   259.785004      -7.57867227E-08
   259.899994      -7.73300002E-08
   260.015015      -7.88431791E-08
   260.130005      -8.03264442E-08
   260.244995      -8.17799446E-08
   260.359985      -8.32038083E-08
   260.475006      -8.45981134E-08
   260.589996      -8.59628742E-08
   260.704987      -8.72979840E-08
   260.820007      -8.86032652E-08
   260.934998      -8.98784052E-08
   261.049988      -9.11230131E-08
   261.165009      -9.23365846E-08
   261.279999      -9.35185582E-08
   261.394989      -9.46683656E-08
   261.510010      -9.57853956E-08
   261.625000      -9.68691651E-08
   261.739990      -9.79193047E-08
   261.855011      -9.89355868E-08
   261.970001      -9.99179619E-08
   262.084991      -1.00866572E-07
   262.200012      -1.01781730E-07
   262.315002      -1.02663911E-07
   262.429993      -1.03513706E-07
   262.545013      -1.04331725E-07
   262.660004      -1.05118637E-07
   262.774994      -1.05875010E-07
   262.890015      -1.06601348E-07
   263.005005      -1.07298099E-07
   263.119995      -1.07965569E-07
   263.234985      -1.08603921E-07
   263.350006      -1.09213282E-07
   263.464996      -1.09793675E-07
   263.579987      -1.10345113E-07
   263.695007      -1.10867596E-07
   263.809998      -1.11361132E-07
   263.924988      -1.11825756E-07
   264.040009      -1.12261525E-07
   264.154999      -1.12668545E-07
   264.269989      -1.13046880E-07
   264.385010      -1.13396602E-07
   264.500000      -1.13717768E-07
   264.614990      -1.14010383E-07
   264.730011      -1.14274322E-07
   264.845001      -1.14509454E-07
   264.959991      -1.14715526E-07
   265.075012      -1.14892224E-07
   265.190002      -1.15039263E-07
   265.304993      -1.15156332E-07
   265.420013      -1.15243232E-07
   265.535004      -1.15299827E-07
   265.649994      -1.15326124E-07
   265.765015      -1.15322308E-07
   265.880005      -1.15288707E-07
   265.994995      -1.15225760E-07
   266.109985      -1.15133979E-07
   266.225006      -1.15013933E-07
   266.339996      -1.14866168E-07
   266.454987      -1.14691169E-07
   266.570007      -1.14489318E-07
   266.684998      -1.14260857E-07
   266.799988      -1.14005914E-07
   266.915009      -1.13724425E-07
   267.029999      -1.13416263E-07
   267.144989      -1.13081171E-07
   267.260010      -1.12718809E-07
   267.375000      -1.12328848E-07
   267.489990      -1.11910914E-07
   267.605011      -1.11464708E-07
   267.720001      -1.10989930E-07
   267.834991      -1.10486411E-07
   267.950012      -1.09954009E-07
   268.065002      -1.09392673E-07
   268.179993      -1.08802382E-07
   268.295013      -1.08183180E-07
   268.410004      -1.07535115E-07
   268.524994      -1.06858273E-07
   268.640015      -1.06152683E-07
   268.755005      -1.05418422E-07
   268.869995      -1.04655555E-07
   268.984985      -1.03864139E-07
   269.100006      -1.03044286E-07
   269.214996      -1.02196125E-07
   269.329987      -1.01319799E-07
   269.445007      -1.00415534E-07
   269.559998      -9.94835574E-08
   269.674988      -9.85240831E-08
   269.790009      -9.75374306E-08
   269.904999      -9.65238343E-08
   270.019989      -9.54836139E-08
   270.135010      -9.44170750E-08
   270.250000      -9.33245019E-08
   270.364990      -9.22062355E-08
   270.480011      -9.10626312E-08
   270.595001      -8.98941224E-08
   270.709991      -8.87011353E-08
   270.825012      -8.74841533E-08
   270.940002      -8.62436949E-08
   271.054993      -8.49803143E-08
   271.170013      -8.36946015E-08
   271.285004      -8.23871460E-08
   271.399994      -8.10585945E-08
   271.515015      -7.97095581E-08
   271.630005      -7.83406406E-08
   271.744995      -7.69524391E-08
   271.859985      -7.55455289E-08
   271.975006      -7.41204573E-08
   272.089996      -7.26777500E-08
   272.204987      -7.12179684E-08
   272.320007      -6.97416525E-08
   272.434998      -6.82494417E-08
   272.549988      -6.67419826E-08
   272.665009      -6.52200427E-08
   272.779999      -6.36843964E-08
   272.894989      -6.21359177E-08
   273.010010      -6.05755588E-08
   273.125000      -5.90042255E-08
   273.239990      -5.74228736E-08
   273.355011      -5.58324906E-08
   273.470001      -5.42339009E-08
   273.584991      -5.26279500E-08
   273.700012      -5.10153271E-08
   273.815002      -4.93966681E-08
   273.929993      -4.77724171E-08
   274.045013      -4.61428797E-08
   274.160004      -4.45082620E-08
   274.274994      -4.28686420E-08
   274.390015      -4.12239842E-08
   274.505005      -3.95741324E-08
   274.619995      -3.79188911E-08
   274.734985      -3.62579513E-08
   274.850006      -3.45909648E-08
   274.964996      -3.29175940E-08
   275.079987      -3.12374091E-08
   275.195007      -2.95500531E-08
   275.309998      -2.78551795E-08
   275.424988      -2.61524633E-08
   275.540009      -2.44416736E-08
   275.654999      -2.27227055E-08
   275.769989      -2.09955733E-08
   275.885010      -1.92604226E-08
   276.000000      -1.75175732E-08
   276.114990      -1.57675863E-08
   276.230011      -1.40112073E-08
   276.345001      -1.22493979E-08
   276.459991      -1.04833733E-08
   276.575012      -8.71451711E-09
   276.690002      -6.94446500E-09
   276.804993      -5.17500753E-09
   276.920013      -3.40806561E-09
   277.035004      -1.64563163E-09
   277.149994       1.10268530E-10
   277.265015       1.85766535E-09
   277.380005       3.59466412E-09
   277.494995       5.31950795E-09
   277.609985       7.03065561E-09
   277.725006       8.72681660E-09
   277.839996       1.04069144E-08
   277.954987       1.20701751E-08
   278.070007       1.37160425E-08
   278.184998       1.53442112E-08
   278.299988       1.69546119E-08
   278.415009       1.85473823E-08
   278.529999       2.01228669E-08
   278.644989       2.16815170E-08
   278.760010       2.32239206E-08
   278.875000       2.47507330E-08
   278.989990       2.62626774E-08
   279.105011       2.77604428E-08
   279.220001       2.92448163E-08
   279.334991       3.07164534E-08
   279.450012       3.21760538E-08
   279.565002       3.36241648E-08
   279.679993       3.50613512E-08
   279.795013       3.64880748E-08
   279.910004       3.79046732E-08
   280.024994       3.93113986E-08
   280.140015       4.07084109E-08
   280.255005       4.20957065E-08
   280.369995       4.34731930E-08
   280.484985       4.48406929E-08
   280.600006       4.61978793E-08
   280.714996       4.75443684E-08
   280.829987       4.88798477E-08
   280.945007       5.02038127E-08
   281.059998       5.15158689E-08
   281.174988       5.28155439E-08
   281.290009       5.41024114E-08
   281.404999       5.53760664E-08
   281.519989       5.66360931E-08
   281.635010       5.78820583E-08
   281.750000       5.91135070E-08
   281.864990       6.03299668E-08
   281.980011       6.15310327E-08
   282.095001       6.27161825E-08
   282.209991       6.38850253E-08
   282.325012       6.50371845E-08
   282.440002       6.61723618E-08
   282.554993       6.72902445E-08
   282.670013       6.83906336E-08
   282.785004       6.94734439E-08
   282.899994       7.05386753E-08
   283.015015       7.15863351E-08
   283.130005       7.26164728E-08
   283.244995       7.36291241E-08
   283.359985       7.46242890E-08
   283.475006       7.56019105E-08
   283.589996       7.65617827E-08
   283.704987       7.75036142E-08
   283.820007       7.84269787E-08
   283.934998       7.93313006E-08
   284.049988       8.02159263E-08
   284.165009       8.10801382E-08
   284.279999       8.19231403E-08
   284.394989       8.27441937E-08
   284.510010       8.35426022E-08
   284.625000       8.43178043E-08
   284.739990       8.50694022E-08
   284.855011       8.57970761E-08
   284.970001       8.65007266E-08
   285.084991       8.71804602E-08
   285.200012       8.78363977E-08
   285.315002       8.84688589E-08
   285.429993       8.90781919E-08
   285.545013       8.96648729E-08
   285.660004       9.02293138E-08
   285.774994       9.07720121E-08
   285.890015       9.12934723E-08
   286.005005       9.17941065E-08
   286.119995       9.22744050E-08
   286.234985       9.27347727E-08
   286.350006       9.31756432E-08
   286.464996       9.35973432E-08
   286.579987       9.40001641E-08
   286.695007       9.43843403E-08
   286.809998       9.47499714E-08
   286.924988       9.50970502E-08
   287.040009       9.54254560E-08
   287.154999       9.57349542E-08
   287.269989       9.60251469E-08
   287.385010       9.62955440E-08
   287.500000       9.65455698E-08
   287.614990       9.67745564E-08
   287.730011       9.69818004E-08
   287.845001       9.71666267E-08
   287.959991       9.73283321E-08
   288.075012       9.74663124E-08
   288.190002       9.75800134E-08
   288.304993       9.76689805E-08
   288.420013       9.77328369E-08
   288.535004       9.77713057E-08
   288.649994       9.77841950E-08
   288.765015       9.77714265E-08
   288.880005       9.77329364E-08
   288.994995       9.76687957E-08
   289.109985       9.75790968E-08
   289.225006       9.74639960E-08
   289.339996       9.73237135E-08
   289.454987       9.71584839E-08
   289.570007       9.69685985E-08
   289.684998       9.67544267E-08
   289.799988       9.65163309E-08
   289.915009       9.62547801E-08
   290.029999       9.59703144E-08
   290.144989       9.56635233E-08
   290.260010       9.53350821E-08
   290.375000       9.49857082E-08
   290.489990       9.46161833E-08
   290.605011       9.42273530E-08
   290.720001       9.38200202E-08
   290.834991       9.33950801E-08
   290.950012       9.29533641E-08
   291.065002       9.24957035E-08
   291.179993       9.20228800E-08
   291.295013       9.15356111E-08
   291.410004       9.10345790E-08
   291.524994       9.05203095E-08
   291.640015       8.99932857E-08
   291.755005       8.94538488E-08
   291.869995       8.89022402E-08
   291.984985       8.83385951E-08
   292.100006       8.77629986E-08
   292.214996       8.71754082E-08
   292.329987       8.65757670E-08
   292.445007       8.59639968E-08
   292.559998       8.53399769E-08
   292.674988       8.47036361E-08
   292.790009       8.40548751E-08
   292.904999       8.33936014E-08
   293.019989       8.27197084E-08
   293.135010       8.20330968E-08
   293.250000       8.13336385E-08
   293.364990       8.06211844E-08
   293.480011       7.98955710E-08
   293.595001       7.91566066E-08
   293.709991       7.84041063E-08
   293.825012       7.76379210E-08
   293.940002       7.68579511E-08
   294.054993       7.60641683E-08
   294.170013       7.52566507E-08
   294.285004       7.44355901E-08
   294.399994       7.36012922E-08
   294.515015       7.27541689E-08
   294.630005       7.18947035E-08
   294.744995       7.10234502E-08
   294.859985       7.01409064E-08
   294.975006       6.92475624E-08
   295.089996       6.83438159E-08
   295.204987       6.74299798E-08
   295.320007       6.65062387E-08
   295.434998       6.55726993E-08
   295.549988       6.46293401E-08
   295.665009       6.36761399E-08
   295.779999       6.27130490E-08
   295.894989       6.17400246E-08
   296.010010       6.07571309E-08
   296.125000       5.97644956E-08
   296.239990       5.87623994E-08
   296.355011       5.77512118E-08
   296.470001       5.67314338E-08
   296.584991       5.57036657E-08
   296.700012       5.46686003E-08
   296.815002       5.36269305E-08
   296.929993       5.25794093E-08
   297.045013       5.15267367E-08
   297.160004       5.04696231E-08
   297.274994       4.94087473E-08
   297.390015       4.83447558E-08
   297.505005       4.72783235E-08
   297.619995       4.62101220E-08
   297.734985       4.51408440E-08
   297.850006       4.40712142E-08
   297.964996       4.30019966E-08
   298.079987       4.19339194E-08
   298.195007       4.08676719E-08
   298.309998       3.98038473E-08
   298.424988       3.87429075E-08
   298.540009       3.76851297E-08
   298.654999       3.66305848E-08
   298.769989       3.55791236E-08
   298.885010       3.45304052E-08
   299.000000       3.34839179E-08
   299.114990       3.24390363E-08
   299.230011       3.13950892E-08
   299.345001       3.03514369E-08
   299.459991       2.93075182E-08
   299.575012       2.82628942E-08
   299.690002       2.72173057E-08
   299.804993       2.61706532E-08
   299.920013       2.51229970E-08
   300.035004       2.40745521E-08
   300.149994       2.30255921E-08
   300.265015       2.19764758E-08
   300.380005       2.09275015E-08
   300.494995       1.98789909E-08
   300.609985       1.88311713E-08
   300.725006       1.77841848E-08
   300.839996       1.67381291E-08
   300.954987       1.56930273E-08
   301.070007       1.46488723E-08
   301.184998       1.36056242E-08
   301.299988       1.25633033E-08
   301.415009       1.15219700E-08
   301.529999       1.04817284E-08
   301.644989       9.44278611E-09
   301.760010       8.40536973E-09
   301.875000       7.36980299E-09
   301.989990       6.33639541E-09
   302.105011       5.30549693E-09
   302.220001       4.27742330E-09
   302.334991       3.25247340E-09
   302.450012       2.23088059E-09
   302.565002       1.21288213E-09
   302.679993       1.98684139E-10
   302.795013      -8.11477330E-10
   302.910004      -1.81735671E-09
   303.024994      -2.81863577E-09
   303.140015      -3.81497323E-09
   303.255005      -4.80593032E-09
   303.369995      -5.79106008E-09
   303.484985      -6.76988066E-09
   303.600006      -7.74189868E-09
   303.714996      -8.70662831E-09
   303.829987      -9.66361213E-09
   303.945007      -1.06124389E-08
   304.059998      -1.15527214E-08
   304.174988      -1.24840991E-08
   304.290009      -1.34062192E-08
   304.404999      -1.43187160E-08
   304.519989      -1.52212163E-08
   304.635010      -1.61132832E-08
   304.750000      -1.69944681E-08
   304.864990      -1.78642257E-08
   304.980011      -1.87220213E-08
   305.095001      -1.95672900E-08
   305.209991      -2.03994883E-08
   305.325012      -2.12181064E-08
   305.440002      -2.20226788E-08
   305.554993      -2.28128432E-08
   305.670013      -2.35883029E-08
   305.785004      -2.43488927E-08
   305.899994      -2.50945149E-08
   306.015015      -2.58251873E-08
   306.130005      -2.65409934E-08
   306.244995      -2.72420291E-08
   306.359985      -2.79284436E-08
   306.475006      -2.86003754E-08
   306.589996      -2.92579365E-08
   306.704987      -2.99012441E-08
   306.820007      -3.05303622E-08
   306.934998      -3.11453618E-08
   307.049988      -3.17462785E-08
   307.165009      -3.23331726E-08
   307.279999      -3.29060832E-08
   307.394989      -3.34651169E-08
   307.510010      -3.40103981E-08
   307.625000      -3.45420865E-08
   307.739990      -3.50603848E-08
   307.855011      -3.55655096E-08
   307.970001      -3.60577026E-08
   308.084991      -3.65371982E-08
   308.200012      -3.70042201E-08
   308.315002      -3.74589675E-08
   308.429993      -3.79015681E-08
   308.545013      -3.83321321E-08
   308.660004      -3.87507058E-08
   308.774994      -3.91572819E-08
   308.890015      -3.95518001E-08
   309.005005      -3.99341396E-08
   309.119995      -4.03041298E-08
   309.234985      -4.06615079E-08
   309.350006      -4.10059364E-08
   309.464996      -4.13369854E-08
   309.579987      -4.16541326E-08
   309.695007      -4.19567954E-08
   309.809998      -4.22442987E-08
   309.924988      -4.25159641E-08
   310.040009      -4.27710916E-08
   310.154999      -4.30089990E-08
   310.269989      -4.32290541E-08
   310.385010      -4.34306635E-08
