   0.00000000       0.00000000    
  0.115000002       0.00000000    
  0.230000004       0.00000000    
  0.344999999       0.00000000    
  0.460000008       0.00000000    
  0.574999988       0.00000000    
  0.689999998       0.00000000    
  0.805000007       1.19969356E-33
  0.920000017       1.38007709E-32
   1.03499997       7.73345449E-32
   1.14999998       2.74942204E-31
   1.26499999       6.79929207E-31
   1.38000000       1.28751652E-30
   1.49500000       2.81998311E-30
   1.61000001       1.19091330E-29
   1.72500002       5.97889183E-29
   1.84000003       2.52633379E-28
   1.95500004       8.81806477E-28
   2.06999993       2.62693031E-27
   2.18499994       6.87228735E-27
   2.29999995       1.61133299E-26
   2.41499996       3.43434663E-26
   2.52999997       6.71832342E-26
   2.64499998       1.21367840E-25
   2.75999999       2.03103913E-25
   2.87500000       3.14832711E-25
   2.99000001       4.50223182E-25
   3.10500002       5.87887989E-25
   3.22000003       6.85460666E-25
   3.33500004       6.77273917E-25
   3.45000005       4.80682236E-25
   3.56500006       1.75204574E-26
   3.68000007      -7.42724720E-25
   3.79500008      -1.71412257E-24
   3.91000009      -2.60292840E-24
   4.02500010      -2.80936107E-24
   4.13999987      -1.35638864E-24
   4.25500011       3.09900457E-24
   4.36999989       1.20974234E-23
   4.48500013       2.69697123E-23
   4.59999990       4.81270344E-23
   4.71500015       7.40414370E-23
   4.82999992       1.00015389E-22
   4.94500017       1.16991013E-22
   5.05999994       1.10832054E-22
   5.17500019       6.26766587E-23
   5.28999996      -4.89509081E-23
   5.40500021      -2.43658459E-22
   5.51999998      -5.32036017E-22
   5.63500023      -9.06149199E-22
   5.75000000      -1.32887616E-21
   5.86499977      -1.72435331E-21
   5.98000002      -1.97283525E-21
   6.09499979      -1.91395619E-21
   6.21000004      -1.36234981E-21
   6.32499981      -1.38473160E-22
   6.44000006       1.88494751E-21
   6.55499983       4.72414601E-21
   6.67000008       8.22117120E-21
   6.78499985       1.19891437E-20
   6.90000010       1.53826336E-20
   7.01499987       1.75113813E-20
   7.13000011       1.73136802E-20
   7.24499989       1.36989834E-20
   7.36000013       5.75791741E-21
   7.47499990      -6.97777980E-21
   7.59000015      -2.42606015E-20
   7.70499992      -4.48898091E-20
   7.82000017      -6.65747269E-20
   7.93499994      -8.59647064E-20
   8.05000019      -9.89008741E-20
   8.16499996      -1.00918710E-19
   8.27999973      -8.79893279E-20
   8.39500046      -5.74346913E-20
   8.51000023      -8.89365773E-21
   8.62500000       5.48360065E-20
   8.73999977       1.27290818E-19
   8.85499954       1.98387211E-19
   8.97000027       2.55202357E-19
   9.08500004       2.83594504E-19
   9.19999981       2.70640391E-19
   9.31499958       2.07708968E-19
   9.43000031       9.38115808E-20
   9.54500008      -6.12942579E-20
   9.65999985      -2.34894504E-19
   9.77499962      -3.90684925E-19
   9.89000034      -4.80329771E-19
   10.0050001      -4.47624756E-19
   10.1199999      -2.35342190E-19
   10.2349997       2.05613022E-19
   10.3500004       9.05605606E-19
   10.4650002       1.86561778E-18
   10.5799999       3.04830738E-18
   10.6949997       4.37276623E-18
   10.8100004       5.71486181E-18
   10.9250002       6.91463807E-18
   11.0400000       7.79144663E-18
   11.1549997       8.16633067E-18
   11.2700005       7.88987285E-18
   11.3850002       6.87230959E-18
   11.5000000       5.11147326E-18
   11.6149998       2.71338485E-18
   11.7299995      -9.99162319E-20
   11.8450003      -2.99994709E-18
   11.9600000      -5.58181022E-18
   12.0749998      -7.41521593E-18
   12.1899996      -8.11381628E-18
   12.3050003      -7.41661387E-18
   12.4200001      -5.27175481E-18
   12.5349998      -1.91027271E-18
   12.6499996       2.10419528E-18
   12.7650003       5.86343296E-18
   12.8800001       8.15180124E-18
   12.9949999       7.53942289E-18
   13.1099997       2.53196739E-18
   13.2250004      -8.23064975E-18
   13.3400002      -2.57424844E-17
   13.4549999      -5.03909231E-17
   13.5699997      -8.17376405E-17
   13.6850004      -1.18355305E-16
   13.8000002      -1.57753997E-16
   13.9150000      -1.96426292E-16
   14.0299997      -2.30031093E-16
   14.1450005      -2.53722314E-16
   14.2600002      -2.62611024E-16
   14.3750000      -2.52332544E-16
   14.4899998      -2.19670094E-16
   14.6049995      -1.63172123E-16
   14.7200003      -8.36890059E-17
   14.8350000       1.52483715E-17
   14.9499998       1.27281232E-16
   15.0649996       2.43366515E-16
   15.1800003       3.52247545E-16
   15.2950001       4.41258796E-16
   15.4099998       4.97435133E-16
   15.5249996       5.08859649E-16
   15.6400003       4.66147589E-16
   15.7550001       3.63933476E-16
   15.8699999       2.02207967E-16
   15.9849997      -1.26553150E-17
   16.1000004      -2.67336912E-16
   16.2150002      -5.41601654E-16
   16.3299999      -8.09009003E-16
   16.4449997      -1.03834095E-15
   16.5599995      -1.19571586E-15
   16.6749992      -1.24728937E-15
   16.7900009      -1.16237675E-15
   16.9050007      -9.16765252E-16
   17.0200005      -4.95941338E-16
   17.1350002       1.02068112E-16
   17.2500000       8.64548953E-16
   17.3649998       1.76292703E-15
   17.4799995       2.75279143E-15
   17.5949993       3.77526608E-15
   17.7099991       4.75976824E-15
   17.8250008       5.62807611E-15
   17.9400005       6.29951617E-15
   18.0550003       6.69694106E-15
   18.1700001       6.75308198E-15
   18.2849998       6.41677941E-15
   18.3999996       5.65854431E-15
   18.5149994       4.47492122E-15
   18.6299992       2.89116803E-15
   18.7450008       9.61871345E-16
   18.8600006      -1.23075401E-15
   18.9750004      -3.58093428E-15
   19.0900002      -5.96563992E-15
   19.2049999      -8.25278515E-15
   19.3199997      -1.03107847E-14
   19.4349995      -1.20187648E-14
   19.5499992      -1.32766223E-14
   19.6650009      -1.40140610E-14
   19.7800007      -1.41977503E-14
   19.8950005      -1.38358673E-14
   20.0100002      -1.29794111E-14
   20.1250000      -1.17199595E-14
   20.2399998      -1.01837679E-14
   20.3549995      -8.52244995E-15
   20.4699993      -6.90073676E-15
   20.5849991      -5.48218570E-15
   20.7000008      -4.41383490E-15
   20.8150005      -3.81105026E-15
   20.9300003      -3.74377339E-15
   21.0450001      -4.22551830E-15
   21.1599998      -5.20613851E-15
   21.2749996      -6.56929404E-15
   21.3899994      -8.13515430E-15
   21.5049992      -9.66851602E-15
   21.6200008      -1.08921034E-14
   21.7350006      -1.15043574E-14
   21.8500004      -1.12006495E-14
   21.9650002      -9.69655197E-15
   22.0799999      -6.75147770E-15
   22.1949997      -2.19089752E-15
   22.3099995       4.07455120E-15
   22.4249992       1.20348144E-14
   22.5400009       2.15722758E-14
   22.6550007       3.24606268E-14
   22.7700005       4.43712992E-14
   22.8850002       5.68871596E-14
   23.0000000       6.95226618E-14
   23.1149998       8.17492707E-14
   23.2299995       9.30242008E-14
   23.3449993       1.02820150E-13
   23.4599991       1.10653775E-13
   23.5750008       1.16110477E-13
   23.6900005       1.18863009E-13
   23.8050003       1.18682503E-13
   23.9200001       1.15440575E-13
   24.0349998       1.09102235E-13
   24.1499996       9.97102655E-14
   24.2649994       8.73625581E-14
   24.3799992       7.21846221E-14
   24.4950008       5.43006226E-14
   24.6100006       3.38061624E-14
   24.7250004       1.07466585E-14
   24.8400002      -1.48952895E-14
   24.9549999      -4.32007098E-14
   25.0699997      -7.43014320E-14
   25.1849995      -1.08352665E-13
   25.2999992      -1.45492044E-13
   25.4150009      -1.85787014E-13
   25.5300007      -2.29174427E-13
   25.6450005      -2.75397435E-13
   25.7600002      -3.23944810E-13
   25.8750000      -3.73999741E-13
   25.9899998      -4.24403649E-13
   26.1049995      -4.73641254E-13
   26.2199993      -5.19850222E-13
   26.3349991      -5.60858868E-13
   26.4500008      -5.94252458E-13
   26.5650005      -6.17466310E-13
   26.6800003      -6.27901539E-13
   26.7950001      -6.23058788E-13
   26.9099998      -6.00681180E-13
   27.0249996      -5.58898305E-13
   27.1399994      -4.96361958E-13
   27.2549992      -4.12363936E-13
   27.3700008      -3.06928230E-13
   27.4850006      -1.80869778E-13
   27.6000004      -3.58153211E-14
   27.7150002       1.25816621E-13
   27.8299999       3.00876701E-13
   27.9449997       4.85584337E-13
   28.0599995       6.75660537E-13
   28.1749992       8.66487817E-13
   28.2900009       1.05328767E-12
   28.4050007       1.23130705E-12
   28.5200005       1.39600300E-12
   28.6350002       1.54321543E-12
   28.7500000       1.66931920E-12
   28.8649998       1.77134728E-12
   28.9799995       1.84707891E-12
   29.0949993       1.89508674E-12
   29.2099991       1.91474419E-12
   29.3250008       1.90618766E-12
   29.4400005       1.87023964E-12
   29.5550003       1.80829646E-12
   29.6700001       1.72218392E-12
   29.7849998       1.61399128E-12
   29.8999996       1.48588856E-12
   30.0149994       1.33994378E-12
   30.1299992       1.17794088E-12
   30.2450008       1.00121929E-12
   30.3600006       8.10537564E-13
   30.4750004       6.05972683E-13
   30.5900002       3.86866103E-13
   30.7049999       1.51819136E-13
   30.8199997      -1.01257259E-13
   30.9349995      -3.75033609E-13
   31.0499992      -6.72599509E-13
   31.1650009      -9.97246773E-13
   31.2800007      -1.35220752E-12
   31.3950005      -1.74035504E-12
   31.5100002      -2.16388149E-12
   31.6250000      -2.62396051E-12
   31.7399998      -3.12041690E-12
   31.8549995      -3.65141164E-12
   31.9699993      -4.21315803E-12
   32.0849991      -4.79968799E-12
   32.2000008      -5.40267484E-12
   32.3149986      -6.01132902E-12
   32.4300003      -6.61236994E-12
   32.5449982      -7.19008316E-12
   32.6599998      -7.72646877E-12
   32.7750015      -8.20147682E-12
   32.8899994      -8.59334218E-12
   33.0050011      -8.87899389E-12
   33.1199989      -9.03456216E-12
   33.2350006      -9.03596208E-12
   33.3499985      -8.85954678E-12
   33.4650002      -8.48282295E-12
   33.5800018      -7.88523240E-12
   33.6949997      -7.04896558E-12
   33.8100014      -5.95980600E-12
   33.9249992      -4.60798587E-12
   34.0400009      -2.98902504E-12
   34.1549988      -1.10453899E-12
   34.2700005       1.03702008E-12
   34.3849983       3.41971959E-12
   34.5000000       6.01963401E-12
   34.6150017       8.80448318E-12
   34.7299995       1.17334883E-11
   34.8450012       1.47574435E-11
   34.9599991       1.78190431E-11
   35.0750008       2.08534925E-11
   35.1899986       2.37894201E-11
   35.3050003       2.65500746E-11
   35.4199982       2.90548401E-11
   35.5349998       3.12209911E-11
   35.6500015       3.29657378E-11
   35.7649994       3.42084347E-11
   35.8800011       3.48729656E-11
   35.9949989       3.48902088E-11
   36.1100006       3.42004862E-11
   36.2249985       3.27559889E-11
   36.3400002       3.05229765E-11
   36.4550018       2.74838121E-11
   36.5699997       2.36386015E-11
   36.6850014       1.90064683E-11
   36.7999992       1.36263431E-11
   36.9150009       7.55723348E-12
   37.0299988       8.77937642E-13
   37.1450005      -6.31382967E-12
   37.2599983      -1.39028754E-11
   37.3750000      -2.17585186E-11
   37.4900017      -2.97370982E-11
   37.6049995      -3.76849073E-11
   37.7200012      -4.54414492E-11
   37.8349991      -5.28430182E-11
   37.9500008      -5.97263350E-11
   38.0649986      -6.59322874E-11
   38.1800003      -7.13094930E-11
   38.2949982      -7.57177446E-11
   38.4099998      -7.90310734E-11
   38.5250015      -8.11404763E-11
   38.6399994      -8.19561086E-11
   38.7550011      -8.14090254E-11
   38.8699989      -7.94523544E-11
   38.9850006      -7.60619553E-11
   39.0999985      -7.12365514E-11
   39.2150002      -6.49974519E-11
   39.3300018      -5.73878549E-11
   39.4449997      -4.84718550E-11
   39.5600014      -3.83332324E-11
   39.6749992      -2.70741502E-11
   39.7900009      -1.48137769E-11
   39.9049988      -1.68698215E-12
   40.0200005       1.21569161E-11
   40.1349983       2.65552181E-11
   40.2500000       4.13328226E-11
   40.3650017       5.63030352E-11
   40.4799995       7.12683246E-11
   40.5950012       8.60210861E-11
   40.7099991       1.00344427E-10
   40.8250008       1.14013243E-10
   40.9399986       1.26795435E-10
   41.0550003       1.38453735E-10
   41.1699982       1.48747833E-10
   41.2849998       1.57437327E-10
   41.4000015       1.64285086E-10
   41.5149994       1.69061418E-10
   41.6300011       1.71548928E-10
   41.7449989       1.71547679E-10
   41.8600006       1.68881104E-10
   41.9749985       1.63401959E-10
   42.0900002       1.54998556E-10
   42.2050018       1.43600645E-10
   42.3199997       1.29185135E-10
   42.4350014       1.11780980E-10
   42.5499992       9.14733289E-11
   42.6650009       6.84064541E-11
   42.7799988       4.27854557E-11
   42.8950005       1.48764803E-11
   43.0099983      -1.49945611E-11
   43.1250000      -4.64449139E-11
   43.2400017      -7.90392890E-11
   43.3549995      -1.12295680E-10
   43.4700012      -1.45692458E-10
   43.5849991      -1.78676476E-10
   43.7000008      -2.10672008E-10
   43.8149986      -2.41090148E-10
   43.9300003      -2.69338468E-10
   44.0449982      -2.94830715E-10
   44.1599998      -3.16995985E-10
   44.2750015      -3.35287326E-10
   44.3899994      -3.49189511E-10
   44.5050011      -3.58225782E-10
   44.6199989      -3.61963265E-10
   44.7350006      -3.60017294E-10
   44.8499985      -3.52054497E-10
   44.9650002      -3.37794376E-10
   45.0800018      -3.17009974E-10
   45.1949997      -2.89527319E-10
   45.3100014      -2.55223953E-10
   45.4249992      -2.14026810E-10
   45.5400009      -1.65909383E-10
   45.6549988      -1.10888708E-10
   45.7700005      -4.90218144E-11
   45.8849983       1.95974539E-11
   46.0000000       9.48416207E-11
   46.1150017       1.76552578E-10
   46.2299995       2.64543942E-10
   46.3450012       3.58603508E-10
   46.4599991       4.58494298E-10
   46.5750008       5.63956437E-10
   46.6899986       6.74707512E-10
   46.8050003       7.90443100E-10
   46.9199982       9.10837183E-10
   47.0349998       1.03554165E-09
   47.1500015       1.16418652E-09
   47.2649994       1.29637989E-09
   47.3800011       1.43170698E-09
   47.4949989       1.56973179E-09
   47.6100006       1.70999592E-09
   47.7249985       1.85202043E-09
   47.8400002       1.99530570E-09
   47.9550018       2.13933427E-09
   48.0699997       2.28357155E-09
   48.1850014       2.42746756E-09
   48.2999992       2.57045962E-09
   48.4150009       2.71197531E-09
   48.5299988       2.85143509E-09
   48.6450005       2.98825453E-09
   48.7599983       3.12184878E-09
   48.8750000       3.25163474E-09
   48.9900017       3.37703598E-09
   49.1049995       3.49748586E-09
   49.2200012       3.61243035E-09
   49.3349991       3.72133258E-09
   49.4500008       3.82367515E-09
   49.5649986       3.91896471E-09
   49.6800003       4.00673139E-09
   49.7949982       4.08653600E-09
   49.9099998       4.15796730E-09
   50.0250015       4.22064472E-09
   50.1399994       4.27421831E-09
   50.2550011       4.31836966E-09
   50.3699989       4.35280700E-09
   50.4850006       4.37726611E-09
   50.5999985       4.39150627E-09
   50.7150002       4.39530368E-09
   50.8300018       4.38844872E-09
   50.9449997       4.37074288E-09
   51.0600014       4.34198633E-09
   51.1749992       4.30198055E-09
   51.2900009       4.25051683E-09
   51.4049988       4.18737400E-09
   51.5200005       4.11231227E-09
   51.6349983       4.02507006E-09
   51.7500000       3.92536226E-09
   51.8650017       3.81287402E-09
   51.9799995       3.68726472E-09
   52.0950012       3.54816287E-09
   52.2099991       3.39517103E-09
   52.3250008       3.22786398E-09
   52.4399986       3.04579384E-09
   52.5550003       2.84849233E-09
   52.6699982       2.63547251E-09
   52.7849998       2.40623277E-09
   52.9000015       2.16025975E-09
   53.0149994       1.89703186E-09
   53.1300011       1.61602265E-09
   53.2449989       1.31670064E-09
   53.3600006       9.98532146E-10
   53.4749985       6.60983435E-10
   53.5900002       3.03519737E-10
   53.7050018      -7.43917150E-11
   53.8199997      -4.73282469E-10
   53.9350014      -8.93683183E-10
   54.0499992      -1.33612177E-09
   54.1650009      -1.80112414E-09
   54.2799988      -2.28921215E-09
   54.3950005      -2.80090240E-09
   54.5099983      -3.33670358E-09
   54.6250000      -3.89711152E-09
   54.7400017      -4.48260629E-09
   54.8549995      -5.09364773E-09
   54.9700012      -5.73066616E-09
   55.0849991      -6.39406172E-09
   55.2000008      -7.08419456E-09
   55.3149986      -7.80137910E-09
   55.4300003      -8.54588045E-09
   55.5449982      -9.31790645E-09
   55.6599998      -1.01176063E-08
   55.7750015      -1.09450644E-08
   55.8899994      -1.18003021E-08
   56.0050011      -1.26832678E-08
   56.1199989      -1.35938514E-08
   56.2350006      -1.45318761E-08
   56.3499985      -1.54971076E-08
   56.4650002      -1.64892597E-08
   56.5800018      -1.75079951E-08
   56.6949997      -1.85529423E-08
   56.8100014      -1.96236982E-08
   56.9249992      -2.07198383E-08
   57.0400009      -2.18409202E-08
   57.1549988      -2.29864874E-08
   57.2700005      -2.41560887E-08
   57.3849983      -2.53492640E-08
   57.5000000      -2.65655675E-08
   57.6150017      -2.78045587E-08
   57.7299995      -2.90658022E-08
   57.8450012      -3.03488790E-08
   57.9599991      -3.16533679E-08
   58.0750008      -3.29788676E-08
   58.1899986      -3.43249553E-08
   58.3050003      -3.56912153E-08
   58.4199982      -3.70772177E-08
   58.5349998      -3.84825221E-08
   58.6500015      -3.99066629E-08
   58.7649994      -4.13491676E-08
   58.8800011      -4.28095319E-08
   58.9949989      -4.42872370E-08
   59.1100006      -4.57817357E-08
   59.2249985      -4.72924739E-08
   59.3400002      -4.88188867E-08
   59.4550018      -5.03603843E-08
   59.5699997      -5.19164161E-08
   59.6850014      -5.34863922E-08
   59.7999992      -5.50697479E-08
   59.9150009      -5.66659466E-08
   60.0299988      -5.82744875E-08
   60.1450005      -5.98949015E-08
   60.2599983      -6.15267695E-08
   60.3750000      -6.31697290E-08
   60.4900017      -6.48234675E-08
   60.6049995      -6.64877220E-08
   60.7200012      -6.81622723E-08
   60.8349991      -6.98469549E-08
   60.9500008      -7.15416633E-08
   61.0649986      -7.32463263E-08
   61.1800003      -7.49609370E-08
   61.2949982      -7.66855237E-08
   61.4099998      -7.84201433E-08
   61.5250015      -8.01648952E-08
   61.6399994      -8.19199002E-08
   61.7550011      -8.36852934E-08
   61.8699989      -8.54612310E-08
   61.9850006      -8.72478481E-08
   62.0999985      -8.90453506E-08
   62.2150002      -9.08539164E-08
   62.3300018      -9.26737513E-08
   62.4449997      -9.45051113E-08
   62.5600014      -9.63482591E-08
   62.6749992      -9.82034862E-08
   62.7900009      -1.00071084E-07
   62.9049988      -1.01951365E-07
   63.0200005      -1.03844691E-07
   63.1349983      -1.05751461E-07
   63.2500000      -1.07672058E-07
   63.3650017      -1.09606944E-07
   63.4799995      -1.11556581E-07
   63.5950012      -1.13521452E-07
   63.7099991      -1.15502047E-07
   63.8250008      -1.17498836E-07
   63.9399986      -1.19512279E-07
   64.0550003      -1.21542826E-07
   64.1699982      -1.23590837E-07
   64.2850037      -1.25656683E-07
   64.4000015      -1.27740620E-07
   64.5149994      -1.29842817E-07
   64.6299973      -1.31963390E-07
   64.7450027      -1.34102294E-07
   64.8600006      -1.36259402E-07
   64.9749985      -1.38434416E-07
   65.0899963      -1.40626881E-07
   65.2050018      -1.42836228E-07
   65.3199997      -1.45061733E-07
   65.4349976      -1.47302444E-07
   65.5500031      -1.49557323E-07
   65.6650009      -1.51825120E-07
   65.7799988      -1.54104470E-07
   65.8949966      -1.56393838E-07
   66.0100021      -1.58691591E-07
   66.1250000      -1.60995910E-07
   66.2399979      -1.63304890E-07
   66.3550034      -1.65616498E-07
   66.4700012      -1.67928619E-07
   66.5849991      -1.70239034E-07
   66.6999969      -1.72545441E-07
   66.8150024      -1.74845496E-07
   66.9300003      -1.77136812E-07
   67.0449982      -1.79416915E-07
   67.1600037      -1.81683347E-07
   67.2750015      -1.83933622E-07
   67.3899994      -1.86165195E-07
   67.5049973      -1.88375552E-07
   67.6200027      -1.90562091E-07
   67.7350006      -1.92722183E-07
   67.8499985      -1.94853328E-07
   67.9649963      -1.96952868E-07
   68.0800018      -1.99018274E-07
   68.1949997      -2.01047001E-07
   68.3099976      -2.03036606E-07
   68.4250031      -2.04984644E-07
   68.5400009      -2.06888643E-07
   68.6549988      -2.08746201E-07
   68.7699966      -2.10554916E-07
   68.8850021      -2.12312429E-07
   69.0000000      -2.14016467E-07
   69.1149979      -2.15664954E-07
   69.2300034      -2.17255788E-07
   69.3450012      -2.18787079E-07
   69.4599991      -2.20257064E-07
   69.5749969      -2.21663996E-07
   69.6900024      -2.23006381E-07
   69.8050003      -2.24282687E-07
   69.9199982      -2.25491632E-07
   70.0350037      -2.26631997E-07
   70.1500015      -2.27702770E-07
   70.2649994      -2.28703058E-07
   70.3799973      -2.29632150E-07
   70.4950027      -2.30489519E-07
   70.6100006      -2.31274726E-07
   70.7249985      -2.31987471E-07
   70.8399963      -2.32627542E-07
   70.9550018      -2.33194783E-07
   71.0699997      -2.33689178E-07
   71.1849976      -2.34110672E-07
   71.3000031      -2.34459364E-07
   71.4150009      -2.34735538E-07
   71.5299988      -2.34939506E-07
   71.6449966      -2.35071624E-07
   71.7600021      -2.35132376E-07
   71.8750000      -2.35122130E-07
   71.9899979      -2.35041398E-07
   72.1050034      -2.34890678E-07
   72.2200012      -2.34670438E-07
   72.3349991      -2.34381346E-07
   72.4499969      -2.34023943E-07
   72.5650024      -2.33598996E-07
   72.6800003      -2.33107201E-07
   72.7949982      -2.32549482E-07
   72.9100037      -2.31926634E-07
   73.0250015      -2.31239397E-07
   73.1399994      -2.30488652E-07
   73.2549973      -2.29675265E-07
   73.3700027      -2.28800047E-07
   73.4850006      -2.27863964E-07
   73.5999985      -2.26867954E-07
   73.7149963      -2.25812840E-07
   73.8300018      -2.24699662E-07
   73.9449997      -2.23529241E-07
   74.0599976      -2.22302404E-07
   74.1750031      -2.21019917E-07
   74.2900009      -2.19682533E-07
   74.4049988      -2.18291021E-07
   74.5199966      -2.16845876E-07
   74.6350021      -2.15347782E-07
   74.7500000      -2.13797165E-07
   74.8649979      -2.12194436E-07
   74.9800034      -2.10539952E-07
   75.0950012      -2.08833839E-07
   75.2099991      -2.07076354E-07
   75.3249969      -2.05267654E-07
   75.4400024      -2.03407708E-07
   75.5550003      -2.01496420E-07
   75.6699982      -1.99533574E-07
   75.7850037      -1.97518929E-07
   75.9000015      -1.95452131E-07
   76.0149994      -1.93332710E-07
   76.1299973      -1.91160055E-07
   76.2450027      -1.88933569E-07
   76.3600006      -1.86652528E-07
   76.4749985      -1.84315866E-07
   76.5899963      -1.81922701E-07
   76.7050018      -1.79471499E-07
   76.8199997      -1.76960938E-07
   76.9349976      -1.74389186E-07
   77.0500031      -1.71754508E-07
   77.1650009      -1.69054772E-07
   77.2799988      -1.66287748E-07
   77.3949966      -1.63451077E-07
   77.5100021      -1.60542243E-07
   77.6250000      -1.57558503E-07
   77.7399979      -1.54497030E-07
   77.8550034      -1.51354769E-07
   77.9700012      -1.48128677E-07
   78.0849991      -1.44815658E-07
   78.1999969      -1.41412556E-07
   78.3150024      -1.37916217E-07
   78.4300003      -1.34323571E-07
   78.5449982      -1.30631634E-07
   78.6600037      -1.26837719E-07
   78.7750015      -1.22939198E-07
   78.8899994      -1.18933727E-07
   79.0049973      -1.14819123E-07
   79.1200027      -1.10593341E-07
   79.2350006      -1.06254632E-07
   79.3499985      -1.01801582E-07
   79.4649963      -9.72329275E-08
   79.5800018      -9.25477792E-08
   79.6949997      -8.77456827E-08
   79.8099976      -8.28263609E-08
   79.9250031      -7.77899132E-08
   80.0400009      -7.26365670E-08
   80.1549988      -6.73669547E-08
   80.2699966      -6.19818579E-08
   80.3850021      -5.64823424E-08
   80.5000000      -5.08693105E-08
   80.6149979      -4.51442368E-08
   80.7300034      -3.93087092E-08
   80.8450012      -3.33645502E-08
   80.9599991      -2.73137086E-08
   81.0749969      -2.11582378E-08
   81.1900024      -1.49003707E-08
   81.3050003      -8.54235438E-09
   81.4199982      -2.08642281E-09
   81.5350037       4.46511361E-09
   81.6500015       1.11097878E-08
   81.7649994       1.78452773E-08
   81.8799973       2.46689318E-08
   81.9950027       3.15781641E-08
   82.1100006       3.85704091E-08
   82.2249985       4.56428353E-08
   82.3399963       5.27928385E-08
   82.4550018       6.00178751E-08
   82.5699997       6.73153764E-08
   82.6849976       7.46830295E-08
   82.8000031       8.21183406E-08
   82.9150009       8.96190357E-08
   83.0299988       9.71827561E-08
   83.1449966       1.04807221E-07
   83.2600021       1.12490149E-07
   83.3750000       1.20229487E-07
   83.4899979       1.28023174E-07
   83.6050034       1.35869556E-07
   83.7200012       1.43767139E-07
   83.8349991       1.51714374E-07
   83.9499969       1.59710126E-07
   84.0650024       1.67753257E-07
   84.1800003       1.75842757E-07
   84.2949982       1.83977676E-07
   84.4100037       1.92157216E-07
   84.5250015       2.00380725E-07
   84.6399994       2.08647734E-07
   84.7549973       2.16957957E-07
   84.8700027       2.25311368E-07
   84.9850006       2.33707951E-07
   85.0999985       2.42147564E-07
   85.2149963       2.50630393E-07
   85.3300018       2.59156309E-07
   85.4449997       2.67725312E-07
   85.5599976       2.76337261E-07
   85.6750031       2.84992211E-07
   85.7900009       2.93690022E-07
   85.9049988       3.02430578E-07
   86.0199966       3.11213711E-07
   86.1350021       3.20039135E-07
   86.2500000       3.28906424E-07
   86.3649979       3.37814896E-07
   86.4800034       3.46763784E-07
   86.5950012       3.55752292E-07
   86.7099991       3.64779282E-07
   86.8249969       3.73843790E-07
   86.9400024       3.82944506E-07
   87.0550003       3.92080324E-07
   87.1699982       4.01249650E-07
   87.2850037       4.10451179E-07
   87.4000015       4.19683005E-07
   87.5149994       4.28943366E-07
   87.6299973       4.38230359E-07
   87.7450027       4.47541908E-07
   87.8600006       4.56875881E-07
   87.9749985       4.66230091E-07
   88.0899963       4.75602093E-07
   88.2050018       4.84989528E-07
   88.3199997       4.94389667E-07
   88.4349976       5.03799811E-07
   88.5500031       5.13217003E-07
   88.6650009       5.22638118E-07
   88.7799988       5.32060199E-07
   88.8949966       5.41479722E-07
   89.0100021       5.50893503E-07
   89.1250000       5.60297963E-07
   89.2399979       5.69689632E-07
   89.3550034       5.79064704E-07
   89.4700012       5.88419482E-07
   89.5849991       5.97750159E-07
   89.6999969       6.07052925E-07
   89.8150024       6.16323916E-07
   89.9300003       6.25559210E-07
   90.0449982       6.34755168E-07
   90.1600037       6.43907811E-07
   90.2750015       6.53013331E-07
   90.3899994       6.62068089E-07
   90.5049973       6.71068449E-07
   90.6200027       6.80010714E-07
   90.7350006       6.88891419E-07
   90.8499985       6.97706923E-07
   90.9649963       7.06453704E-07
   91.0800018       7.15128181E-07
   91.1949997       7.23726771E-07
   91.3099976       7.32246008E-07
   91.4250031       7.40682140E-07
   91.5400009       7.49031472E-07
   91.6549988       7.57290479E-07
   91.7699966       7.65455468E-07
   91.8850021       7.73522743E-07
   92.0000000       7.81488438E-07
   92.1149979       7.89348633E-07
   92.2300034       7.97099176E-07
   92.3450012       8.04736089E-07
   92.4599991       8.12255053E-07
   92.5749969       8.19651916E-07
   92.6900024       8.26922587E-07
   92.8050003       8.34062860E-07
   92.9199982       8.41068470E-07
   93.0350037       8.47935269E-07
   93.1500015       8.54659106E-07
   93.2649994       8.61235605E-07
   93.3799973       8.67660333E-07
   93.4950027       8.73929082E-07
   93.6100006       8.80037533E-07
   93.7249985       8.85981535E-07
   93.8399963       8.91757168E-07
   93.9550018       8.97360337E-07
   94.0699997       9.02787065E-07
   94.1849976       9.08033599E-07
   94.3000031       9.13096017E-07
   94.4150009       9.17970567E-07
   94.5299988       9.22653612E-07
   94.6449966       9.27141457E-07
   94.7600021       9.31430691E-07
   94.8750000       9.35518187E-07
   94.9899979       9.39400820E-07
   95.1050034       9.43075520E-07
   95.2200012       9.46539444E-07
   95.3349991       9.49789808E-07
   95.4499969       9.52823711E-07
   95.5650024       9.55638598E-07
   95.6800003       9.58231908E-07
   95.7949982       9.60601255E-07
   95.9100037       9.62744252E-07
   96.0250015       9.64658625E-07
   96.1399994       9.66342441E-07
   96.2549973       9.67793767E-07
   96.3700027       9.69010443E-07
   96.4850006       9.69990197E-07
   96.5999985       9.70731207E-07
   96.7149963       9.71231088E-07
   96.8300018       9.71488021E-07
   96.9449997       9.71499730E-07
   97.0599976       9.71264285E-07
   97.1750031       9.70779752E-07
   97.2900009       9.70043970E-07
   97.4049988       9.69054668E-07
   97.5199966       9.67809683E-07
   97.6350021       9.66306743E-07
   97.7500000       9.64543233E-07
   97.8649979       9.62516879E-07
   97.9800034       9.60224952E-07
   98.0950012       9.57665407E-07
   98.2099991       9.54835627E-07
   98.3249969       9.51733625E-07
   98.4400024       9.48356956E-07
   98.5550003       9.44703345E-07
   98.6699982       9.40770633E-07
   98.7850037       9.36556603E-07
   98.9000015       9.32059095E-07
   99.0149994       9.27275892E-07
   99.1299973       9.22205231E-07
   99.2450027       9.16845352E-07
   99.3600006       9.11194718E-07
   99.4749985       9.05252023E-07
   99.5899963       8.99016072E-07
   99.7050018       8.92485616E-07
   99.8199997       8.85659631E-07
   99.9349976       8.78536923E-07
   100.050003       8.71116526E-07
   100.165001       8.63397702E-07
   100.279999       8.55379596E-07
   100.394997       8.47061699E-07
   100.510002       8.38443668E-07
   100.625000       8.29524936E-07
   100.739998       8.20305388E-07
   100.855003       8.10784684E-07
   100.970001       8.00962312E-07
   101.084999       7.90837930E-07
   101.199997       7.80411085E-07
   101.315002       7.69681492E-07
   101.430000       7.58648753E-07
   101.544998       7.47312868E-07
   101.660004       7.35673780E-07
   101.775002       7.23731375E-07
   101.889999       7.11485825E-07
   102.004997       6.98937242E-07
   102.120003       6.86085627E-07
   102.235001       6.72931435E-07
   102.349998       6.59475006E-07
   102.464996       6.45716682E-07
   102.580002       6.31657315E-07
   102.695000       6.17297758E-07
   102.809998       6.02639204E-07
   102.925003       5.87683132E-07
   103.040001       5.72430906E-07
   103.154999       5.56884231E-07
   103.269997       5.41044642E-07
   103.385002       5.24913844E-07
   103.500000       5.08493770E-07
   103.614998       4.91786352E-07
   103.730003       4.74793751E-07
   103.845001       4.57518382E-07
   103.959999       4.39962662E-07
   104.074997       4.22129403E-07
   104.190002       4.04021108E-07
   104.305000       3.85640277E-07
   104.419998       3.66989582E-07
   104.535004       3.48071836E-07
   104.650002       3.28889541E-07
   104.764999       3.09445539E-07
   104.879997       2.89742900E-07
   104.995003       2.69784607E-07
   105.110001       2.49573731E-07
   105.224998       2.29113539E-07
   105.339996       2.08407272E-07
   105.455002       1.87458213E-07
   105.570000       1.66269444E-07
   105.684998       1.44844520E-07
   105.800003       1.23186794E-07
   105.915001       1.01299847E-07
   106.029999       7.91872452E-08
   106.144997       5.68528193E-08
   106.260002       3.43004558E-08
   106.375000       1.15342749E-08
   106.489998      -1.14417391E-08
   106.605003      -3.46234366E-08
   106.720001      -5.80065915E-08
   106.834999      -8.15868475E-08
   106.949997      -1.05359895E-07
   107.065002      -1.29321137E-07
   107.180000      -1.53465891E-07
   107.294998      -1.77789175E-07
   107.410004      -2.02286003E-07
   107.525002      -2.26951215E-07
   107.639999      -2.51779397E-07
   107.754997      -2.76765149E-07
   107.870003      -3.01902901E-07
   107.985001      -3.27186882E-07
   108.099998      -3.52611238E-07
   108.214996      -3.78169858E-07
   108.330002      -4.03856518E-07
   108.445000      -4.29664766E-07
   108.559998      -4.55588037E-07
   108.675003      -4.81619736E-07
   108.790001      -5.07753157E-07
   108.904999      -5.33981563E-07
   109.019997      -5.60298133E-07
   109.135002      -5.86696331E-07
   109.250000      -6.13169107E-07
   109.364998      -6.39709810E-07
   109.480003      -6.66311337E-07
   109.595001      -6.92966694E-07
   109.709999      -7.19668890E-07
   109.824997      -7.46410933E-07
   109.940002      -7.73185718E-07
   110.055000      -7.99986310E-07
   110.169998      -8.26805604E-07
   110.285004      -8.53636323E-07
   110.400002      -8.80471305E-07
   110.514999      -9.07303047E-07
   110.629997      -9.34124046E-07
   110.745003      -9.60926400E-07
   110.860001      -9.87702492E-07
   110.974998      -1.01444425E-06
   111.089996      -1.04114372E-06
   111.205002      -1.06779271E-06
   111.320000      -1.09438304E-06
   111.434998      -1.12090640E-06
   111.550003      -1.14735462E-06
   111.665001      -1.17371883E-06
   111.779999      -1.19999027E-06
   111.894997      -1.22616029E-06
   112.010002      -1.25222004E-06
   112.125000      -1.27816088E-06
   112.239998      -1.30397393E-06
   112.355003      -1.32965033E-06
   112.470001      -1.35518144E-06
   112.584999      -1.38055827E-06
   112.699997      -1.40577208E-06
   112.815002      -1.43081377E-06
   112.930000      -1.45567446E-06
   113.044998      -1.48034519E-06
   113.160004      -1.50481719E-06
   113.275002      -1.52908183E-06
   113.389999      -1.55313023E-06
   113.504997      -1.57695365E-06
   113.620003      -1.60054344E-06
   113.735001      -1.62389097E-06
   113.849998      -1.64698724E-06
   113.964996      -1.66982386E-06
   114.080002      -1.69239217E-06
   114.195000      -1.71468378E-06
   114.309998      -1.73668991E-06
   114.425003      -1.75840262E-06
   114.540001      -1.77981360E-06
   114.654999      -1.80091456E-06
   114.769997      -1.82169731E-06
   114.885002      -1.84215367E-06
   115.000000      -1.86227567E-06
   115.114998      -1.88205524E-06
   115.230003      -1.90148432E-06
   115.345001      -1.92055472E-06
   115.459999      -1.93925871E-06
   115.574997      -1.95758912E-06
   115.690002      -1.97553868E-06
   115.805000      -1.99309989E-06
   115.919998      -2.01026569E-06
   116.035004      -2.02702881E-06
   116.150002      -2.04338244E-06
   116.264999      -2.05931929E-06
   116.379997      -2.07483276E-06
   116.495003      -2.08991651E-06
   116.610001      -2.10456437E-06
   116.724998      -2.11877068E-06
   116.839996      -2.13252974E-06
   116.955002      -2.14583611E-06
   117.070000      -2.15868363E-06
   117.184998      -2.17106685E-06
   117.300003      -2.18298055E-06
   117.415001      -2.19441927E-06
   117.529999      -2.20537731E-06
   117.644997      -2.21585015E-06
   117.760002      -2.22583208E-06
   117.875000      -2.23531811E-06
   117.989998      -2.24430369E-06
   118.105003      -2.25278336E-06
   118.220001      -2.26075190E-06
   118.334999      -2.26820407E-06
   118.449997      -2.27513397E-06
   118.565002      -2.28153590E-06
   118.680000      -2.28740419E-06
   118.794998      -2.29273383E-06
   118.910004      -2.29751936E-06
   119.025002      -2.30175579E-06
   119.139999      -2.30543810E-06
   119.254997      -2.30856040E-06
   119.370003      -2.31111790E-06
   119.485001      -2.31310537E-06
   119.599998      -2.31451736E-06
   119.714996      -2.31534864E-06
   119.830002      -2.31559466E-06
   119.945000      -2.31525064E-06
   120.059998      -2.31431272E-06
   120.175003      -2.31277659E-06
   120.290001      -2.31063837E-06
   120.404999      -2.30789465E-06
   120.519997      -2.30454157E-06
   120.635002      -2.30057549E-06
   120.750000      -2.29599277E-06
   120.864998      -2.29079001E-06
   120.980003      -2.28496424E-06
   121.095001      -2.27851319E-06
   121.209999      -2.27143460E-06
   121.324997      -2.26372686E-06
   121.440002      -2.25538906E-06
   121.555000      -2.24641963E-06
   121.669998      -2.23681718E-06
   121.785004      -2.22658127E-06
   121.900002      -2.21571077E-06
   122.014999      -2.20420543E-06
   122.129997      -2.19206595E-06
   122.245003      -2.17929278E-06
   122.360001      -2.16588728E-06
   122.474998      -2.15185105E-06
   122.589996      -2.13718545E-06
   122.705002      -2.12189252E-06
   122.820000      -2.10597364E-06
   122.934998      -2.08943061E-06
   123.050003      -2.07226549E-06
   123.165001      -2.05447964E-06
   123.279999      -2.03607624E-06
   123.394997      -2.01705780E-06
   123.510002      -1.99742681E-06
   123.625000      -1.97718668E-06
   123.739998      -1.95634084E-06
   123.855003      -1.93489200E-06
   123.970001      -1.91284357E-06
   124.084999      -1.89019784E-06
   124.199997      -1.86695820E-06
   124.315002      -1.84312796E-06
   124.430000      -1.81871076E-06
   124.544998      -1.79371114E-06
   124.660004      -1.76813387E-06
   124.775002      -1.74198340E-06
   124.889999      -1.71526483E-06
   125.004997      -1.68798283E-06
   125.120003      -1.66014217E-06
   125.235001      -1.63174775E-06
   125.349998      -1.60280467E-06
   125.464996      -1.57331829E-06
   125.580002      -1.54329462E-06
   125.695000      -1.51273969E-06
   125.809998      -1.48166021E-06
   125.925003      -1.45006277E-06
   126.040001      -1.41795408E-06
   126.154999      -1.38534108E-06
   126.269997      -1.35223002E-06
   126.385002      -1.31862760E-06
   126.500000      -1.28454076E-06
   126.614998      -1.24997689E-06
   126.730003      -1.21494372E-06
   126.845001      -1.17944944E-06
   126.959999      -1.14350291E-06
   127.074997      -1.10711267E-06
   127.190002      -1.07028734E-06
   127.305000      -1.03303546E-06
   127.419998      -9.95365099E-07
   127.535004      -9.57285010E-07
   127.650002      -9.18803153E-07
   127.764999      -8.79928564E-07
   127.879997      -8.40670509E-07
   127.995003      -8.01038652E-07
   128.110001      -7.61042713E-07
   128.225006      -7.20692128E-07
   128.339996      -6.79996333E-07
   128.455002      -6.38964650E-07
   128.570007      -5.97606174E-07
   128.684998      -5.55930001E-07
   128.800003      -5.13945508E-07
   128.914993      -4.71662759E-07
   129.029999      -4.29092267E-07
   129.145004      -3.86244835E-07
   129.259995      -3.43131404E-07
   129.375000      -2.99763315E-07
   129.490005      -2.56151026E-07
   129.604996      -2.12305764E-07
   129.720001      -1.68237904E-07
   129.835007      -1.23958415E-07
   129.949997      -7.94787738E-08
   130.065002      -3.48105615E-08
   130.179993       1.00339363E-08
   130.294998       5.50421468E-08
   130.410004       1.00201525E-07
   130.524994       1.45499470E-07
   130.639999       1.90923885E-07
   130.755005       2.36462895E-07
   130.869995       2.82104679E-07
   130.985001       3.27837256E-07
   131.100006       3.73648533E-07
   131.214996       4.19525747E-07
   131.330002       4.65455798E-07
   131.445007       5.11425242E-07
   131.559998       5.57421004E-07
   131.675003       6.03429896E-07
   131.789993       6.49439357E-07
   131.904999       6.95436768E-07
   132.020004       7.41410020E-07
   132.134995       7.87346551E-07
   132.250000       8.33233173E-07
   132.365005       8.79056813E-07
   132.479996       9.24803771E-07
   132.595001       9.70460178E-07
   132.710007       1.01601302E-06
   132.824997       1.06144898E-06
   132.940002       1.10675546E-06
   133.054993       1.15192029E-06
   133.169998       1.19693152E-06
   133.285004       1.24177711E-06
   133.399994       1.28644513E-06
   133.514999       1.33092306E-06
   133.630005       1.37519828E-06
   133.744995       1.41925807E-06
   133.860001       1.46309026E-06
   133.975006       1.50668302E-06
   134.089996       1.55002465E-06
   134.205002       1.59310412E-06
   134.320007       1.63591062E-06
   134.434998       1.67843302E-06
   134.550003       1.72065972E-06
   134.664993       1.76257890E-06
   134.779999       1.80417840E-06
   134.895004       1.84544604E-06
   135.009995       1.88636943E-06
   135.125000       1.92693687E-06
   135.240005       1.96713745E-06
   135.354996       2.00695990E-06
   135.470001       2.04639377E-06
   135.585007       2.08542815E-06
   135.699997       2.12405166E-06
   135.815002       2.16225271E-06
   135.929993       2.20001948E-06
   136.044998       2.23734037E-06
   136.160004       2.27420401E-06
   136.274994       2.31059971E-06
   136.389999       2.34651679E-06
   136.505005       2.38194502E-06
   136.619995       2.41687417E-06
   136.735001       2.45129422E-06
   136.850006       2.48519450E-06
   136.964996       2.51856409E-06
   137.080002       2.55139162E-06
   137.195007       2.58366595E-06
   137.309998       2.61537616E-06
   137.425003       2.64651180E-06
   137.539993       2.67706241E-06
   137.654999       2.70701844E-06
   137.770004       2.73637011E-06
   137.884995       2.76510741E-06
   138.000000       2.79322035E-06
   138.115005       2.82069891E-06
   138.229996       2.84753264E-06
   138.345001       2.87371176E-06
   138.460007       2.89922741E-06
   138.574997       2.92406980E-06
   138.690002       2.94823167E-06
   138.804993       2.97170482E-06
   138.919998       2.99448220E-06
   139.035004       3.01655632E-06
   139.149994       3.03791990E-06
   139.264999       3.05856565E-06
   139.380005       3.07848677E-06
   139.494995       3.09767574E-06
   139.610001       3.11612712E-06
   139.725006       3.13383498E-06
   139.839996       3.15079410E-06
   139.955002       3.16700061E-06
   140.070007       3.18245020E-06
   140.184998       3.19713899E-06
   140.300003       3.21106268E-06
   140.414993       3.22421693E-06
   140.529999       3.23659674E-06
   140.645004       3.24819871E-06
   140.759995       3.25901829E-06
   140.875000       3.26905251E-06
   140.990005       3.27829889E-06
   141.104996       3.28675469E-06
   141.220001       3.29441741E-06
   141.335007       3.30128364E-06
   141.449997       3.30735088E-06
   141.565002       3.31261549E-06
   141.679993       3.31707383E-06
   141.794998       3.32072295E-06
   141.910004       3.32356012E-06
   142.024994       3.32558329E-06
   142.139999       3.32679087E-06
   142.255005       3.32718173E-06
   142.369995       3.32675495E-06
   142.485001       3.32550917E-06
   142.600006       3.32344348E-06
   142.714996       3.32055697E-06
   142.830002       3.31684873E-06
   142.945007       3.31231809E-06
   143.059998       3.30696548E-06
   143.175003       3.30079183E-06
   143.289993       3.29379850E-06
   143.404999       3.28598799E-06
   143.520004       3.27736211E-06
   143.634995       3.26792247E-06
   143.750000       3.25767064E-06
   143.865005       3.24660846E-06
   143.979996       3.23473751E-06
   144.095001       3.22205915E-06
   144.210007       3.20857680E-06
   144.324997       3.19429296E-06
   144.440002       3.17921149E-06
   144.554993       3.16333580E-06
   144.669998       3.14666954E-06
   144.785004       3.12921634E-06
   144.899994       3.11097961E-06
   145.014999       3.09196230E-06
   145.130005       3.07216783E-06
   145.244995       3.05160052E-06
   145.360001       3.03026445E-06
   145.475006       3.00816555E-06
   145.589996       2.98530949E-06
   145.705002       2.96170242E-06
   145.820007       2.93735047E-06
   145.934998       2.91225979E-06
   146.050003       2.88643628E-06
   146.164993       2.85988563E-06
   146.279999       2.83261420E-06
   146.395004       2.80462882E-06
   146.509995       2.77593654E-06
   146.625000       2.74654531E-06
   146.740005       2.71646331E-06
   146.854996       2.68569920E-06
   146.970001       2.65426138E-06
   147.085007       2.62215758E-06
   147.199997       2.58939531E-06
   147.315002       2.55598297E-06
   147.429993       2.52192785E-06
   147.544998       2.48723859E-06
   147.660004       2.45192450E-06
   147.774994       2.41599514E-06
   147.889999       2.37946028E-06
   148.005005       2.34233062E-06
   148.119995       2.30461546E-06
   148.235001       2.26632483E-06
   148.350006       2.22746826E-06
   148.464996       2.18805485E-06
   148.580002       2.14809461E-06
   148.695007       2.10759777E-06
   148.809998       2.06657501E-06
   148.925003       2.02503770E-06
   149.039993       1.98299767E-06
   149.154999       1.94046606E-06
   149.270004       1.89745379E-06
   149.384995       1.85397198E-06
   149.500000       1.81003145E-06
   149.615005       1.76564288E-06
   149.729996       1.72081718E-06
   149.845001       1.67556595E-06
   149.960007       1.62990068E-06
   150.074997       1.58383421E-06
   150.190002       1.53737926E-06
   150.304993       1.49054813E-06
   150.419998       1.44335365E-06
   150.535004       1.39580789E-06
   150.649994       1.34792288E-06
   150.764999       1.29971056E-06
   150.880005       1.25118379E-06
   150.994995       1.20235563E-06
   151.110001       1.15323951E-06
   151.225006       1.10384997E-06
   151.339996       1.05420054E-06
   151.455002       1.00430577E-06
   151.570007       9.54179200E-07
   151.684998       9.03834177E-07
   151.800003       8.53283780E-07
   151.914993       8.02541081E-07
   152.029999       7.51619666E-07
   152.145004       7.00533462E-07
   152.259995       6.49296794E-07
   152.375000       5.97924213E-07
   152.490005       5.46430272E-07
   152.604996       4.94829294E-07
   152.720001       4.43134780E-07
   152.835007       3.91360402E-07
   152.949997       3.39519289E-07
   153.065002       2.87624772E-07
   153.179993       2.35690734E-07
   153.294998       1.83731430E-07
   153.410004       1.31761368E-07
   153.524994       7.97955835E-08
   153.639999       2.78486780E-08
   153.755005      -2.40652973E-08
   153.869995      -7.59328174E-08
   153.985001      -1.27740549E-07
   154.100006      -1.79475705E-07
   154.214996      -2.31125398E-07
   154.330002      -2.82676325E-07
   154.445007      -3.34114901E-07
   154.559998      -3.85427199E-07
   154.675003      -4.36599123E-07
   154.789993      -4.87617172E-07
   154.904999      -5.38467987E-07
   155.020004      -5.89138892E-07
   155.134995      -6.39617667E-07
   155.250000      -6.89892204E-07
   155.365005      -7.39950281E-07
   155.479996      -7.89779165E-07
   155.595001      -8.39365555E-07
   155.710007      -8.88695808E-07
   155.824997      -9.37755942E-07
   155.940002      -9.86532314E-07
   156.054993      -1.03501134E-06
   156.169998      -1.08318068E-06
   156.285004      -1.13102772E-06
   156.399994      -1.17854040E-06
   156.514999      -1.22570646E-06
   156.630005      -1.27251303E-06
   156.744995      -1.31894740E-06
   156.860001      -1.36499625E-06
   156.975006      -1.41064641E-06
   157.089996      -1.45588547E-06
   157.205002      -1.50070082E-06
   157.320007      -1.54508132E-06
   157.434998      -1.58901582E-06
   157.550003      -1.63249376E-06
   157.664993      -1.67550468E-06
   157.779999      -1.71803777E-06
   157.895004      -1.76008166E-06
   158.009995      -1.80162510E-06
   158.125000      -1.84265662E-06
   158.240005      -1.88316506E-06
   158.354996      -1.92313973E-06
   158.470001      -1.96257088E-06
   158.585007      -2.00144882E-06
   158.699997      -2.03976424E-06
   158.815002      -2.07750804E-06
   158.929993      -2.11466977E-06
   159.044998      -2.15123941E-06
   159.160004      -2.18720675E-06
   159.274994      -2.22256131E-06
   159.389999      -2.25729332E-06
   159.505005      -2.29139323E-06
   159.619995      -2.32485218E-06
   159.735001      -2.35766220E-06
   159.850006      -2.38981465E-06
   159.964996      -2.42130136E-06
   160.080002      -2.45211368E-06
   160.195007      -2.48224205E-06
   160.309998      -2.51167762E-06
   160.425003      -2.54041151E-06
   160.539993      -2.56843532E-06
   160.654999      -2.59574085E-06
   160.770004      -2.62232106E-06
   160.884995      -2.64816890E-06
   161.000000      -2.67327800E-06
   161.115005      -2.69764178E-06
   161.229996      -2.72125317E-06
   161.345001      -2.74410559E-06
   161.460007      -2.76619221E-06
   161.574997      -2.78750667E-06
   161.690002      -2.80804329E-06
   161.804993      -2.82779752E-06
   161.919998      -2.84676526E-06
   162.035004      -2.86494333E-06
   162.149994      -2.88232877E-06
   162.264999      -2.89891818E-06
   162.380005      -2.91470860E-06
   162.494995      -2.92969662E-06
   162.610001      -2.94387928E-06
   162.725006      -2.95725363E-06
   162.839996      -2.96981784E-06
   162.955002      -2.98157033E-06
   163.070007      -2.99251087E-06
   163.184998      -3.00263900E-06
   163.300003      -3.01195428E-06
   163.414993      -3.02045623E-06
   163.529999      -3.02814374E-06
   163.645004      -3.03501633E-06
   163.759995      -3.04107311E-06
   163.875000      -3.04631340E-06
   163.990005      -3.05073740E-06
   164.104996      -3.05434673E-06
   164.220001      -3.05714207E-06
   164.335007      -3.05912590E-06
   164.449997      -3.06030051E-06
   164.565002      -3.06066772E-06
   164.679993      -3.06022889E-06
   164.794998      -3.05898607E-06
   164.910004      -3.05694039E-06
   165.024994      -3.05409435E-06
   165.139999      -3.05045023E-06
   165.255005      -3.04601122E-06
   165.369995      -3.04078094E-06
   165.485001      -3.03476304E-06
   165.600006      -3.02796138E-06
   165.714996      -3.02037915E-06
   165.830002      -3.01201953E-06
   165.945007      -3.00288457E-06
   166.059998      -2.99297722E-06
   166.175003      -2.98230020E-06
   166.289993      -2.97085671E-06
   166.404999      -2.95865061E-06
   166.520004      -2.94568622E-06
   166.634995      -2.93196808E-06
   166.750000      -2.91750121E-06
   166.865005      -2.90228991E-06
   166.979996      -2.88633805E-06
   167.095001      -2.86964996E-06
   167.210007      -2.85222950E-06
   167.324997      -2.83408167E-06
   167.440002      -2.81521216E-06
   167.554993      -2.79562687E-06
   167.669998      -2.77533263E-06
   167.785004      -2.75433672E-06
   167.899994      -2.73264595E-06
   168.014999      -2.71026647E-06
   168.130005      -2.68720464E-06
   168.244995      -2.66346728E-06
   168.360001      -2.63906031E-06
   168.475006      -2.61399077E-06
   168.589996      -2.58826572E-06
   168.705002      -2.56189333E-06
   168.820007      -2.53488179E-06
   168.934998      -2.50723997E-06
   169.050003      -2.47897606E-06
   169.164993      -2.45009801E-06
   169.279999      -2.42061333E-06
   169.395004      -2.39052974E-06
   169.509995      -2.35985613E-06
   169.625000      -2.32860020E-06
   169.740005      -2.29677221E-06
   169.854996      -2.26438260E-06
   169.970001      -2.23144139E-06
   170.085007      -2.19795947E-06
   170.199997      -2.16394756E-06
   170.315002      -2.12941632E-06
   170.429993      -2.09437553E-06
   170.544998      -2.05883566E-06
   170.660004      -2.02280694E-06
   170.774994      -1.98630073E-06
   170.889999      -1.94932863E-06
   171.005005      -1.91190247E-06
   171.119995      -1.87403475E-06
   171.235001      -1.83573763E-06
   171.350006      -1.79702306E-06
   171.464996      -1.75790228E-06
   171.580002      -1.71838633E-06
   171.695007      -1.67848623E-06
   171.809998      -1.63821312E-06
   171.925003      -1.59757838E-06
   172.039993      -1.55659461E-06
   172.154999      -1.51527433E-06
   172.270004      -1.47363107E-06
   172.384995      -1.43167779E-06
   172.500000      -1.38942721E-06
   172.615005      -1.34689162E-06
   172.729996      -1.30408307E-06
   172.845001      -1.26101361E-06
   172.960007      -1.21769563E-06
   173.074997      -1.17414220E-06
   173.190002      -1.13036685E-06
   173.304993      -1.08638380E-06
   173.419998      -1.04220703E-06
   173.535004      -9.97850293E-07
   173.649994      -9.53327060E-07
   173.764999      -9.08650122E-07
   173.880005      -8.63832042E-07
   173.994995      -8.18885269E-07
   174.110001      -7.73822478E-07
   174.225006      -7.28656687E-07
   174.339996      -6.83401367E-07
   174.455002      -6.38070276E-07
   174.570007      -5.92677509E-07
   174.684998      -5.47236823E-07
   174.800003      -5.01761463E-07
   174.914993      -4.56264530E-07
   175.029999      -4.10758702E-07
   175.145004      -3.65256625E-07
   175.259995      -3.19771402E-07
   175.375000      -2.74316392E-07
   175.490005      -2.28905662E-07
   175.604996      -1.83553780E-07
   175.720001      -1.38274785E-07
   175.835007      -9.30825408E-08
   175.949997      -4.79907456E-08
   176.065002      -3.01209302E-09
   176.179993       4.18409627E-08
   176.294998       8.65560565E-08
   176.410004       1.31120984E-07
   176.524994       1.75523368E-07
   176.639999       2.19750504E-07
   176.755005       2.63789758E-07
   176.869995       3.07628369E-07
   176.985001       3.51254386E-07
   177.100006       3.94656212E-07
   177.214996       4.37822820E-07
   177.330002       4.80743665E-07
   177.445007       5.23408005E-07
   177.559998       5.65805294E-07
   177.675003       6.07924562E-07
   177.789993       6.49754213E-07
   177.904999       6.91282708E-07
   178.020004       7.32498393E-07
   178.134995       7.73390241E-07
   178.250000       8.13947793E-07
   178.365005       8.54160760E-07
   178.479996       8.94019308E-07
   178.595001       9.33513945E-07
   178.710007       9.72634780E-07
   178.824997       1.01137186E-06
   178.940002       1.04971457E-06
   179.054993       1.08765266E-06
   179.169998       1.12517603E-06
   179.285004       1.16227500E-06
   179.399994       1.19894071E-06
   179.514999       1.23516486E-06
   179.630005       1.27093961E-06
   179.744995       1.30625688E-06
   179.860001       1.34110871E-06
   179.975006       1.37548636E-06
   180.089996       1.40938130E-06
   180.205002       1.44278454E-06
   180.320007       1.47568801E-06
   180.434998       1.50808330E-06
   180.550003       1.53996359E-06
   180.664993       1.57132160E-06
   180.779999       1.60215052E-06
   180.895004       1.63244363E-06
   181.009995       1.66219422E-06
   181.125000       1.69139503E-06
   181.240005       1.72003865E-06
   181.354996       1.74811782E-06
   181.470001       1.77562572E-06
   181.585007       1.80255574E-06
   181.699997       1.82890221E-06
   181.815002       1.85466013E-06
   181.929993       1.87982505E-06
   182.044998       1.90439232E-06
   182.160004       1.92835751E-06
   182.274994       1.95171515E-06
   182.389999       1.97446047E-06
   182.505005       1.99658871E-06
   182.619995       2.01809485E-06
   182.735001       2.03897480E-06
   182.850006       2.05922424E-06
   182.964996       2.07884023E-06
   183.080002       2.09781956E-06
   183.195007       2.11615929E-06
   183.309998       2.13385647E-06
   183.425003       2.15090722E-06
   183.539993       2.16730814E-06
   183.654999       2.18305490E-06
   183.770004       2.19814387E-06
   183.884995       2.21257210E-06
   184.000000       2.22633707E-06
   184.115005       2.23943630E-06
   184.229996       2.25186886E-06
   184.345001       2.26363318E-06
   184.460007       2.27472765E-06
   184.574997       2.28515046E-06
   184.690002       2.29489956E-06
   184.804993       2.30397268E-06
   184.919998       2.31236868E-06
   185.035004       2.32008665E-06
   185.149994       2.32712569E-06
   185.264999       2.33348624E-06
   185.380005       2.33916921E-06
   185.494995       2.34417530E-06
   185.610001       2.34850495E-06
   185.725006       2.35215862E-06
   185.839996       2.35513630E-06
   185.955002       2.35743778E-06
   186.070007       2.35906396E-06
   186.184998       2.36001574E-06
   186.300003       2.36029541E-06
   186.414993       2.35990501E-06
   186.529999       2.35884750E-06
   186.645004       2.35712537E-06
   186.759995       2.35474158E-06
   186.875000       2.35169796E-06
   186.990005       2.34799700E-06
   187.104996       2.34364143E-06
   187.220001       2.33863352E-06
   187.335007       2.33297737E-06
   187.449997       2.32667730E-06
   187.565002       2.31973786E-06
   187.679993       2.31216427E-06
   187.794998       2.30396154E-06
   187.910004       2.29513444E-06
   188.024994       2.28568729E-06
   188.139999       2.27562441E-06
   188.255005       2.26495058E-06
   188.369995       2.25367080E-06
   188.485001       2.24179144E-06
   188.600006       2.22931862E-06
   188.714996       2.21625942E-06
   188.830002       2.20262154E-06
   188.945007       2.18841205E-06
   189.059998       2.17363754E-06
   189.175003       2.15830369E-06
   189.289993       2.14241686E-06
   189.404999       2.12598343E-06
   189.520004       2.10900953E-06
   189.634995       2.09150244E-06
   189.750000       2.07346966E-06
   189.865005       2.05491847E-06
   189.979996       2.03585682E-06
   190.095001       2.01629132E-06
   190.210007       1.99622878E-06
   190.324997       1.97567533E-06
   190.440002       1.95463667E-06
   190.554993       1.93311917E-06
   190.669998       1.91112917E-06
   190.785004       1.88867409E-06
   190.899994       1.86576199E-06
   191.014999       1.84240105E-06
   191.130005       1.81859991E-06
   191.244995       1.79436688E-06
   191.360001       1.76971025E-06
   191.475006       1.74463764E-06
   191.589996       1.71915701E-06
   191.705002       1.69327632E-06
   191.820007       1.66700408E-06
   191.934998       1.64034986E-06
   192.050003       1.61332321E-06
   192.164993       1.58593423E-06
   192.279999       1.55819293E-06
   192.395004       1.53010899E-06
   192.509995       1.50169137E-06
   192.625000       1.47294895E-06
   192.740005       1.44389014E-06
   192.854996       1.41452335E-06
   192.970001       1.38485757E-06
   193.085007       1.35490222E-06
   193.199997       1.32466721E-06
   193.315002       1.29416276E-06
   193.429993       1.26339876E-06
   193.544998       1.23238510E-06
   193.660004       1.20113100E-06
   193.774994       1.16964543E-06
   193.889999       1.13793749E-06
   194.005005       1.10601616E-06
   194.119995       1.07389087E-06
   194.235001       1.04157175E-06
   194.350006       1.00906936E-06
   194.464996       9.76394404E-07
   194.580002       9.43557609E-07
   194.695007       9.10568815E-07
   194.809998       8.77437856E-07
   194.925003       8.44173826E-07
   195.039993       8.10785878E-07
   195.154999       7.77283560E-07
   195.270004       7.43676082E-07
   195.384995       7.09973619E-07
   195.500000       6.76186573E-07
   195.615005       6.42325460E-07
   195.729996       6.08400455E-07
   195.845001       5.74421620E-07
   195.960007       5.40398446E-07
   196.074997       5.06340029E-07
   196.190002       4.72255493E-07
   196.304993       4.38154075E-07
   196.419998       4.04045551E-07
   196.535004       3.69940039E-07
   196.649994       3.35848142E-07
   196.764999       3.01780290E-07
   196.880005       2.67746998E-07
   196.994995       2.33758087E-07
   197.110001       1.99822807E-07
   197.225006       1.65950112E-07
   197.339996       1.32148827E-07
   197.455002       9.84279183E-08
   197.570007       6.47966516E-08
   197.684998       3.12647259E-08
   197.800003      -2.15788676E-09
   197.914993      -3.54613583E-08
   198.029999      -6.86362185E-08
   198.145004      -1.01673677E-07
   198.259995      -1.34565369E-07
   198.375000      -1.67303781E-07
   198.490005      -1.99881143E-07
   198.604996      -2.32289622E-07
   198.720001      -2.64521219E-07
   198.835007      -2.96567237E-07
   198.949997      -3.28418878E-07
   199.065002      -3.60067588E-07
   199.179993      -3.91504898E-07
   199.294998      -4.22723218E-07
   199.410004      -4.53715415E-07
   199.524994      -4.84474867E-07
   199.639999      -5.14994952E-07
   199.755005      -5.45268847E-07
   199.869995      -5.75288993E-07
   199.985001      -6.05047433E-07
   200.100006      -6.34536036E-07
   200.214996      -6.63746505E-07
   200.330002      -6.92671222E-07
   200.445007      -7.21302968E-07
   200.559998      -7.49635205E-07
   200.675003      -7.77661796E-07
   200.789993      -8.05376658E-07
   200.904999      -8.32773424E-07
   201.020004      -8.59845102E-07
   201.134995      -8.86584644E-07
   201.250000      -9.12984490E-07
   201.365005      -9.39037307E-07
   201.479996      -9.64736387E-07
   201.595001      -9.90075705E-07
   201.710007      -1.01504975E-06
   201.824997      -1.03965385E-06
   201.940002      -1.06388291E-06
   202.054993      -1.08773213E-06
   202.169998      -1.11119562E-06
   202.285004      -1.13426745E-06
   202.399994      -1.15694138E-06
   202.514999      -1.17921149E-06
   202.630005      -1.20107234E-06
   202.744995      -1.22251947E-06
   202.860001      -1.24354915E-06
   202.975006      -1.26415796E-06
   203.089996      -1.28434260E-06
   203.205002      -1.30409978E-06
   203.320007      -1.32342541E-06
   203.434998      -1.34231539E-06
   203.550003      -1.36076562E-06
   203.664993      -1.37877203E-06
   203.779999      -1.39633175E-06
   203.895004      -1.41344219E-06
   204.009995      -1.43010163E-06
   204.125000      -1.44630883E-06
   204.240005      -1.46206173E-06
   204.354996      -1.47735852E-06
   204.470001      -1.49219636E-06
   204.585007      -1.50657218E-06
   204.699997      -1.52048278E-06
   204.815002      -1.53392511E-06
   204.929993      -1.54689701E-06
   205.044998      -1.55939654E-06
   205.160004      -1.57142244E-06
   205.274994      -1.58297394E-06
   205.389999      -1.59404965E-06
   205.505005      -1.60464811E-06
   205.619995      -1.61476748E-06
   205.735001      -1.62440551E-06
   205.850006      -1.63356049E-06
   205.964996      -1.64223115E-06
   206.080002      -1.65041718E-06
   206.195007      -1.65811912E-06
   206.309998      -1.66533823E-06
   206.425003      -1.67207588E-06
   206.539993      -1.67833343E-06
   206.654999      -1.68411191E-06
   206.770004      -1.68941176E-06
   206.884995      -1.69423379E-06
   207.000000      -1.69857856E-06
   207.115005      -1.70244743E-06
   207.229996      -1.70584246E-06
   207.345001      -1.70876615E-06
   207.460007      -1.71122167E-06
   207.574997      -1.71321165E-06
   207.690002      -1.71473869E-06
   207.804993      -1.71580450E-06
   207.919998      -1.71641034E-06
   208.035004      -1.71655688E-06
   208.149994      -1.71624504E-06
   208.264999      -1.71547651E-06
   208.380005      -1.71425313E-06
   208.494995      -1.71257716E-06
   208.610001      -1.71045167E-06
   208.725006      -1.70787928E-06
   208.839996      -1.70486214E-06
   208.955002      -1.70140186E-06
   209.070007      -1.69749944E-06
   209.184998      -1.69315604E-06
   209.300003      -1.68837312E-06
   209.414993      -1.68315296E-06
   209.529999      -1.67749829E-06
   209.645004      -1.67141320E-06
   209.759995      -1.66490156E-06
   209.875000      -1.65796735E-06
   209.990005      -1.65061408E-06
   210.104996      -1.64284495E-06
   210.220001      -1.63466257E-06
   210.335007      -1.62606989E-06
   210.449997      -1.61706998E-06
   210.565002      -1.60766672E-06
   210.679993      -1.59786464E-06
   210.794998      -1.58766886E-06
   210.910004      -1.57708450E-06
   211.024994      -1.56611657E-06
   211.139999      -1.55476971E-06
   211.255005      -1.54304792E-06
   211.369995      -1.53095505E-06
   211.485001      -1.51849508E-06
   211.600006      -1.50567257E-06
   211.714996      -1.49249274E-06
   211.830002      -1.47896139E-06
   211.945007      -1.46508478E-06
   212.059998      -1.45086960E-06
   212.175003      -1.43632178E-06
   212.289993      -1.42144711E-06
   212.404999      -1.40625093E-06
   212.520004      -1.39073836E-06
   212.634995      -1.37491452E-06
   212.750000      -1.35878520E-06
   212.865005      -1.34235665E-06
   212.979996      -1.32563548E-06
   213.095001      -1.30862850E-06
   213.210007      -1.29134276E-06
   213.324997      -1.27378451E-06
   213.440002      -1.25596011E-06
   213.554993      -1.23787515E-06
   213.669998      -1.21953519E-06
   213.785004      -1.20094614E-06
   213.899994      -1.18211403E-06
   214.014999      -1.16304545E-06
   214.130005      -1.14374757E-06
   214.244995      -1.12422731E-06
   214.360001      -1.10449162E-06
   214.475006      -1.08454697E-06
   214.589996      -1.06439904E-06
   214.705002      -1.04405342E-06
   214.820007      -1.02351521E-06
   214.934998      -1.00278999E-06
   215.050003      -9.81883318E-07
   215.164993      -9.60801117E-07
   215.279999      -9.39549636E-07
   215.395004      -9.18134901E-07
   215.509995      -8.96562653E-07
   215.625000      -8.74838292E-07
   215.740005      -8.52966537E-07
   215.854996      -8.30951990E-07
   215.970001      -8.08799143E-07
   216.085007      -7.86513112E-07
   216.199997      -7.64099298E-07
   216.315002      -7.41563895E-07
   216.429993      -7.18913327E-07
   216.544998      -6.96154416E-07
   216.660004      -6.73293812E-07
   216.774994      -6.50338052E-07
   216.889999      -6.27293446E-07
   217.005005      -6.04166416E-07
   217.119995      -5.80963729E-07
   217.235001      -5.57692374E-07
   217.350006      -5.34360197E-07
   217.464996      -5.10975269E-07
   217.580002      -4.87545947E-07
   217.695007      -4.64080642E-07
   217.809998      -4.40587229E-07
   217.925003      -4.17073437E-07
   218.039993      -3.93546287E-07
   218.154999      -3.70012799E-07
   218.270004      -3.46479538E-07
   218.384995      -3.22953554E-07
   218.500000      -2.99441780E-07
   218.615005      -2.75951550E-07
   218.729996      -2.52490025E-07
   218.845001      -2.29064327E-07
   218.960007      -2.05681076E-07
   219.074997      -1.82346355E-07
   219.190002      -1.59065806E-07
   219.304993      -1.35844829E-07
   219.419998      -1.12688696E-07
   219.535004      -8.96026293E-08
   219.649994      -6.65922002E-08
   219.764999      -4.36627481E-08
   219.880005      -2.08197211E-08
   219.994995       1.93167460E-09
   220.110001       2.45866367E-08
   220.225006       4.71406167E-08
   220.339996       6.95896318E-08
   220.455002       9.19299694E-08
   220.570007       1.14157778E-07
   220.684998       1.36269364E-07
   220.800003       1.58260903E-07
   220.914993       1.80128268E-07
   221.029999       2.01867351E-07
   221.145004       2.23474032E-07
   221.259995       2.44944232E-07
   221.375000       2.66273986E-07
   221.490005       2.87459443E-07
   221.604996       3.08496766E-07
   221.720001       3.29381749E-07
   221.835007       3.50110014E-07
   221.949997       3.70676901E-07
   222.065002       3.91077236E-07
   222.179993       4.11305564E-07
   222.294998       4.31356256E-07
   222.410004       4.51223656E-07
   222.524994       4.70902251E-07
   222.639999       4.90386469E-07
   222.755005       5.09670940E-07
   222.869995       5.28750263E-07
   222.985001       5.47619095E-07
   223.100006       5.66271751E-07
   223.214996       5.84702775E-07
   223.330002       6.02906539E-07
   223.445007       6.20877984E-07
   223.559998       6.38612335E-07
   223.675003       6.56105385E-07
   223.789993       6.73353327E-07
   223.904999       6.90352579E-07
   224.020004       7.07099900E-07
   224.134995       7.23592166E-07
   224.250000       7.39826305E-07
   224.365005       7.55799306E-07
   224.479996       7.71508212E-07
   224.595001       7.86950352E-07
   224.710007       8.02123225E-07
   224.824997       8.17024784E-07
   224.940002       8.31652983E-07
   225.054993       8.46006003E-07
   225.169998       8.60081855E-07
   225.285004       8.73878548E-07
   225.399994       8.87393412E-07
   225.514999       9.00624059E-07
   225.630005       9.13567987E-07
   225.744995       9.26222640E-07
   225.860001       9.38585913E-07
   225.975006       9.50655817E-07
   226.089996       9.62430704E-07
   226.205002       9.73908982E-07
   226.320007       9.85088832E-07
   226.434998       9.95968776E-07
   226.550003       1.00654688E-06
   226.664993       1.01682122E-06
   226.779999       1.02678973E-06
   226.895004       1.03645095E-06
   227.009995       1.04580295E-06
   227.125000       1.05484446E-06
   227.240005       1.06357413E-06
   227.354996       1.07199116E-06
   227.470001       1.08009408E-06
   227.585007       1.08788197E-06
   227.699997       1.09535313E-06
   227.815002       1.10250608E-06
   227.929993       1.10933945E-06
   228.044998       1.11585234E-06
   228.160004       1.12204384E-06
   228.274994       1.12791395E-06
   228.389999       1.13346289E-06
   228.505005       1.13869123E-06
   228.619995       1.14359989E-06
   228.735001       1.14818954E-06
   228.850006       1.15246110E-06
   228.964996       1.15641524E-06
   229.080002       1.16005276E-06
   229.195007       1.16337492E-06
   229.309998       1.16638307E-06
   229.425003       1.16907847E-06
   229.539993       1.17146271E-06
   229.654999       1.17353716E-06
   229.770004       1.17530294E-06
   229.884995       1.17676109E-06
   230.000000       1.17791205E-06
   230.115005       1.17875595E-06
   230.229996       1.17929301E-06
   230.345001       1.17952311E-06
   230.460007       1.17944649E-06
   230.574997       1.17906325E-06
   230.690002       1.17837362E-06
   230.804993       1.17737795E-06
   230.919998       1.17607647E-06
   231.035004       1.17446905E-06
   231.149994       1.17255638E-06
   231.264999       1.17033835E-06
   231.380005       1.16781564E-06
   231.494995       1.16498904E-06
   231.610001       1.16185959E-06
   231.725006       1.15842829E-06
   231.839996       1.15469686E-06
   231.955002       1.15066712E-06
   232.070007       1.14634099E-06
   232.184998       1.14172065E-06
   232.300003       1.13680824E-06
   232.414993       1.13160627E-06
   232.529999       1.12611713E-06
   232.645004       1.12034377E-06
   232.759995       1.11428915E-06
   232.875000       1.10795611E-06
   232.990005       1.10134818E-06
   233.104996       1.09446853E-06
   233.220001       1.08732081E-06
   233.335007       1.07990832E-06
   233.449997       1.07223457E-06
   233.565002       1.06430321E-06
   233.679993       1.05611775E-06
   233.794998       1.04768208E-06
   233.910004       1.03899981E-06
   234.024994       1.03007437E-06
   234.139999       1.02090974E-06
   234.255005       1.01150943E-06
   234.369995       1.00187708E-06
   234.485001       9.92016226E-07
   234.600006       9.81930611E-07
   234.714996       9.71623422E-07
   234.830002       9.61098181E-07
   234.945007       9.50358356E-07
   235.059998       9.39407357E-07
   235.175003       9.28248710E-07
   235.289993       9.16885938E-07
   235.404999       9.05322565E-07
   235.520004       8.93562344E-07
   235.634995       8.81608912E-07
   235.750000       8.69466135E-07
   235.865005       8.57137707E-07
   235.979996       8.44627607E-07
   236.095001       8.31939985E-07
   236.210007       8.19078821E-07
   236.324997       8.06048263E-07
   236.440002       7.92852575E-07
   236.554993       7.79496020E-07
   236.669998       7.65983259E-07
   236.785004       7.52318442E-07
   236.899994       7.38506230E-07
   237.014999       7.24550716E-07
   237.130005       7.10455993E-07
   237.244995       6.96226209E-07
   237.360001       6.81865117E-07
   237.475006       6.67376696E-07
   237.589996       6.52764868E-07
   237.705002       6.38033612E-07
   237.820007       6.23186850E-07
   237.934998       6.08228447E-07
   238.050003       5.93162270E-07
   238.164993       5.77992012E-07
   238.279999       5.62721311E-07
   238.395004       5.47353693E-07
   238.509995       5.31892908E-07
   238.625000       5.16342766E-07
   238.740005       5.00707529E-07
   238.854996       4.84991631E-07
   238.970001       4.69199648E-07
   239.085007       4.53336440E-07
   239.199997       4.37406584E-07
   239.315002       4.21414683E-07
   239.429993       4.05365000E-07
   239.544998       3.89261913E-07
   239.660004       3.73109543E-07
   239.774994       3.56912267E-07
   239.889999       3.40674461E-07
   240.005005       3.24400673E-07
   240.119995       3.08095451E-07
   240.235001       2.91763314E-07
   240.350006       2.75408524E-07
   240.464996       2.59035090E-07
   240.580002       2.42646593E-07
   240.695007       2.26246598E-07
   240.809998       2.09838603E-07
   240.925003       1.93426274E-07
   241.039993       1.77013476E-07
   241.154999       1.60604401E-07
   241.270004       1.44203256E-07
   241.384995       1.27814403E-07
   241.500000       1.11442084E-07
   241.615005       9.50903782E-08
   241.729996       7.87631009E-08
   241.845001       6.24639895E-08
   241.960007       4.61969414E-08
   242.074997       2.99660492E-08
   242.190002       1.37756722E-08
   242.304993      -2.36955899E-09
   242.419998      -1.84648528E-08
   242.535004      -3.45053586E-08
   242.649994      -5.04865234E-08
   242.764999      -6.64039916E-08
   242.880005      -8.22537274E-08
   242.994995      -9.80318475E-08
   243.110001      -1.13734380E-07
   243.225006      -1.29357332E-07
   243.339996      -1.44896390E-07
   243.455002      -1.60347170E-07
   243.570007      -1.75705097E-07
   243.684998      -1.90965778E-07
   243.800003      -2.06124923E-07
   243.914993      -2.21178652E-07
   244.029999      -2.36123228E-07
   244.145004      -2.50955026E-07
   244.259995      -2.65670366E-07
   244.375000      -2.80265482E-07
   244.490005      -2.94736225E-07
   244.604996      -3.09078445E-07
   244.720001      -3.23287708E-07
   244.835007      -3.37359950E-07
   244.949997      -3.51291391E-07
   245.065002      -3.65078478E-07
   245.179993      -3.78718198E-07
   245.294998      -3.92207511E-07
   245.410004      -4.05543375E-07
   245.524994      -4.18722635E-07
   245.639999      -4.31741853E-07
   245.755005      -4.44597589E-07
   245.869995      -4.57286490E-07
   245.985001      -4.69805485E-07
   246.100006      -4.82151904E-07
   246.214996      -4.94323444E-07
   246.330002      -5.06318258E-07
   246.445007      -5.18134357E-07
   246.559998      -5.29769864E-07
   246.675003      -5.41222562E-07
   246.789993      -5.52490121E-07
   246.904999      -5.63570040E-07
   247.020004      -5.74459818E-07
   247.134995      -5.85157409E-07
   247.250000      -5.95660936E-07
   247.365005      -6.05969035E-07
   247.479996      -6.16080342E-07
   247.595001      -6.25993550E-07
   247.710007      -6.35707011E-07
   247.824997      -6.45218734E-07
   247.940002      -6.54526559E-07
   248.054993      -6.63627986E-07
   248.169998      -6.72520855E-07
   248.285004      -6.81203176E-07
   248.399994      -6.89673584E-07
   248.514999      -6.97931057E-07
   248.630005      -7.05974912E-07
   248.744995      -7.13804525E-07
   248.860001      -7.21419042E-07
   248.975006      -7.28817440E-07
   249.089996      -7.35998526E-07
   249.205002      -7.42961049E-07
   249.320007      -7.49704043E-07
   249.434998      -7.56226939E-07
   249.550003      -7.62529567E-07
   249.664993      -7.68612381E-07
   249.779999      -7.74475893E-07
   249.895004      -7.80120615E-07
   250.009995      -7.85546490E-07
   250.125000      -7.90753404E-07
   250.240005      -7.95740732E-07
   250.354996      -8.00507507E-07
   250.470001      -8.05052878E-07
   250.585007      -8.09376274E-07
   250.699997      -8.13477584E-07
   250.815002      -8.17356693E-07
   250.929993      -8.21013600E-07
   251.044998      -8.24448250E-07
   251.160004      -8.27659960E-07
   251.274994      -8.30647764E-07
   251.389999      -8.33410240E-07
   251.505005      -8.35945912E-07
   251.619995      -8.38253527E-07
   251.735001      -8.40332348E-07
   251.850006      -8.42181976E-07
   251.964996      -8.43802411E-07
   252.080002      -8.45193938E-07
   252.195007      -8.46356727E-07
   252.309998      -8.47290721E-07
   252.425003      -8.47995636E-07
   252.539993      -8.48470904E-07
   252.654999      -8.48716070E-07
   252.770004      -8.48730849E-07
   252.884995      -8.48515583E-07
   253.000000      -8.48071011E-07
   253.115005      -8.47398439E-07
   253.229996      -8.46499120E-07
   253.345001      -8.45374359E-07
   253.460007      -8.44025294E-07
   253.574997      -8.42452721E-07
   253.690002      -8.40657151E-07
   253.804993      -8.38639437E-07
   253.919998      -8.36400602E-07
   254.035004      -8.33942295E-07
   254.149994      -8.31266618E-07
   254.264999      -8.28375846E-07
   254.380005      -8.25272480E-07
   254.494995      -8.21958793E-07
   254.610001      -8.18436604E-07
   254.725006      -8.14707448E-07
   254.839996      -8.10772804E-07
   254.955002      -8.06633921E-07
   255.070007      -8.02292732E-07
   255.184998      -7.97751397E-07
   255.300003      -7.93012532E-07
   255.414993      -7.88079035E-07
   255.529999      -7.82953634E-07
   255.645004      -7.77639059E-07
   255.759995      -7.72137298E-07
   255.875000      -7.66450228E-07
   255.990005      -7.60579439E-07
   256.105011      -7.54526752E-07
   256.220001      -7.48294156E-07
   256.334991      -7.41884321E-07
   256.450012      -7.35300034E-07
   256.565002      -7.28544478E-07
   256.679993      -7.21620552E-07
   256.795013      -7.14530870E-07
   256.910004      -7.07277366E-07
   257.024994      -6.99861914E-07
   257.140015      -6.92286051E-07
   257.255005      -6.84551765E-07
   257.369995      -6.76661330E-07
   257.484985      -6.68617702E-07
   257.600006      -6.60424291E-07
   257.714996      -6.52084623E-07
   257.829987      -6.43602220E-07
   257.945007      -6.34980211E-07
   258.059998      -6.26221379E-07
   258.174988      -6.17328112E-07
   258.290009      -6.08302969E-07
   258.404999      -5.99148620E-07
   258.519989      -5.89868421E-07
   258.635010      -5.80466065E-07
   258.750000      -5.70945645E-07
   258.864990      -5.61311197E-07
   258.980011      -5.51566529E-07
   259.095001      -5.41714883E-07
   259.209991      -5.31758644E-07
   259.325012      -5.21699974E-07
   259.440002      -5.11540577E-07
   259.554993      -5.01282443E-07
   259.670013      -4.90927675E-07
   259.785004      -4.80479059E-07
   259.899994      -4.69939380E-07
   260.015015      -4.59311480E-07
   260.130005      -4.48597916E-07
   260.244995      -4.37800651E-07
   260.359985      -4.26921360E-07
   260.475006      -4.15961438E-07
   260.589996      -4.04922503E-07
   260.704987      -3.93806516E-07
   260.820007      -3.82616150E-07
   260.934998      -3.71354787E-07
   261.049988      -3.60026206E-07
   261.165009      -3.48634387E-07
   261.279999      -3.37183252E-07
   261.394989      -3.25676325E-07
   261.510010      -3.14116960E-07
   261.625000      -3.02508198E-07
   261.739990      -2.90853421E-07
   261.855011      -2.79156382E-07
   261.970001      -2.67421314E-07
   262.084991      -2.55653021E-07
   262.200012      -2.43856533E-07
   262.315002      -2.32036797E-07
   262.429993      -2.20198416E-07
   262.545013      -2.08345426E-07
   262.660004      -1.96481423E-07
   262.774994      -1.84609732E-07
   262.890015      -1.72733621E-07
   263.005005      -1.60856558E-07
   263.119995      -1.48982295E-07
   263.234985      -1.37114910E-07
   263.350006      -1.25258396E-07
   263.464996      -1.13416554E-07
   263.579987      -1.01592640E-07
   263.695007      -8.97893173E-08
   263.809998      -7.80088740E-08
   263.924988      -6.62532642E-08
   264.040009      -5.45246301E-08
   264.154999      -4.28253628E-08
   264.269989      -3.11582937E-08
   264.385010      -1.95265706E-08
   264.500000      -7.93337662E-09
   264.614990       3.61832053E-09
   264.730011       1.51259574E-08
   264.845001       2.65874451E-08
   264.959991       3.80010583E-08
   265.075012       4.93651733E-08
   265.190002       6.06779906E-08
   265.304993       7.19373503E-08
   265.420013       8.31406908E-08
   265.535004       9.42851628E-08
   265.649994       1.05367917E-07
   265.765015       1.16386431E-07
   265.880005       1.27338552E-07
   265.994995       1.38222632E-07
   266.109985       1.49037305E-07
   266.225006       1.59781180E-07
   266.339996       1.70452580E-07
   266.454987       1.81049401E-07
   266.570007       1.91569058E-07
   266.684998       2.02008621E-07
   266.799988       2.12365052E-07
   266.915009       2.22635592E-07
   267.029999       2.32817797E-07
   267.144989       2.42909579E-07
   267.260010       2.52908961E-07
   267.375000       2.62813899E-07
   267.489990       2.72621946E-07
   267.605011       2.82330149E-07
   267.720001       2.91935038E-07
   267.834991       3.01432948E-07
   267.950012       3.10820269E-07
   268.065002       3.20093591E-07
   268.179993       3.29250156E-07
   268.295013       3.38287663E-07
   268.410004       3.47204093E-07
   268.524994       3.55997486E-07
   268.640015       3.64665681E-07
   268.755005       3.73206120E-07
   268.869995       3.81615962E-07
   268.984985       3.89892108E-07
   269.100006       3.98031574E-07
   269.214996       4.06031688E-07
   269.329987       4.13890177E-07
   269.445007       4.21605336E-07
   269.559998       4.29175543E-07
   269.674988       4.36599180E-07
   269.790009       4.43874427E-07
   269.904999       4.50998954E-07
   270.019989       4.57970174E-07
   270.135010       4.64785387E-07
   270.250000       4.71441979E-07
   270.364990       4.77937874E-07
   270.480011       4.84271652E-07
   270.595001       4.90442403E-07
   270.709991       4.96449616E-07
   270.825012       5.02292949E-07
   270.940002       5.07971947E-07
   271.054993       5.13485759E-07
   271.170013       5.18833474E-07
   271.285004       5.24014126E-07
   271.399994       5.29026920E-07
   271.515015       5.33871685E-07
   271.630005       5.38548647E-07
   271.744995       5.43058491E-07
   271.859985       5.47402351E-07
   271.975006       5.51581138E-07
   272.089996       5.55595648E-07
   272.204987       5.59446221E-07
   272.320007       5.63133142E-07
   272.434998       5.66656354E-07
   272.549988       5.70016027E-07
   272.665009       5.73212787E-07
   272.779999       5.76247430E-07
   272.894989       5.79121206E-07
   273.010010       5.81835366E-07
   273.125000       5.84390932E-07
   273.239990       5.86788701E-07
   273.355011       5.89028957E-07
   273.470001       5.91111473E-07
   273.584991       5.93036020E-07
   273.700012       5.94802543E-07
   273.815002       5.96411155E-07
   273.929993       5.97862311E-07
   274.045013       5.99156863E-07
   274.160004       6.00295550E-07
   274.274994       6.01279055E-07
   274.390015       6.02107832E-07
   274.505005       6.02781768E-07
   274.619995       6.03300691E-07
   274.734985       6.03664205E-07
   274.850006       6.03872138E-07
   274.964996       6.03924718E-07
   275.079987       6.03822457E-07
   275.195007       6.03566036E-07
   275.309998       6.03156252E-07
   275.424988       6.02593559E-07
   275.540009       6.01878014E-07
   275.654999       6.01009390E-07
   275.769989       5.99987231E-07
   275.885010       5.98810914E-07
   276.000000       5.97480380E-07
   276.114990       5.95995800E-07
   276.230011       5.94357800E-07
   276.345001       5.92567460E-07
   276.459991       5.90625859E-07
   276.575012       5.88534192E-07
   276.690002       5.86293311E-07
   276.804993       5.83903955E-07
   276.920013       5.81366805E-07
   277.035004       5.78682659E-07
   277.149994       5.75852994E-07
   277.265015       5.72879344E-07
   277.380005       5.69763984E-07
   277.494995       5.66509186E-07
   277.609985       5.63117112E-07
   277.725006       5.59589637E-07
   277.839996       5.55928068E-07
   277.954987       5.52133201E-07
   278.070007       5.48205605E-07
   278.184998       5.44145735E-07
   278.299988       5.39954272E-07
   278.415009       5.35632125E-07
   278.529999       5.31180376E-07
   278.644989       5.26600388E-07
   278.760010       5.21893469E-07
   278.875000       5.17060528E-07
   278.989990       5.12102417E-07
   279.105011       5.07019820E-07
   279.220001       5.01813361E-07
   279.334991       4.96484233E-07
   279.450012       4.91033802E-07
   279.565002       4.85464341E-07
   279.679993       4.79778521E-07
   279.795013       4.73979327E-07
   279.910004       4.68069686E-07
   280.024994       4.62052355E-07
   280.140015       4.55929751E-07
   280.255005       4.49703919E-07
   280.369995       4.43376848E-07
   280.484985       4.36950586E-07
   280.600006       4.30427349E-07
   280.714996       4.23809695E-07
   280.829987       4.17100239E-07
   280.945007       4.10301624E-07
   281.059998       4.03416294E-07
   281.174988       3.96446382E-07
   281.290009       3.89393506E-07
   281.404999       3.82259032E-07
   281.519989       3.75044351E-07
   281.635010       3.67751085E-07
   281.750000       3.60381165E-07
   281.864990       3.52937093E-07
   281.980011       3.45421569E-07
   282.095001       3.37837633E-07
   282.209991       3.30188215E-07
   282.325012       3.22476183E-07
   282.440002       3.14704067E-07
   282.554993       3.06874369E-07
   282.670013       2.98989534E-07
   282.785004       2.91052146E-07
   282.899994       2.83065077E-07
   283.015015       2.75031510E-07
   283.130005       2.66954771E-07
   283.244995       2.58838099E-07
   283.359985       2.50684622E-07
   283.475006       2.42496981E-07
   283.589996       2.34277394E-07
   283.704987       2.26027780E-07
   283.820007       2.17749914E-07
   283.934998       2.09445489E-07
   284.049988       2.01116478E-07
   284.165009       1.92765029E-07
   284.279999       1.84393414E-07
   284.394989       1.76004050E-07
   284.510010       1.67599040E-07
   284.625000       1.59180246E-07
   284.739990       1.50749329E-07
   284.855011       1.42307627E-07
   284.970001       1.33856545E-07
   285.084991       1.25397605E-07
   285.200012       1.16932732E-07
   285.315002       1.08464079E-07
   285.429993       9.99941463E-08
   285.545013       9.15253935E-08
   285.660004       8.30602289E-08
   285.774994       7.46007913E-08
   285.890015       6.61489423E-08
   286.005005       5.77063020E-08
   286.119995       4.92743837E-08
   286.234985       4.08549248E-08
   286.350006       3.24499219E-08
   286.464996       2.40615616E-08
   286.579987       1.56923399E-08
   286.695007       7.34478967E-09
   286.809998      -9.78670811E-10
   286.924988      -9.27583521E-09
   287.040009      -1.75447354E-08
   287.154999      -2.57836685E-08
   287.269989      -3.39907871E-08
   287.385010      -4.21640571E-08
   287.500000      -5.03011321E-08
   287.614990      -5.83992730E-08
   287.730011      -6.64555131E-08
   287.845001      -7.44668611E-08
   287.959991      -8.24304607E-08
   288.075012      -9.03438320E-08
   288.190002      -9.82048576E-08
   288.304993      -1.06011754E-07
   288.420013      -1.13762844E-07
   288.535004      -1.21456395E-07
   288.649994      -1.29090523E-07
   288.765015      -1.36663118E-07
   288.880005      -1.44171963E-07
   288.994995      -1.51614941E-07
   289.109985      -1.58990261E-07
   289.225006      -1.66296488E-07
   289.339996      -1.73532598E-07
   289.454987      -1.80697938E-07
   289.570007      -1.87791841E-07
   289.684998      -1.94813467E-07
   289.799988      -2.01761750E-07
   289.915009      -2.08635200E-07
   290.029999      -2.15432209E-07
   290.144989      -2.22151158E-07
   290.260010      -2.28790697E-07
   290.375000      -2.35349773E-07
   290.489990      -2.41827706E-07
   290.605011      -2.48224012E-07
   290.720001      -2.54538179E-07
   290.834991      -2.60769383E-07
   290.950012      -2.66916402E-07
   291.065002      -2.72977758E-07
   291.179993      -2.78951632E-07
   291.295013      -2.84836403E-07
   291.410004      -2.90630652E-07
   291.524994      -2.96333411E-07
   291.640015      -3.01944027E-07
   291.755005      -3.07461988E-07
   291.869995      -3.12886840E-07
   291.984985      -3.18217758E-07
   292.100006      -3.23453463E-07
   292.214996      -3.28592421E-07
   292.329987      -3.33632897E-07
   292.445007      -3.38573329E-07
   292.559998      -3.43412381E-07
   292.674988      -3.48149257E-07
   292.790009      -3.52783559E-07
   292.904999      -3.57314946E-07
   293.019989      -3.61743076E-07
   293.135010      -3.66067127E-07
   293.250000      -3.70285960E-07
   293.364990      -3.74398041E-07
   293.480011      -3.78401751E-07
   293.595001      -3.82295724E-07
   293.709991      -3.86078966E-07
   293.825012      -3.89751079E-07
   293.940002      -3.93312007E-07
   294.054993      -3.96761834E-07
   294.170013      -4.00100475E-07
   294.285004      -4.03327391E-07
   294.399994      -4.06441643E-07
   294.515015      -4.09441867E-07
   294.630005      -4.12326671E-07
   294.744995      -4.15094917E-07
   294.859985      -4.17745753E-07
   294.975006      -4.20278923E-07
   295.089996      -4.22694427E-07
   295.204987      -4.24992351E-07
   295.320007      -4.27172495E-07
   295.434998      -4.29234262E-07
   295.549988      -4.31176574E-07
   295.665009      -4.32998064E-07
   295.779999      -4.34697540E-07
   295.894989      -4.36274121E-07
   296.010010      -4.37727692E-07
   296.125000      -4.39058596E-07
   296.239990      -4.40267854E-07
   296.355011      -4.41356406E-07
   296.470001      -4.42325131E-07
   296.584991      -4.43174514E-07
   296.700012      -4.43904611E-07
   296.815002      -4.44515280E-07
   296.929993      -4.45006549E-07
   297.045013      -4.45378845E-07
   297.160004      -4.45633134E-07
   297.274994      -4.45770780E-07
   297.390015      -4.45793461E-07
   297.505005      -4.45702710E-07
   297.619995      -4.45499722E-07
   297.734985      -4.45185066E-07
   297.850006      -4.44758882E-07
   297.964996      -4.44221200E-07
   298.079987      -4.43572048E-07
   298.195007      -4.42811881E-07
   298.309998      -4.41941722E-07
   298.424988      -4.40963021E-07
   298.540009      -4.39877397E-07
   298.654999      -4.38686271E-07
   298.769989      -4.37390696E-07
   298.885010      -4.35991154E-07
   299.000000      -4.34487816E-07
   299.114990      -4.32880626E-07
   299.230011      -4.31169781E-07
   299.345001      -4.29355879E-07
   299.459991      -4.27440028E-07
   299.575012      -4.25423764E-07
   299.690002      -4.23308563E-07
   299.804993      -4.21095848E-07
   299.920013      -4.18786442E-07
   300.035004      -4.16380800E-07
   300.149994      -4.13879064E-07
   300.265015      -4.11281349E-07
   300.380005      -4.08588079E-07
   300.494995      -4.05800307E-07
   300.609985      -4.02919454E-07
   300.725006      -3.99947396E-07
   300.839996      -3.96885952E-07
   300.954987      -3.93736599E-07
   301.070007      -3.90500446E-07
   301.184998      -3.87178005E-07
   301.299988      -3.83769674E-07
   301.415009      -3.80275765E-07
   301.529999      -3.76697045E-07
   301.644989      -3.73034737E-07
   301.760010      -3.69290461E-07
   301.875000      -3.65465894E-07
   301.989990      -3.61562741E-07
   302.105011      -3.57582081E-07
   302.220001      -3.53524541E-07
   302.334991      -3.49390262E-07
   302.450012      -3.45179217E-07
   302.565002      -3.40891518E-07
   302.679993      -3.36527677E-07
   302.795013      -3.32088717E-07
   302.910004      -3.27576231E-07
   303.024994      -3.22992008E-07
   303.140015      -3.18337698E-07
   303.255005      -3.13614720E-07
   303.369995      -3.08824099E-07
   303.484985      -3.03966601E-07
   303.600006      -2.99043108E-07
   303.714996      -2.94054843E-07
   303.829987      -2.89003623E-07
   303.945007      -2.83891950E-07
   304.059998      -2.78722695E-07
   304.174988      -2.73499012E-07
   304.290009      -2.68223772E-07
   304.404999      -2.62899420E-07
   304.519989      -2.57527830E-07
   304.635010      -2.52110596E-07
   304.750000      -2.46649080E-07
   304.864990      -2.41144875E-07
   304.980011      -2.35599870E-07
   305.095001      -2.30016312E-07
   305.209991      -2.24396601E-07
   305.325012      -2.18743068E-07
   305.440002      -2.13057589E-07
   305.554993      -2.07341500E-07
   305.670013      -2.01595540E-07
   305.785004      -1.95820093E-07
   305.899994      -1.90015541E-07
   306.015015      -1.84182525E-07
   306.130005      -1.78322182E-07
   306.244995      -1.72436202E-07
   306.359985      -1.66526604E-07
   306.475006      -1.60595519E-07
   306.589996      -1.54644852E-07
   306.704987      -1.48676179E-07
   306.820007      -1.42690737E-07
   306.934998      -1.36689636E-07
   307.049988      -1.30674053E-07
   307.165009      -1.24645538E-07
   307.279999      -1.18606145E-07
   307.394989      -1.12558340E-07
   307.510010      -1.06504757E-07
   307.625000      -1.00447956E-07
   307.739990      -9.43901028E-08
   307.855011      -8.83329321E-08
   307.970001      -8.22776869E-08
   308.084991      -7.62253762E-08
   308.200012      -7.01770162E-08
   308.315002      -6.41338787E-08
   308.429993      -5.80976227E-08
   308.545013      -5.20702308E-08
   308.660004      -4.60538025E-08
   308.774994      -4.00502529E-08
   308.890015      -3.40611876E-08
   309.005005      -2.80877686E-08
   309.119995      -2.21308021E-08
   309.234985      -1.61909544E-08
   309.350006      -1.02689608E-08
   309.464996      -4.36584235E-09
   309.579987       1.51705115E-09
   309.695007       7.37817052E-09
   309.809998       1.32159830E-08
   309.924988       1.90292369E-08
   310.040009       2.48171386E-08
   310.154999       3.05793861E-08
   310.269989       3.63160204E-08
   310.385010       4.20271604E-08
