   0.00000000       0.00000000    
  0.115000002       0.00000000    
  0.230000004       0.00000000    
  0.344999999       0.00000000    
  0.460000008       0.00000000    
  0.574999988       0.00000000    
  0.689999998       0.00000000    
  0.805000007       0.00000000    
  0.920000017       0.00000000    
   1.03499997       0.00000000    
   1.14999998       0.00000000    
   1.26499999       0.00000000    
   1.38000000       0.00000000    
   1.49500000       0.00000000    
   1.61000001       0.00000000    
   1.72500002       0.00000000    
   1.84000003       0.00000000    
   1.95500004       0.00000000    
   2.06999993       0.00000000    
   2.18499994       0.00000000    
   2.29999995       0.00000000    
   2.41499996       0.00000000    
   2.52999997       0.00000000    
   2.64499998       0.00000000    
   2.75999999       0.00000000    
   2.87500000       0.00000000    
   2.99000001       0.00000000    
   3.10500002       0.00000000    
   3.22000003       0.00000000    
   3.33500004       0.00000000    
   3.45000005       0.00000000    
   3.56500006       0.00000000    
   3.68000007       0.00000000    
   3.79500008       0.00000000    
   3.91000009       0.00000000    
   4.02500010       0.00000000    
   4.13999987       0.00000000    
   4.25500011       0.00000000    
   4.36999989       0.00000000    
   4.48500013       0.00000000    
   4.59999990       0.00000000    
   4.71500015       0.00000000    
   4.82999992       0.00000000    
   4.94500017       0.00000000    
   5.05999994       0.00000000    
   5.17500019       0.00000000    
   5.28999996       0.00000000    
   5.40500021       0.00000000    
   5.51999998       0.00000000    
   5.63500023       0.00000000    
   5.75000000       0.00000000    
   5.86499977       0.00000000    
   5.98000002       0.00000000    
   6.09499979       0.00000000    
   6.21000004       0.00000000    
   6.32499981       0.00000000    
   6.44000006       0.00000000    
   6.55499983       0.00000000    
   6.67000008       0.00000000    
   6.78499985       0.00000000    
   6.90000010       0.00000000    
   7.01499987       0.00000000    
   7.13000011       0.00000000    
   7.24499989       0.00000000    
   7.36000013       0.00000000    
   7.47499990       0.00000000    
   7.59000015       0.00000000    
   7.70499992       0.00000000    
   7.82000017       0.00000000    
   7.93499994       0.00000000    
   8.05000019       0.00000000    
   8.16499996       0.00000000    
   8.27999973       0.00000000    
   8.39500046       0.00000000    
   8.51000023       0.00000000    
   8.62500000       0.00000000    
   8.73999977       0.00000000    
   8.85499954       0.00000000    
   8.97000027       0.00000000    
   9.08500004       0.00000000    
   9.19999981       0.00000000    
   9.31499958       0.00000000    
   9.43000031       0.00000000    
   9.54500008       0.00000000    
   9.65999985       0.00000000    
   9.77499962       0.00000000    
   9.89000034       0.00000000    
   10.0050001       0.00000000    
   10.1199999       0.00000000    
   10.2349997       0.00000000    
   10.3500004       0.00000000    
   10.4650002       0.00000000    
   10.5799999       0.00000000    
   10.6949997       0.00000000    
   10.8100004       0.00000000    
   10.9250002       0.00000000    
   11.0400000       0.00000000    
   11.1549997       0.00000000    
   11.2700005       0.00000000    
   11.3850002       0.00000000    
   11.5000000       0.00000000    
   11.6149998       0.00000000    
   11.7299995       0.00000000    
   11.8450003       0.00000000    
   11.9600000       0.00000000    
   12.0749998       0.00000000    
   12.1899996       0.00000000    
   12.3050003       0.00000000    
   12.4200001       0.00000000    
   12.5349998       0.00000000    
   12.6499996       0.00000000    
   12.7650003       0.00000000    
   12.8800001       0.00000000    
   12.9949999       0.00000000    
   13.1099997       0.00000000    
   13.2250004       0.00000000    
   13.3400002       0.00000000    
   13.4549999       0.00000000    
   13.5699997       0.00000000    
   13.6850004       0.00000000    
   13.8000002       0.00000000    
   13.9150000       0.00000000    
   14.0299997       0.00000000    
   14.1450005       0.00000000    
   14.2600002       0.00000000    
   14.3750000       0.00000000    
   14.4899998       0.00000000    
   14.6049995       0.00000000    
   14.7200003       0.00000000    
   14.8350000       0.00000000    
   14.9499998       0.00000000    
   15.0649996       0.00000000    
   15.1800003       0.00000000    
   15.2950001       0.00000000    
   15.4099998       0.00000000    
   15.5249996       0.00000000    
   15.6400003       0.00000000    
   15.7550001       0.00000000    
   15.8699999       0.00000000    
   15.9849997       0.00000000    
   16.1000004       0.00000000    
   16.2150002       0.00000000    
   16.3299999       0.00000000    
   16.4449997       0.00000000    
   16.5599995       2.67227617E-42
   16.6749992       5.34315104E-42
   16.7900009       8.01542722E-42
   16.9050007       1.06877034E-41
   17.0200005       1.33585783E-41
   17.1350002       1.60308544E-41
   17.2500000       1.87031306E-41
   17.3649998       1.60308544E-41
   17.4799995       8.52549986E-42
   17.5949993      -3.75547988E-42
   17.7099991      -1.60378609E-41
   17.8250008      -8.86349305E-41
   17.9400005      -2.09068126E-40
   18.0550003      -3.25542653E-40
   18.1700001      -4.35756178E-40
   18.2849998      -4.20486229E-40
   18.3999996      -3.41056428E-40
   18.5149994      -2.52753605E-40
   18.6299992      -3.82761873E-40
   18.7450008      -5.31572763E-40
   18.8600006      -7.46262898E-40
   18.9750004      -8.36100143E-40
   19.0900002      -7.17208376E-40
   19.2049999      -2.20918907E-40
   19.3199997       2.51433582E-40
   19.4349995       7.19706891E-40
   19.5499992       1.19421738E-39
   19.6650009       1.46981215E-39
   19.7800007       1.30038255E-39
   19.8950005       6.73724683E-40
   20.0100002      -3.83915142E-40
   20.1250000      -4.67422721E-40
   20.2399998      -2.00944798E-40
   20.3549995       4.29982829E-40
   20.4699993       1.39327463E-39
   20.5849991       4.09606688E-39
   20.7000008       4.04326455E-39
   20.8150005       1.54342572E-38
   20.9300003       2.59089885E-38
   21.0450001       1.69880548E-38
   21.1599998      -2.88070615E-38
   21.2749996      -7.71800834E-38
   21.3899994      -8.46236912E-38
   21.5049992      -5.60598979E-38
   21.6200008      -2.06725379E-38
   21.7350006       2.97635850E-38
   21.8500004       3.89309720E-38
   21.9650002       3.16755418E-38
   22.0799999       2.34800534E-38
   22.1949997      -2.66429045E-38
   22.3099995      -3.09866467E-38
   22.4249992       6.05113748E-39
   22.5400009       4.90033625E-38
   22.6550007       8.59659277E-38
   22.7700005       1.29956644E-37
   22.8850002       4.65179926E-37
   23.0000000       7.51724835E-37
   23.1149998       1.40234614E-36
   23.2299995       2.04277514E-36
   23.3449993       1.69948635E-36
   23.4599991       9.81391779E-37
   23.5750008       3.36785046E-37
   23.6900005      -5.80473562E-37
   23.8050003      -1.61841300E-36
   23.9200001      -3.36516468E-36
   24.0349998      -5.56720553E-36
   24.1499996      -7.49913236E-36
   24.2649994      -8.79585674E-36
   24.3799992      -8.95051776E-36
   24.4950008      -8.66108887E-36
   24.6100006      -8.08190966E-36
   24.7250004      -7.70503902E-36
   24.8400002      -7.44690738E-36
   24.9549999      -7.48162192E-36
   25.0699997      -6.96877663E-36
   25.1849995      -4.52451284E-36
   25.2999992       6.66699829E-37
   25.4150009       8.90046813E-36
   25.5300007       1.99519101E-35
   25.6450005       3.16624655E-35
   25.7600002       4.18969031E-35
   25.8750000       4.92489889E-35
   25.9899998       5.19998580E-35
   26.1049995       5.08193299E-35
   26.2199993       4.60038410E-35
   26.3349991       3.76889547E-35
   26.4500008       2.72202477E-35
   26.5650005       1.38959647E-35
   26.6800003      -2.48987482E-36
   26.7950001      -2.20062745E-35
   26.9099998      -4.44083169E-35
   27.0249996      -6.93192807E-35
   27.1399994      -9.59276686E-35
   27.2549992      -1.21184984E-34
   27.3700008      -1.42012758E-34
   27.4850006      -1.55277627E-34
   27.6000004      -1.56874611E-34
   27.7150002      -1.43386606E-34
   27.8299999      -1.13423748E-34
   27.9449997      -6.79387980E-35
   28.0599995      -8.73296952E-36
   28.1749992       6.07033778E-35
   28.2900009       1.35036417E-34
   28.4050007       2.07795649E-34
   28.5200005       2.70737586E-34
   28.6350002       3.14129238E-34
   28.7500000       3.27527807E-34
   28.8649998       2.99133466E-34
   28.9799995       2.17273600E-34
   29.0949993       7.23263077E-35
   29.2099991      -1.42797447E-34
   29.3250008      -4.28849589E-34
   29.4400005      -7.79571323E-34
   29.5550003      -1.18072934E-33
   29.6700001      -1.60810639E-33
   29.7849998      -2.02666026E-33
   29.8999996      -2.39061333E-33
   30.0149994      -2.64530990E-33
   30.1299992      -2.72620613E-33
   30.2450008      -2.56439603E-33
   30.3600006      -2.09189487E-33
   30.4750004      -1.24473492E-33
   30.5900002       2.94640787E-35
   30.7049999       1.76422710E-33
   30.8199997       3.96682287E-33
   30.9349995       6.60748828E-33
   31.0499992       9.61161764E-33
   31.1650009       1.28564669E-32
   31.2800007       1.61639951E-32
   31.3950005       1.92997688E-32
   31.5100002       2.19776580E-32
   31.6250000       2.38666642E-32
   31.7399998       2.46049114E-32
   31.8549995       2.38172009E-32
   31.9699993       2.11377086E-32
   32.0849991       1.62430118E-32
   32.2000008       8.88222339E-33
   32.3149986      -1.08835018E-33
   32.4300003      -1.36672348E-32
   32.5449982      -2.86754588E-32
   32.6599998      -4.57276001E-32
   32.7750015      -6.42111379E-32
   32.8899994      -8.32792080E-32
   33.0050011      -1.01854940E-31
   33.1199989      -1.18657115E-31
   33.2350006      -1.32244431E-31
   33.3499985      -1.41082209E-31
   33.4650002      -1.43625285E-31
   33.5800018      -1.38423311E-31
   33.6949997      -1.24239056E-31
   33.8100014      -1.00172690E-31
   33.9249992      -6.57891803E-32
   34.0400009      -2.12371466E-32
   34.1549988       3.26523972E-32
   34.2700005       9.42976396E-32
   34.3849983       1.61338069E-31
   34.5000000       2.30660979E-31
   34.6150017       2.98486181E-31
   34.7299995       3.60520379E-31
   34.8450012       4.12176703E-31
   34.9599991       4.48860120E-31
   35.0750008       4.66311227E-31
   35.1899986       4.60985203E-31
   35.3050003       4.30452207E-31
   35.4199982       3.73789595E-31
   35.5349998       2.91926240E-31
   35.6500015       1.87912246E-31
   35.7649994       6.70680418E-32
   35.8800011      -6.30206737E-32
   35.9949989      -1.92696309E-31
   36.1100006      -3.10633292E-31
   36.2249985      -4.04470726E-31
   36.3400002      -4.61669764E-31
   36.4550018      -4.70580293E-31
   36.5699997      -4.21668255E-31
   36.6850014      -3.08857026E-31
   36.7999992      -1.30888910E-31
   36.9150009       1.07390496E-31
   37.0299988       3.93946690E-31
   37.1450005       7.08796809E-31
   37.2599983       1.02371264E-30
   37.3750000       1.30251329E-30
   37.4900017       1.50205928E-30
   37.6049995       1.57403518E-30
   37.7200012       1.46756304E-30
   37.8349991       1.13263949E-30
   37.9500008       5.24326387E-31
   38.0649986      -3.92439283E-31
   38.1800003      -1.63763441E-30
   38.2949982      -3.21081900E-30
   38.4099998      -5.08605222E-30
   38.5250015      -7.20745728E-30
   38.6399994      -9.48589335E-30
   38.7550011      -1.17972169E-29
   38.8699989      -1.39825854E-29
   38.9850006      -1.58512159E-29
   39.0999985      -1.71859501E-29
   39.2150002      -1.77518019E-29
   39.3300018      -1.73075831E-29
   39.4449997      -1.56204278E-29
   39.5600014      -1.24828675E-29
   39.6749992      -7.73185039E-30
   39.7900009      -1.26885785E-30
   39.9049988       6.91997237E-30
   40.0200005       1.67449904E-29
   40.1349983       2.79969066E-29
   40.2500000       4.03349254E-29
   40.3650017       5.32807135E-29
   40.4799995       6.62196405E-29
   40.5950012       7.84105965E-29
   40.7099991       8.90053477E-29
   40.8250008       9.70779493E-29
   40.9399986       1.01664281E-28
   41.0550003       1.01810904E-28
   41.1699982       9.66322891E-29
   41.2849998       8.53739707E-29
   41.4000015       6.74791565E-29
   41.5149994       4.26553580E-29
   41.6300011       1.09368777E-29
   41.7449989      -2.72608553E-29
   41.8600006      -7.11000794E-29
   41.9749985      -1.19296711E-28
   42.0900002      -1.70118138E-28
   42.2050018      -2.21405942E-28
   42.3199997      -2.70626283E-28
   42.4350014      -3.14949466E-28
   42.5499992      -3.51357800E-28
   42.6650009      -3.76780629E-28
   42.7799988      -3.88251949E-28
   42.8950005      -3.83085281E-28
   43.0099983      -3.59058125E-28
   43.1250000      -3.14596708E-28
   43.2400017      -2.48950423E-28
   43.3549995      -1.62344760E-28
   43.4700012      -5.61010272E-29
   43.5849991       6.72884534E-29
   43.7000008       2.04140076E-28
   43.8149986       3.49621068E-28
   43.9300003       4.97860835E-28
   44.0449982       6.42132681E-28
   44.1599998       7.75104951E-28
   44.2750015       8.89156018E-28
   44.3899994       9.76741727E-28
   44.5050011       1.03080094E-27
   44.6199989       1.04518186E-27
   44.7350006       1.01506321E-27
   44.8499985       9.37349622E-28
   44.9650002       8.11011700E-28
   45.0800018       6.37346071E-28
   45.1949997       4.20132277E-28
   45.3100014       1.65663547E-28
   45.4249992      -1.17362475E-28
   45.5400009      -4.18102298E-28
   45.6549988      -7.23975411E-28
   45.7700005      -1.02121328E-27
   45.8849983      -1.29553263E-27
   46.0000000      -1.53290157E-27
   46.1150017      -1.72036273E-27
   46.2299995      -1.84686879E-27
   46.3450012      -1.90407565E-27
   46.4599991      -1.88704157E-27
   46.5750008      -1.79477142E-27
   46.6899986      -1.63056047E-27
   46.8050003      -1.40208538E-27
   46.9199982      -1.12120814E-27
   47.0349998      -8.03476258E-28
   47.1500015      -4.67310482E-28
   47.2649994      -1.32899903E-28
   47.3800011       1.79158514E-28
   47.4949989       4.49417149E-28
   47.6100006       6.61244117E-28
   47.7249985       8.02509441E-28
   47.8400002       8.67164787E-28
   47.9550018       8.56597787E-28
   48.0699997       7.80633862E-28
   48.1850014       6.58060410E-28
   48.2999992       5.16563782E-28
   48.4150009       3.91991720E-28
   48.5299988       3.26885634E-28
   48.6450005       3.68260387E-28
   48.7599983       5.64661523E-28
   48.8750000       9.62571697E-28
   48.9900017       1.60230265E-27
   49.1049995       2.51353464E-27
   49.2200012       3.71076241E-27
   49.3349991       5.18887666E-27
   49.4500008       6.91921995E-27
   49.5649986       8.84640560E-27
   49.6800003       1.08862327E-26
   49.7949982       1.29250052E-26
   49.9099998       1.48204978E-26
   50.0250015       1.64048155E-26
   50.1399994       1.74892589E-26
   50.2550011       1.78712263E-26
   50.3699989       1.73431224E-26
   50.4850006       1.57030713E-26
   50.5999985       1.27671236E-26
   50.7150002       8.38256848E-27
   50.8300018       2.44174907E-27
   50.9449997      -5.10417272E-27
   51.0600014      -1.42322587E-26
   51.1749992      -2.48364058E-26
   51.2900009      -3.67182704E-26
   51.4049988      -4.95812545E-26
   51.5200005      -6.30282853E-26
   51.6349983      -7.65638381E-26
   51.7500000      -8.96008492E-26
   51.8650017      -1.01472534E-25
   51.9799995      -1.11449258E-25
   52.0950012      -1.18760347E-25
   52.2099991      -1.22620354E-25
   52.3250008      -1.22258957E-25
   52.4399986      -1.16953929E-25
   52.5550003      -1.06065874E-25
   52.6699982      -8.90734526E-26
   52.7849998      -6.56079653E-26
   52.9000015      -3.54857060E-26
   53.0149994       1.26329064E-27
   53.1300011       4.43713243E-26
   53.2449989       9.33150714E-26
   53.3600006       1.47304662E-25
   53.4749985       2.05280281E-25
   53.5900002       2.65917098E-25
   53.7050018       3.27637822E-25
   53.8199997       3.88633779E-25
   53.9350014       4.46892760E-25
   54.0499992       5.00233808E-25
   54.1650009       5.46347560E-25
   54.2799988       5.82841202E-25
   54.3950005       6.07286572E-25
   54.5099983       6.17271283E-25
   54.6250000       6.10450841E-25
   54.7400017       5.84602679E-25
   54.8549995       5.37680197E-25
   54.9700012       4.67868768E-25
   55.0849991       3.73642760E-25
   55.2000008       2.53825709E-25
   55.3149986       1.07654221E-25
   55.4300003      -6.51525152E-26
   55.5449982      -2.64316598E-25
   55.6599998      -4.88916711E-25
   55.7750015      -7.37295434E-25
   55.8899994      -1.00695689E-24
   56.0050011      -1.29445744E-24
   56.1199989      -1.59529142E-24
   56.2350006      -1.90377518E-24
   56.3499985      -2.21293785E-24
   56.4650002      -2.51442373E-24
   56.5800018      -2.79841937E-24
   56.6949997      -3.05361430E-24
   56.8100014      -3.26721200E-24
   56.9249992      -3.42500252E-24
   57.0400009      -3.51151532E-24
   57.1549988      -3.51026379E-24
   57.2700005      -3.40409849E-24
   57.3849983      -3.17567889E-24
   57.5000000      -2.80807109E-24
   57.6150017      -2.28547500E-24
   57.7299995      -1.59408190E-24
   57.8450012      -7.23044120E-25
   57.9599991       3.34451558E-25
   58.0750008       1.58004175E-24
   58.1899986       3.00900895E-24
   58.3050003       4.60911508E-24
   58.4199982       6.35950237E-24
   58.5349998       8.22972671E-24
   58.6500015       1.01789902E-23
   58.7649994       1.21556453E-23
   58.8800011       1.40970674E-23
   58.9949989       1.59299400E-23
   59.1100006       1.75710405E-23
   59.2249985       1.89285928E-23
   59.3400002       1.99042181E-23
   59.4550018       2.03955112E-23
   59.5699997       2.02992575E-23
   59.6850014       1.95152497E-23
   59.7999992       1.79506703E-23
   59.9150009       1.55249293E-23
   60.0299988       1.21748509E-23
   60.1450005       7.86004361E-24
   60.2599983       2.56825461E-24
   60.3750000      -3.67950483E-24
   60.4900017      -1.08243084E-23
   60.6049995      -1.87654137E-23
   60.7200012      -2.73573806E-23
   60.8349991      -3.64084804E-23
   60.9500008      -4.56806663E-23
   61.0649986      -5.48913273E-23
   61.1800003      -6.37170337E-23
   61.2949982      -7.17993617E-23
   61.4099998      -7.87529813E-23
   61.5250015      -8.41758636E-23
   61.6399994      -8.76616254E-23
   61.7550011      -8.88137536E-23
   61.8699989      -8.72613763E-23
   61.9850006      -8.26762832E-23
   62.0999985      -7.47905961E-23
   62.2150002      -6.34145529E-23
   62.3300018      -4.84536480E-23
   62.4449997      -2.99244981E-23
   62.5600014      -7.96859087E-24
   62.6749992       1.71368688E-23
   62.7900009       4.49717580E-23
   62.9049988       7.49702670E-23
   63.0200005       1.06423054E-22
   63.1349983       1.38484961E-22
   63.2500000       1.70188700E-22
   63.3650017       2.00464399E-22
   63.4799995       2.28165155E-22
   63.5950012       2.52098413E-22
   63.7099991       2.71062402E-22
   63.8250008       2.83886730E-22
   63.9399986       2.89476611E-22
   64.0550003       2.86858729E-22
   64.1699982       2.75227688E-22
   64.2850037       2.53991502E-22
   64.4000015       2.22813523E-22
   64.5149994       1.81650180E-22
   64.6299973       1.30781412E-22
   64.7450027       7.08327358E-23
   64.8600006       2.78722287E-24
   64.9749985      -7.20143358E-23
   65.0899963      -1.51885878E-22
   65.2050018      -2.34821980E-22
   65.3199997      -3.18537616E-22
   65.4349976      -4.00521317E-22
   65.5500031      -4.78101306E-22
   65.6650009      -5.48523083E-22
   65.7799988      -6.09036263E-22
   65.8949966      -6.56989464E-22
   66.0100021      -6.89928761E-22
   66.1250000      -7.05697750E-22
   66.2399979      -7.02534884E-22
   66.3550034      -6.79164255E-22
   66.4700012      -6.34876115E-22
   66.5849991      -5.69593318E-22
   66.6999969      -4.83919389E-22
   66.8150024      -3.79165527E-22
   66.9300003      -2.57353741E-22
   67.0449982      -1.21193597E-22
   67.1600037       2.59684269E-23
   67.2750015       1.80226722E-22
   67.3899994       3.37221831E-22
   67.5049973       4.92270258E-22
   67.6200027       6.40516331E-22
   67.7350006       7.77101703E-22
   67.8499985       8.97347379E-22
   67.9649963       9.96941662E-22
   68.0800018       1.07212654E-21
   68.1949997       1.11987724E-21
   68.3099976       1.13806279E-21
   68.4250031       1.12558370E-21
   68.5400009       1.08247589E-21
   68.6549988       1.00997481E-21
   68.7699966       9.10534306E-22
   68.8850021       7.87793457E-22
   69.0000000       6.46489006E-22
   69.1149979       4.92312213E-22
   69.2300034       3.31711113E-22
   69.3450012       1.71640103E-22
   69.4599991       1.92646649E-23
   69.5749969      -1.18371785E-22
   69.6900024      -2.34707273E-22
   69.8050003      -3.24034298E-22
   69.9199982      -3.81870575E-22
   70.0350037      -4.05310397E-22
   70.1500015      -3.93339300E-22
   70.2649994      -3.47092942E-22
   70.3799973      -2.70042360E-22
   70.4950027      -1.68087604E-22
   70.6100006      -4.95458196E-23
   70.7249985       7.49807620E-23
   70.8399963       1.92864362E-22
   70.9550018       2.89842289E-22
   71.0699997       3.50541160E-22
   71.1849976       3.59124901E-22
   71.3000031       3.00054188E-22
   71.4150009       1.58940793E-22
   71.5299988      -7.65314985E-23
   71.6449966      -4.15652654E-22
   71.7600021      -8.63732060E-22
   71.8750000      -1.42118889E-21
   71.9899979      -2.08273476E-21
   72.1050034      -2.83669373E-21
   72.2200012      -3.66451149E-21
   72.3349991      -4.54049697E-21
   72.4499969      -5.43184265E-21
   72.5650024      -6.29896259E-21
   72.6800003      -7.09617083E-21
   72.7949982      -7.77273026E-21
   72.9100037      -8.27426424E-21
   73.0250015      -8.54453581E-21
   73.1399994      -8.52756569E-21
   73.2549973      -8.17004433E-21
   73.3700027      -7.42398396E-21
   73.4850006      -6.24954138E-21
   73.5999985      -4.61789854E-21
   73.7149963      -2.51412116E-21
   73.8300018       6.01478167E-23
   73.9449997       3.08427418E-21
   74.0599976       6.51663751E-21
   74.1750031       1.02931940E-20
   74.2900009       1.43267197E-20
   74.4049988       1.85068576E-20
   74.5199966       2.27010914E-20
   74.6350021       2.67566820E-20
   74.7500000       3.05036842E-20
   74.8649979       3.37590050E-20
   74.9800034       3.63315303E-20
   75.0950012       3.80282199E-20
   75.2099991       3.86611003E-20
   75.3249969       3.80549901E-20
   75.4400024       3.60557334E-20
   75.5550003       3.25387359E-20
   75.6699982       2.74174895E-20
   75.7850037       2.06517757E-20
   75.9000015       1.22551929E-20
   76.0149994       2.30165934E-21
   76.1299973      -9.06949500E-21
   76.2450027      -2.16502005E-20
   76.3600006      -3.51624139E-20
   76.4749985      -4.92593002E-20
   76.5899963      -6.35290414E-20
   76.7050018      -7.75014920E-20
   76.8199997      -9.06577414E-20
   76.9349976      -1.02442545E-19
   77.0500031      -1.12279635E-19
   77.1650009      -1.19589534E-19
   77.2799988      -1.23809641E-19
   77.3949966      -1.24416042E-19
   77.5100021      -1.20946549E-19
   77.6250000      -1.13024137E-19
   77.7399979      -1.00380196E-19
   77.8550034      -8.28765439E-20
   77.9700012      -6.05253935E-20
   78.0849991      -3.35063369E-20
   78.1999969      -2.17937736E-21
   78.3150024       3.29069024E-20
   78.4300003       7.10127189E-20
   78.5449982       1.11210918E-19
   78.6600037       1.52397611E-19
   78.7750015       1.93310132E-19
   78.8899994       2.32552446E-19
   79.0049973       2.68627757E-19
   79.1200027       2.99978083E-19
   79.2350006       3.25030411E-19
   79.3499985       3.42247995E-19
   79.4649963       3.50185801E-19
   79.5800018       3.47549137E-19
   79.6949997       3.33252793E-19
   79.8099976       3.06479723E-19
   79.9250031       2.66736615E-19
   80.0400009       2.13904318E-19
   80.1549988       1.48281198E-19
   80.2699966       7.06167320E-20
   80.3850021      -1.78662644E-20
   80.5000000      -1.15462872E-19
   80.6149979      -2.19992355E-19
   80.7300034      -3.28820656E-19
   80.8450012      -4.38900120E-19
   80.9599991      -5.46826511E-19
   81.0749969      -6.48913626E-19
   81.1900024      -7.41283748E-19
   81.3050003      -8.19974060E-19
   81.4199982      -8.81054886E-19
   81.5350037      -9.20759659E-19
   81.6500015      -9.35620992E-19
   81.7649994      -9.22610682E-19
   81.8799973      -8.79278722E-19
   81.9950027      -8.03887413E-19
   82.1100006      -6.95534766E-19
   82.2249985      -5.54263381E-19
   82.3399963      -3.81149368E-19
   82.4550018      -1.78366868E-19
   82.5699997       5.07759358E-20
   82.6849976       3.01833372E-19
   82.8000031       5.69254014E-19
   82.9150009       8.46449992E-19
   83.0299988       1.12590479E-18
   83.1449966       1.39931942E-18
   83.2600021       1.65779661E-18
   83.3750000       1.89205861E-18
   83.4899979       2.09269767E-18
   83.6050034       2.25045074E-18
   83.7200012       2.35649550E-18
   83.8349991       2.40275702E-18
   83.9499969       2.38221937E-18
   84.0650024       2.28923165E-18
   84.1800003       2.11979714E-18
   84.2949982       1.87183921E-18
   84.4100037       1.54543012E-18
   84.5250015       1.14297511E-18
   84.6399994       6.69340490E-19
   84.7549973       1.31919979E-19
   84.8700027      -4.59370617E-19
   84.9850006      -1.09217330E-18
   85.0999985      -1.75184818E-18
   85.2149963      -2.42171373E-18
   85.3300018      -3.08336785E-18
   85.4449997      -3.71708498E-18
   85.5599976      -4.30228507E-18
   85.6750031      -4.81806320E-18
   85.7900009      -5.24377294E-18
   85.9049988      -5.55964551E-18
   86.0199966      -5.74743370E-18
   86.1350021      -5.79106004E-18
   86.2500000      -5.67725280E-18
   86.3649979      -5.39614623E-18
   86.4800034      -4.94183051E-18
   86.5950012      -4.31283038E-18
   86.7099991      -3.51248392E-18
   86.8249969      -2.54921927E-18
   86.9400024      -1.43670054E-18
   87.0550003      -1.93834215E-19
   87.1699982       1.15537248E-18
   87.2850037       2.58211128E-18
   87.4000015       4.05323339E-18
   87.5149994       5.53186216E-18
   87.6299973       6.97816265E-18
   87.7450027       8.35024270E-18
   87.8600006       9.60518157E-18
   87.9749985       1.07001578E-17
   88.0899963       1.15936518E-17
   88.2050018       1.22466943E-17
   88.3199997       1.26241311E-17
   88.4349976       1.26958675E-17
   88.5500031       1.24380411E-17
   88.6650009       1.18341173E-17
   88.7799988       1.08758344E-17
   88.8949966       9.56399294E-18
   89.0100021       7.90902870E-18
   89.1250000       5.93136641E-18
   89.2399979       3.66150754E-18
   89.3550034       1.13984661E-18
   89.4700012      -1.58380189E-18
   89.5849991      -4.45096830E-18
   89.6999969      -7.39557867E-18
   89.8150024      -1.03452857E-17
   89.9300003      -1.32230504E-17
   90.0449982      -1.59489538E-17
   90.1600037      -1.84421936E-17
   90.2750015      -2.06232273E-17
   90.3899994      -2.24159957E-17
   90.5049973      -2.37501950E-17
   90.6200027      -2.45635187E-17
   90.7350006      -2.48037833E-17
   90.8499985      -2.44309250E-17
   90.9649963      -2.34187686E-17
   91.0800018      -2.17564962E-17
   91.1949997      -1.94497906E-17
   91.3099976      -1.65215828E-17
   91.4250031      -1.30123724E-17
   91.5400009      -8.98007208E-18
   91.6549988      -4.49938194E-18
   91.7699966       3.39326419E-19
   91.8850021       5.43162235E-18
   92.0000000       1.06610784E-17
   92.1149979       1.59017730E-17
   92.2300034       2.10211608E-17
   92.3450012       2.58832639E-17
   92.4599991       3.03521353E-17
   92.5749969       3.42954244E-17
   92.6900024       3.75880929E-17
   92.8050003       4.01160131E-17
   92.9199982       4.17795064E-17
   93.0350037       4.24966223E-17
   93.1500015       4.22060636E-17
   93.2649994       4.08697268E-17
   93.3799973       3.84746750E-17
   93.4950027       3.50345632E-17
   93.6100006       3.05903732E-17
   93.7249985       2.52104600E-17
   93.8399963       1.89898649E-17
   93.9550018       1.20488882E-17
   94.0699997       4.53091944E-18
   94.1849976      -3.40041149E-18
   94.3000031      -1.15647418E-17
   94.4150009      -1.97690608E-17
   94.5299988      -2.78122706E-17
   94.6449966      -3.54901180E-17
   94.7600021      -4.26003905E-17
   94.8750000      -4.89482242E-17
   94.9899979      -5.43513845E-17
   95.1050034      -5.86453915E-17
   95.2200012      -6.16883044E-17
   95.3349991      -6.33651120E-17
   95.4499969      -6.35914617E-17
   95.5650024      -6.23167632E-17
   95.6800003      -5.95264050E-17
   95.7949982      -5.52431513E-17
   95.9100037      -4.95275682E-17
   96.0250015      -4.24774483E-17
   96.1399994      -3.42262489E-17
   96.2549973      -2.49405774E-17
   96.3700027      -1.48167321E-17
   96.4850006      -4.07637129E-18
   96.5999985       7.03855262E-18
   96.7149963       1.82715016E-17
   96.8300018       2.93575267E-17
   96.9449997       4.00298341E-17
   97.0599976       5.00264475E-17
   97.1750031       5.90969329E-17
   97.2900009       6.70088492E-17
   97.4049988       7.35539059E-17
   97.5199966       7.85535179E-17
   97.6350021       8.18637094E-17
   97.7500000       8.33791440E-17
   97.8649979       8.30362545E-17
   97.9800034       8.08152481E-17
   98.0950012       7.67411056E-17
   98.2099991       7.08833434E-17
   98.3249969       6.33546829E-17
   98.4400024       5.43085166E-17
   98.5550003       4.39354435E-17
   98.6699982       3.24586996E-17
   98.7850037       2.01288347E-17
   98.9000015       7.21758842E-18
   99.0149994      -5.98868176E-18
   99.1299973      -1.91960661E-17
   99.2450027      -3.21102713E-17
   99.3600006      -4.44438187E-17
   99.4749985      -5.59230475E-17
   99.5899963      -6.62946946E-17
   99.7050018      -7.53319803E-17
   99.8199997      -8.28399281E-17
   99.9349976      -8.86598187E-17
   100.050003      -9.26726638E-17
   100.165001      -9.48016811E-17
   100.279999      -9.50135187E-17
   100.394997      -9.33184470E-17
   100.510002      -8.97693657E-17
   100.625000      -8.44597463E-17
   100.739998      -7.75205215E-17
   100.855003      -6.91160886E-17
   100.970001      -5.94394981E-17
   101.084999      -4.87069918E-17
   101.199997      -3.71521191E-17
   101.315002      -2.50194673E-17
   101.430000      -1.25583826E-17
   101.544998      -1.66945356E-20
   101.660004       1.23653336E-17
   101.775002       2.43605451E-17
   101.889999       3.57598848E-17
   102.004997       4.63767976E-17
   102.120003       5.60505921E-17
   102.235001       6.46491610E-17
   102.349998       7.20705395E-17
   102.464996       7.82436296E-17
   102.580002       8.31279127E-17
   102.695000       8.67122914E-17
   102.809998       8.90130844E-17
   102.925003       9.00712535E-17
   103.040001       8.99489962E-17
   103.154999       8.87259468E-17
   103.269997       8.64948025E-17
   103.385002       8.33570616E-17
   103.500000       7.94184709E-17
   103.614998       7.47846911E-17
   103.730003       6.95574192E-17
   103.845001       6.38305037E-17
   103.959999       5.76870664E-17
   104.074997       5.11969312E-17
   104.190002       4.44148443E-17
   104.305000       3.73795706E-17
   104.419998       3.01135367E-17
   104.535004       2.26236131E-17
   104.650002       1.49023304E-17
   104.764999       6.93012000E-18
   104.879997      -1.32202032E-18
   104.995003      -9.88909725E-18
   105.110001      -1.88083716E-17
   105.224998      -2.81151974E-17
   105.339996      -3.78386260E-17
   105.455002      -4.79971021E-17
   105.570000      -5.85938482E-17
   105.684998      -6.96130454E-17
   105.800003      -8.10158228E-17
   105.915001      -9.27370647E-17
   106.029999      -1.04682969E-16
   106.144997      -1.16728869E-16
   106.260002      -1.28718488E-16
   106.375000      -1.40463646E-16
   106.489998      -1.51745291E-16
   106.605003      -1.62315560E-16
   106.720001      -1.71900665E-16
   106.834999      -1.80205055E-16
   106.949997      -1.86916640E-16
   107.065002      -1.91712408E-16
   107.180000      -1.94265829E-16
   107.294998      -1.94254182E-16
   107.410004      -1.91366964E-16
   107.525002      -1.85314676E-16
   107.639999      -1.75837714E-16
   107.754997      -1.62715532E-16
   107.870003      -1.45775694E-16
   107.985001      -1.24902512E-16
   108.099998      -1.00045205E-16
   108.214996      -7.12252932E-17
   108.330002      -3.85430299E-17
   108.445000      -2.18277227E-18
   108.559998       3.75832291E-17
   108.675003       8.03919367E-17
   108.790001       1.25788932E-16
   108.904999       1.73229209E-16
   109.019997       2.22079704E-16
   109.135002       2.71624037E-16
   109.250000       3.21068818E-16
   109.364998       3.69552375E-16
   109.480003       4.16154937E-16
   109.595001       4.59910885E-16
   109.709999       4.99822813E-16
   109.824997       5.34877430E-16
   109.940002       5.64062427E-16
   110.055000       5.86385769E-16
   110.169998       6.00895072E-16
   110.285004       6.06698413E-16
   110.400002       6.02985814E-16
   110.514999       5.89050640E-16
   110.629997       5.64311455E-16
   110.745003       5.28333095E-16
   110.860001       4.80846522E-16
   110.974998       4.21768145E-16
   111.089996       3.51216044E-16
   111.205002       2.69524984E-16
   111.320000       1.77257579E-16
   111.434998       7.52122442E-17
   111.550003      -3.55727467E-17
   111.665001      -1.53819979E-16
   111.779999      -2.78018342E-16
   111.894997      -4.06433725E-16
   112.010002      -5.37125191E-16
   112.125000      -6.67966741E-16
   112.239998      -7.96675144E-16
   112.355003      -9.20842657E-16
   112.470001      -1.03797546E-15
   112.584999      -1.14553668E-15
   112.699997      -1.24099316E-15
   112.815002      -1.32186649E-15
   112.930000      -1.38578529E-15
   113.044998      -1.43053965E-15
   113.160004      -1.45413545E-15
   113.275002      -1.45484738E-15
   113.389999      -1.43127043E-15
   113.504997      -1.38236603E-15
   113.620003      -1.30750536E-15
   113.735001      -1.20650378E-15
   113.849998      -1.07964969E-15
   113.964996      -9.27724800E-16
   114.080002      -7.52013479E-16
   114.195000      -5.54304290E-16
   114.309998      -3.36879032E-16
   114.425003      -1.02492522E-16
   114.540001       1.45658909E-16
   114.654999       4.03978918E-16
   114.769997       6.68522607E-16
   114.885002       9.35057141E-16
   115.000000       1.19913025E-15
   115.114998       1.45614525E-15
   115.230003       1.70144218E-15
   115.345001       1.93038173E-15
   115.459999       2.13843293E-15
   115.574997       2.32125906E-15
   115.690002       2.47480475E-15
   115.805000       2.59537883E-15
   115.919998       2.67973167E-15
   116.035004       2.72512797E-15
   116.150002       2.72940909E-15
   116.264999       2.69104760E-15
   116.379997       2.60919182E-15
   116.495003       2.48369500E-15
   116.610001       2.31513671E-15
   116.724998       2.10482775E-15
   116.839996       1.85480289E-15
   116.955002       1.56779954E-15
   117.070000       1.24722404E-15
   117.184998       8.97105723E-16
   117.300003       5.22036729E-16
   117.415001       1.27104970E-16
   117.529999      -2.82186168E-16
   117.644997      -7.00002162E-16
   117.760002      -1.12026958E-15
   117.875000      -1.53677166E-15
   117.989998      -1.94324711E-15
   118.105003      -2.33348620E-15
   118.220001      -2.70142863E-15
   118.334999      -3.04125486E-15
   118.449997      -3.34747315E-15
   118.565002      -3.61499898E-15
   118.680000      -3.83922723E-15
   118.794998      -4.01609661E-15
   118.910004      -4.14213977E-15
   119.025002      -4.21452890E-15
   119.139999      -4.23110872E-15
   119.254997      -4.19041980E-15
   119.370003      -4.09171335E-15
   119.485001      -3.93495763E-15
   119.599998      -3.72083701E-15
   119.714996      -3.45074679E-15
   119.830002      -3.12677660E-15
   119.945000      -2.75169770E-15
   120.059998      -2.32893911E-15
   120.175003      -1.86256616E-15
   120.290001      -1.35725224E-15
   120.404999      -8.18250185E-16
   120.519997      -2.51360177E-16
   120.635002       3.37107519E-16
   120.750000       9.40372590E-16
   120.864998       1.55123052E-15
   120.980003       2.16210496E-15
   121.095001       2.76510920E-15
   121.209999       3.35211680E-15
   121.324997       3.91483847E-15
   121.440002       4.44491212E-15
   121.555000       4.93400885E-15
   121.669998       5.37393785E-15
   121.785004       5.75676879E-15
   121.900002       6.07496350E-15
   122.014999       6.32151446E-15
   122.129997       6.49008206E-15
   122.245003       6.57513772E-15
   122.360001       6.57210323E-15
   122.474998       6.47748965E-15
   122.589996       6.28901507E-15
   122.705002       6.00571644E-15
   122.820000       5.62803969E-15
   122.934998       5.15790845E-15
   123.050003       4.59876930E-15
   123.165001       3.95560405E-15
   123.279999       3.23491285E-15
   123.394997       2.44466668E-15
   123.510002       1.59422866E-15
   123.625000       6.94233074E-16
   123.739998      -2.43552148E-16
   123.855003      -1.20640213E-15
   123.970001      -2.18083709E-15
   124.084999      -3.15284171E-15
   124.199997      -4.10810132E-15
   124.315002      -5.03225535E-15
   124.430000      -5.91115071E-15
   124.544998      -6.73110486E-15
   124.660004      -7.47914168E-15
   124.775002      -8.14324092E-15
   124.889999      -8.71255464E-15
   125.004997      -9.17759775E-15
   125.120003      -9.53042001E-15
   125.235001      -9.76473219E-15
   125.349998      -9.87601199E-15
   125.464996      -9.86154975E-15
   125.580002      -9.72047133E-15
   125.695000      -9.45370677E-15
   125.809998      -9.06392762E-15
   125.925003      -8.55544019E-15
   126.040001      -7.93404242E-15
   126.154999      -7.20685278E-15
   126.269997      -6.38210527E-15
   126.385002      -5.46893683E-15
   126.500000      -4.47715527E-15
   126.614998      -3.41700735E-15
   126.730003      -2.29894610E-15
   126.845001      -1.13342230E-15
   126.959999       6.93066511E-17
   127.074997       1.29934060E-15
   127.190002       2.54724576E-15
   127.305000       3.80414016E-15
   127.419998       5.06171007E-15
   127.535004       6.31217550E-15
   127.650002       7.54820621E-15
   127.764999       8.76278793E-15
   127.879997       9.94902030E-15
   127.995003       1.10998916E-14
   128.110001       1.22080199E-14
   128.225006       1.32653627E-14
   128.339996       1.42629371E-14
   128.455002       1.51905347E-14
   128.570007       1.60364835E-14
   128.684998       1.67874392E-14
   128.800003       1.74282602E-14
   128.914993       1.79419468E-14
   129.029999       1.83096895E-14
   129.145004       1.85110326E-14
   129.259995       1.85241447E-14
   129.375000       1.83262287E-14
   129.490005       1.78940504E-14
   129.604996       1.72045910E-14
   129.720001       1.62358208E-14
   129.835007       1.49675533E-14
   129.949997       1.33823811E-14
   130.065002       1.14666662E-14
   130.179993       9.21154090E-15
   130.294998       6.61389964E-15
   130.410004       3.67733382E-15
   130.524994       4.12978722E-16
   130.639999      -3.15976408E-15
   130.755005      -7.01266709E-15
   130.869995      -1.11083196E-14
   130.985001      -1.53999992E-14
   131.100006      -1.98317925E-14
   131.214996      -2.43389869E-14
   131.330002      -2.88487462E-14
   131.445007      -3.32810595E-14
   131.559998      -3.75499836E-14
   131.675003      -4.15651400E-14
   131.789993      -4.52334364E-14
   131.904999      -4.84610283E-14
   132.020004      -5.11554130E-14
   132.134995      -5.32276656E-14
   132.250000      -5.45946955E-14
   132.365005      -5.51815877E-14
   132.479996      -5.49238050E-14
   132.595001      -5.37693228E-14
   132.710007      -5.16805667E-14
   132.824997      -4.86361033E-14
   132.940002      -4.46320362E-14
   133.054993      -3.96830328E-14
   133.169998      -3.38229912E-14
   133.285004      -2.71052356E-14
   133.399994      -1.96022669E-14
   133.514999      -1.14050352E-14
   133.630005      -2.62173638E-15
   133.744995       6.62384889E-15
   133.860001       1.61944805E-14
   133.975006       2.59419798E-14
   134.089996       3.57100891E-14
   134.205002       4.53376587E-14
   134.320007       5.46620414E-14
   134.434998       6.35226057E-14
   134.550003       7.17643311E-14
   134.664993       7.92413146E-14
   134.779999       8.58201653E-14
   134.895004       9.13831185E-14
   135.009995       9.58308817E-14
   135.125000       9.90849248E-14
   135.240005       1.01089377E-13
   135.354996       1.01812256E-13
   135.470001       1.01246140E-13
   135.585007       9.94081052E-14
   135.699997       9.63390202E-14
   135.815002       9.21021072E-14
   135.929993       8.67809513E-14
   136.044998       8.04767901E-14
   136.160004       7.33053280E-14
   136.274994       6.53931594E-14
   136.389999       5.68737359E-14
   136.505005       4.78832706E-14
   136.619995       3.85564519E-14
   136.735001       2.90223066E-14
   136.850006       1.94002309E-14
   136.964996       9.79641122E-15
   137.080002       3.00719460E-16
   137.195007      -9.01576279E-15
   137.309998      -1.81025002E-14
   137.425003      -2.69304605E-14
   137.539993      -3.54922018E-14
   137.654999      -4.38010766E-14
   137.770004      -5.18895534E-14
   137.884995      -5.98066518E-14
   138.000000      -6.76146151E-14
   138.115005      -7.53848955E-14
   138.229996      -8.31934958E-14
   138.345001      -9.11159779E-14
   138.460007      -9.92221035E-14
   138.574997      -1.07570487E-13
   138.690002      -1.16203271E-13
   138.804993      -1.25141190E-13
   138.919998      -1.34378999E-13
   139.035004      -1.43881706E-13
   139.149994      -1.53581602E-13
   139.264999      -1.63376203E-13
   139.380005      -1.73127436E-13
   139.494995      -1.82661774E-13
   139.610001      -1.91771918E-13
   139.725006      -2.00219480E-13
   139.839996      -2.07738910E-13
   139.955002      -2.14042786E-13
   140.070007      -2.18827831E-13
   140.184998      -2.21782242E-13
   140.300003      -2.22593428E-13
   140.414993      -2.20956445E-13
   140.529999      -2.16582869E-13
   140.645004      -2.09209508E-13
   140.759995      -1.98607203E-13
   140.875000      -1.84588971E-13
   140.990005      -1.67017713E-13
   141.104996      -1.45812900E-13
   141.220001      -1.20956115E-13
   141.335007      -9.24952796E-14
   141.449997      -6.05474330E-14
   141.565002      -2.52998780E-14
   141.679993       1.29904192E-14
   141.794998       5.39990924E-14
   141.910004       9.73384513E-14
   142.024994       1.42563140E-13
   142.139999       1.89177396E-13
   142.255005       2.36643604E-13
   142.369995       2.84392166E-13
   142.485001       3.31832164E-13
   142.600006       3.78362570E-13
   142.714996       4.23384065E-13
   142.830002       4.66310530E-13
   142.945007       5.06580400E-13
   143.059998       5.43666837E-13
   143.175003       5.77087748E-13
   143.289993       6.06413574E-13
   143.404999       6.31274059E-13
   143.520004       6.51362970E-13
   143.634995       6.66440807E-13
   143.750000       6.76335398E-13
   143.865005       6.80940926E-13
   143.979996       6.80213860E-13
   144.095001       6.74168024E-13
   144.210007       6.62867059E-13
   144.324997       6.46416026E-13
   144.440002       6.24951425E-13
   144.554993       5.98630683E-13
   144.669998       5.67620820E-13
   144.785004       5.32087829E-13
   144.899994       4.92185936E-13
   145.014999       4.48048255E-13
   145.130005       3.99778599E-13
   145.244995       3.47445163E-13
   145.360001       2.91076489E-13
   145.475006       2.30659621E-13
   145.589996       1.66141203E-13
   145.705002       9.74311574E-14
   145.820007       2.44093499E-14
   145.934998      -5.30652521E-14
   146.050003      -1.35142643E-13
   146.164993      -2.21967572E-13
   146.279999      -3.13663537E-13
   146.395004      -4.10315092E-13
   146.509995      -5.11949153E-13
   146.625000      -6.18516035E-13
   146.740005      -7.29870320E-13
   146.854996      -8.45753263E-13
   146.970001      -9.65775637E-13
   147.085007      -1.08940352E-12
   147.199997      -1.21594629E-12
   147.315002      -1.34454785E-12
   147.429993      -1.47418210E-12
   147.544998      -1.60365156E-12
   147.660004      -1.73159046E-12
   147.774994      -1.85647353E-12
   147.889999      -1.97662806E-12
   148.005005      -2.09024985E-12
   148.119995      -2.19542678E-12
   148.235001      -2.29016177E-12
   148.350006      -2.37240262E-12
   148.464996      -2.44007462E-12
   148.580002      -2.49111322E-12
   148.695007      -2.52350159E-12
   148.809998      -2.53530725E-12
   148.925003      -2.52471893E-12
   149.039993      -2.49008409E-12
   149.154999      -2.42994297E-12
   149.270004      -2.34306194E-12
   149.384995      -2.22846264E-12
   149.500000      -2.08544900E-12
   149.615005      -1.91362703E-12
   149.729996      -1.71292331E-12
   149.845001      -1.48359536E-12
   149.960007      -1.22623819E-12
   150.074997      -9.41783760E-13
   150.190002      -6.31496103E-13
   150.304993      -2.96960671E-13
   150.419998       5.99316264E-14
   150.535004       4.37004897E-13
   150.649994       8.31822729E-13
   150.764999       1.24171561E-12
   150.880005       1.66381145E-12
   150.994995       2.09506696E-12
   151.110001       2.53230032E-12
   151.225006       2.97222338E-12
   151.339996       3.41147271E-12
   151.455002       3.84663829E-12
   151.570007       4.27429099E-12
   151.684998       4.69100410E-12
   151.800003       5.09337321E-12
   151.914993       5.47803122E-12
   152.029999       5.84165702E-12
   152.145004       6.18098368E-12
   152.259995       6.49279588E-12
   152.375000       6.77392994E-12
   152.490005       7.02126595E-12
   152.604996       7.23171740E-12
   152.720001       7.40222033E-12
   152.835007       7.52972077E-12
   152.949997       7.61115736E-12
   153.065002       7.64345358E-12
   153.179993       7.62350079E-12
   153.294998       7.54815307E-12
   153.410004       7.41421854E-12
   153.524994       7.21846107E-12
   153.639999       6.95759943E-12
   153.755005       6.62831985E-12
   153.869995       6.22728908E-12
   153.985001       5.75117384E-12
   154.100006       5.19666732E-12
   154.214996       4.56051950E-12
   154.330002       3.83957493E-12
   154.445007       3.03081085E-12
   154.559998       2.13138274E-12
   154.675003       1.13866761E-12
   154.789993       5.03118292E-14
   154.904999      -1.13572118E-12
   155.020004      -2.42110563E-12
   155.134995      -3.80711261E-12
   155.250000      -5.29456774E-12
   155.365005      -6.88381947E-12
   155.479996      -8.57470865E-12
   155.595001      -1.03665488E-11
   155.710007      -1.22581103E-11
   155.824997      -1.42476144E-11
   155.940002      -1.63327372E-11
   156.054993      -1.85106149E-11
   156.169998      -2.07778690E-11
   156.285004      -2.31306259E-11
   156.399994      -2.55645522E-11
   156.514999      -2.80748931E-11
   156.630005      -3.06565086E-11
   156.744995      -3.33039360E-11
   156.860001      -3.60114161E-11
   156.975006      -3.87729640E-11
   157.089996      -4.15824042E-11
   157.205002      -4.44334118E-11
   157.320007      -4.73195788E-11
   157.434998      -5.02344208E-11
   157.550003      -5.31714221E-11
   157.664993      -5.61240672E-11
   157.779999      -5.90858334E-11
   157.895004      -6.20502053E-11
   158.009995      -6.50106705E-11
   158.125000      -6.79607134E-11
   158.240005      -7.08937700E-11
   158.354996      -7.38032274E-11
   158.470001      -7.66823410E-11
   158.585007      -7.95242275E-11
   158.699997      -8.23217952E-11
   158.815002      -8.50676890E-11
   158.929993      -8.77542414E-11
   159.044998      -9.03733893E-11
   159.160004      -9.29166813E-11
   159.274994      -9.53751592E-11
   159.389999      -9.77393722E-11
   159.505005      -9.99992866E-11
   159.619995      -1.02144328E-10
   159.735001      -1.04163303E-10
   159.850006      -1.06044451E-10
   159.964996      -1.07775414E-10
   160.080002      -1.09343291E-10
   160.195007      -1.10734671E-10
   160.309998      -1.11935676E-10
   160.425003      -1.12932011E-10
   160.539993      -1.13709070E-10
   160.654999      -1.14251962E-10
   160.770004      -1.14545665E-10
   160.884995      -1.14575023E-10
   161.000000      -1.14324911E-10
   161.115005      -1.13780256E-10
   161.229996      -1.12926155E-10
   161.345001      -1.11747958E-10
   161.460007      -1.10231275E-10
   161.574997      -1.08362069E-10
   161.690002      -1.06126663E-10
   161.804993      -1.03511803E-10
   161.919998      -1.00504598E-10
   162.035004      -9.70925285E-11
   162.149994      -9.32634317E-11
   162.264999      -8.90054072E-11
   162.380005      -8.43067977E-11
   162.494995      -7.91560706E-11
   162.610001      -7.35417838E-11
   162.725006      -6.74524533E-11
   162.839996      -6.08764705E-11
   162.955002      -5.38019906E-11
   163.070007      -4.62168394E-11
   163.184998      -3.81084192E-11
   163.300003      -2.94636052E-11
   163.414993      -2.02687069E-11
   163.529999      -1.05093885E-11
   163.645004      -1.70649383E-13
   163.759995       1.07631994E-11
   163.875000       2.23085075E-11
   163.990005       3.44822643E-11
   164.104996       4.73020303E-11
   164.220001       6.07858486E-11
   164.335007       7.49521278E-11
   164.449997       8.98195060E-11
   164.565002       1.05406732E-10
   164.679993       1.21732430E-10
   164.794998       1.38814904E-10
   164.910004       1.56671981E-10
   165.024994       1.75320730E-10
   165.139999       1.94777278E-10
   165.255005       2.15056584E-10
   165.369995       2.36172193E-10
   165.485001       2.58136040E-10
   165.600006       2.80958284E-10
   165.714996       3.04647113E-10
   165.830002       3.29208577E-10
   165.945007       3.54646507E-10
   166.059998       3.80962456E-10
   166.175003       4.08155537E-10
   166.289993       4.36222475E-10
   166.404999       4.65157551E-10
   166.520004       4.94952745E-10
   166.634995       5.25597843E-10
   166.750000       5.57080382E-10
   166.865005       5.89385929E-10
   166.979996       6.22498275E-10
   167.095001       6.56399601E-10
   167.210007       6.91070645E-10
   167.324997       7.26491201E-10
   167.440002       7.62639896E-10
   167.554993       7.99494859E-10
   167.669998       8.37033831E-10
   167.785004       8.75234218E-10
   167.899994       9.14073595E-10
   168.014999       9.53529922E-10
   168.130005       9.93581439E-10
   168.244995       1.03420728E-09
   168.360001       1.07538711E-09
   168.475006       1.11710152E-09
   168.589996       1.15933241E-09
   168.705002       1.20206223E-09
   168.820007       1.24527499E-09
   168.934998       1.28895550E-09
   169.050003       1.33308942E-09
   169.164993       1.37766420E-09
   169.279999       1.42266743E-09
   169.395004       1.46808798E-09
   169.509995       1.51391566E-09
   169.625000       1.56014068E-09
   169.740005       1.60675440E-09
   169.854996       1.65374825E-09
   169.970001       1.70111458E-09
   170.085007       1.74884585E-09
   170.199997       1.79693516E-09
   170.315002       1.84537596E-09
   170.429993       1.89416216E-09
   170.544998       1.94328797E-09
   170.660004       1.99274797E-09
   170.774994       2.04253681E-09
   170.889999       2.09265028E-09
   171.005005       2.14308371E-09
   171.119995       2.19383356E-09
   171.235001       2.24489716E-09
   171.350006       2.29627206E-09
   171.464996       2.34795650E-09
   171.580002       2.39995002E-09
   171.695007       2.45225285E-09
   171.809998       2.50486543E-09
   171.925003       2.55778998E-09
   172.039993       2.61102917E-09
   172.154999       2.66458633E-09
   172.270004       2.71846590E-09
   172.384995       2.77267298E-09
   172.500000       2.82721291E-09
   172.615005       2.88209234E-09
   172.729996       2.93731794E-09
   172.845001       2.99289704E-09
   172.960007       3.04883585E-09
   173.074997       3.10514170E-09
   173.190002       3.16182036E-09
   173.304993       3.21887761E-09
   173.419998       3.27631811E-09
   173.535004       3.33414518E-09
   173.649994       3.39236106E-09
   173.764999       3.45096662E-09
   173.880005       3.50996077E-09
   173.994995       3.56934149E-09
   174.110001       3.62910368E-09
   174.225006       3.68924047E-09
   174.339996       3.74974274E-09
   174.455002       3.81059895E-09
   174.570007       3.87179488E-09
   174.684998       3.93331634E-09
   174.800003       3.99514377E-09
   174.914993       4.05725809E-09
   175.029999       4.11963752E-09
   175.145004       4.18225987E-09
   175.259995       4.24510027E-09
   175.375000       4.30813385E-09
   175.490005       4.37133396E-09
   175.604996       4.43467441E-09
   175.720001       4.49812720E-09
   175.835007       4.56166438E-09
   175.949997       4.62525840E-09
   176.065002       4.68888217E-09
   176.179993       4.75250994E-09
   176.294998       4.81611595E-09
   176.410004       4.87967622E-09
   176.524994       4.94316632E-09
   176.639999       5.00656405E-09
   176.755005       5.06984765E-09
   176.869995       5.13299581E-09
   176.985001       5.19598897E-09
   177.100006       5.25880894E-09
   177.214996       5.32143707E-09
   177.330002       5.38385647E-09
   177.445007       5.44605028E-09
   177.559998       5.50800250E-09
   177.675003       5.56969670E-09
   177.789993       5.63111646E-09
   177.904999       5.69224490E-09
   178.020004       5.75306558E-09
   178.134995       5.81356163E-09
   178.250000       5.87371352E-09
   178.365005       5.93350302E-09
   178.479996       5.99291017E-09
   178.595001       6.05191408E-09
   178.710007       6.11049300E-09
   178.824997       6.16862339E-09
   178.940002       6.22628082E-09
   179.054993       6.28343999E-09
   179.169998       6.34007336E-09
   179.285004       6.39615383E-09
   179.399994       6.45165299E-09
   179.514999       6.50654153E-09
   179.630005       6.56078880E-09
   179.744995       6.61436550E-09
   179.860001       6.66724187E-09
   179.975006       6.71938505E-09
   180.089996       6.77076484E-09
   180.205002       6.82135015E-09
   180.320007       6.87110990E-09
   180.434998       6.92001345E-09
   180.550003       6.96803149E-09
   180.664993       7.01513336E-09
   180.779999       7.06129066E-09
   180.895004       7.10647408E-09
   181.009995       7.15065651E-09
   181.125000       7.19380955E-09
   181.240005       7.23590698E-09
   181.354996       7.27692040E-09
   181.470001       7.31682404E-09
   181.585007       7.35559214E-09
   181.699997       7.39319672E-09
   181.815002       7.42961248E-09
   181.929993       7.46481099E-09
   182.044998       7.49876694E-09
   182.160004       7.53145102E-09
   182.274994       7.56283480E-09
   182.389999       7.59289076E-09
   182.505005       7.62158781E-09
   182.619995       7.64889485E-09
   182.735001       7.67477992E-09
   182.850006       7.69921016E-09
   182.964996       7.72215181E-09
   183.080002       7.74356934E-09
   183.195007       7.76342812E-09
   183.309998       7.78169262E-09
   183.425003       7.79832554E-09
   183.539993       7.81329135E-09
   183.654999       7.82655363E-09
   183.770004       7.83807597E-09
   183.884995       7.84782017E-09
   184.000000       7.85574894E-09
   184.115005       7.86182675E-09
   184.229996       7.86601717E-09
   184.345001       7.86828558E-09
   184.460007       7.86859733E-09
   184.574997       7.86692045E-09
   184.690002       7.86322474E-09
   184.804993       7.85747734E-09
   184.919998       7.84965160E-09
   185.035004       7.83971998E-09
   185.149994       7.82765675E-09
   185.264999       7.81343523E-09
   185.380005       7.79703235E-09
   185.494995       7.77842679E-09
   185.610001       7.75759634E-09
   185.725006       7.73452324E-09
   185.839996       7.70919062E-09
   185.955002       7.68158248E-09
   186.070007       7.65168195E-09
   186.184998       7.61947838E-09
   186.300003       7.58495933E-09
   186.414993       7.54811147E-09
   186.529999       7.50892681E-09
   186.645004       7.46739470E-09
   186.759995       7.42351025E-09
   186.875000       7.37726680E-09
   186.990005       7.32866123E-09
   187.104996       7.27769001E-09
   187.220001       7.22435045E-09
   187.335007       7.16863990E-09
   187.449997       7.11055748E-09
   187.565002       7.05010095E-09
   187.679993       6.98727076E-09
   187.794998       6.92206958E-09
   187.910004       6.85449830E-09
   188.024994       6.78456091E-09
   188.139999       6.71226008E-09
   188.255005       6.63760158E-09
   188.369995       6.56058941E-09
   188.485001       6.48122755E-09
   188.600006       6.39951958E-09
   188.714996       6.31546859E-09
   188.830002       6.22907725E-09
   188.945007       6.14035001E-09
   189.059998       6.04928951E-09
   189.175003       5.95590022E-09
   189.289993       5.86018700E-09
   189.404999       5.76215253E-09
   189.520004       5.66179992E-09
   189.634995       5.55912871E-09
   189.750000       5.45413759E-09
   189.865005       5.34682476E-09
   189.979996       5.23718713E-09
   190.095001       5.12522291E-09
   190.210007       5.01092723E-09
   190.324997       4.89429741E-09
   190.440002       4.77532724E-09
   190.554993       4.65401184E-09
   190.669998       4.53034543E-09
   190.785004       4.40432313E-09
   190.899994       4.27593738E-09
   191.014999       4.14517975E-09
   191.130005       4.01204447E-09
   191.244995       3.87652443E-09
   191.360001       3.73861386E-09
   191.475006       3.59830987E-09
   191.589996       3.45561157E-09
   191.705002       3.31051964E-09
   191.820007       3.16303628E-09
   191.934998       3.01316549E-09
   192.050003       2.86090973E-09
   192.164993       2.70627676E-09
   192.279999       2.54927568E-09
   192.395004       2.38991671E-09
   192.509995       2.22821273E-09
   192.625000       2.06418016E-09
   192.740005       1.89783744E-09
   192.854996       1.72920567E-09
   192.970001       1.55830704E-09
   193.085007       1.38516487E-09
   193.199997       1.20980470E-09
   193.315002       1.03225062E-09
   193.429993       8.52530213E-10
   193.544998       6.70671352E-10
   193.660004       4.86703455E-10
   193.774994       3.00656555E-10
   193.889999       1.12560981E-10
   194.005005      -7.75493281E-11
   194.119995      -2.69641920E-10
   194.235001      -4.63684813E-10
   194.350006      -6.59644894E-10
   194.464996      -8.57490579E-10
   194.580002      -1.05718845E-09
   194.695007      -1.25870570E-09
   194.809998      -1.46200918E-09
   194.925003      -1.66706393E-09
   195.039993      -1.87383598E-09
   195.154999      -2.08228901E-09
   195.270004      -2.29238495E-09
   195.384995      -2.50408738E-09
   195.500000      -2.71735789E-09
   195.615005      -2.93215874E-09
   195.729996      -3.14845172E-09
   195.845001      -3.36619688E-09
   195.960007      -3.58535557E-09
   196.074997      -3.80588494E-09
   196.190002      -4.02774170E-09
   196.304993      -4.25087876E-09
   196.419998      -4.47524728E-09
   196.535004      -4.70079842E-09
   196.649994      -4.92748020E-09
   196.764999      -5.15524068E-09
   196.880005      -5.38402700E-09
   196.994995      -5.61378455E-09
   197.110001      -5.84445825E-09
   197.225006      -6.07599038E-09
   197.339996      -6.30832098E-09
   197.455002      -6.54138743E-09
   197.570007      -6.77512713E-09
   197.684998      -7.00947389E-09
   197.800003      -7.24436156E-09
   197.914993      -7.47972351E-09
   198.029999      -7.71549580E-09
   198.145004      -7.95161004E-09
   198.259995      -8.18800050E-09
   198.375000      -8.42460057E-09
   198.490005      -8.66134275E-09
   198.604996      -8.89815865E-09
   198.720001      -9.13497900E-09
   198.835007      -9.37172828E-09
   198.949997      -9.60833813E-09
   199.065002      -9.84473658E-09
   199.179993      -1.00808508E-08
   199.294998      -1.03166133E-08
   199.410004      -1.05519504E-08
   199.524994      -1.07867946E-08
   199.639999      -1.10210747E-08
   199.755005      -1.12547180E-08
   199.869995      -1.14876526E-08
   199.985001      -1.17198065E-08
   200.100006      -1.19511059E-08
   200.214996      -1.21814798E-08
   200.330002      -1.24108572E-08
   200.445007      -1.26391670E-08
   200.559998      -1.28663453E-08
   200.675003      -1.30923272E-08
   200.789993      -1.33170488E-08
   200.904999      -1.35404505E-08
   201.020004      -1.37624712E-08
   201.134995      -1.39830529E-08
   201.250000      -1.42021426E-08
   201.365005      -1.44196859E-08
   201.479996      -1.46356340E-08
   201.595001      -1.48499382E-08
   201.710007      -1.50625592E-08
   201.824997      -1.52734536E-08
   201.940002      -1.54825841E-08
   202.054993      -1.56899169E-08
   202.169998      -1.58954201E-08
   202.285004      -1.60990581E-08
   202.399994      -1.63008025E-08
   202.514999      -1.65006178E-08
   202.630005      -1.66984773E-08
   202.744995      -1.68943490E-08
   202.860001      -1.70882029E-08
   202.975006      -1.72800103E-08
   203.089996      -1.74697377E-08
   203.205002      -1.76573565E-08
   203.320007      -1.78428312E-08
   203.434998      -1.80261246E-08
   203.550003      -1.82071975E-08
   203.664993      -1.83860056E-08
   203.779999      -1.85625009E-08
   203.895004      -1.87366354E-08
   204.009995      -1.89083558E-08
   204.125000      -1.90776035E-08
   204.240005      -1.92443199E-08
   204.354996      -1.94084429E-08
   204.470001      -1.95699030E-08
   204.585007      -1.97286329E-08
   204.699997      -1.98845580E-08
   204.815002      -2.00376036E-08
   204.929993      -2.01876897E-08
   205.044998      -2.03347330E-08
   205.160004      -2.04786552E-08
   205.274994      -2.06193693E-08
   205.389999      -2.07567972E-08
   205.505005      -2.08908535E-08
   205.619995      -2.10214619E-08
   205.735001      -2.11485425E-08
   205.850006      -2.12720188E-08
   205.964996      -2.13918163E-08
   206.080002      -2.15078604E-08
   206.195007      -2.16200799E-08
   206.309998      -2.17284111E-08
   206.425003      -2.18327862E-08
   206.539993      -2.19331486E-08
   206.654999      -2.20294449E-08
   206.770004      -2.21216201E-08
   206.884995      -2.22096332E-08
   207.000000      -2.22934329E-08
   207.115005      -2.23729799E-08
   207.229996      -2.24482335E-08
   207.345001      -2.25191545E-08
   207.460007      -2.25857040E-08
   207.574997      -2.26478463E-08
   207.690002      -2.27055494E-08
   207.804993      -2.27587851E-08
   207.919998      -2.28075212E-08
   208.035004      -2.28517258E-08
   208.149994      -2.28913652E-08
   208.264999      -2.29264057E-08
   208.380005      -2.29568204E-08
   208.494995      -2.29825687E-08
   208.610001      -2.30036239E-08
   208.725006      -2.30199522E-08
   208.839996      -2.30315251E-08
   208.955002      -2.30383073E-08
   209.070007      -2.30402701E-08
   209.184998      -2.30373818E-08
   209.300003      -2.30296084E-08
   209.414993      -2.30169199E-08
   209.529999      -2.29992914E-08
   209.645004      -2.29766943E-08
   209.759995      -2.29491075E-08
   209.875000      -2.29165060E-08
   209.990005      -2.28788668E-08
   210.104996      -2.28361667E-08
   210.220001      -2.27883934E-08
   210.335007      -2.27355308E-08
   210.449997      -2.26775700E-08
   210.565002      -2.26145040E-08
   210.679993      -2.25463292E-08
   210.794998      -2.24730403E-08
   210.910004      -2.23946390E-08
   211.024994      -2.23111165E-08
   211.139999      -2.22224781E-08
   211.255005      -2.21287273E-08
   211.369995      -2.20298624E-08
   211.485001      -2.19258958E-08
   211.600006      -2.18168328E-08
   211.714996      -2.17026788E-08
   211.830002      -2.15834444E-08
   211.945007      -2.14591331E-08
   212.059998      -2.13297486E-08
   212.175003      -2.11952909E-08
   212.289993      -2.10557580E-08
   212.404999      -2.09111501E-08
   212.520004      -2.07614619E-08
   212.634995      -2.06066932E-08
   212.750000      -2.04468353E-08
   212.865005      -2.02818846E-08
   212.979996      -2.01118340E-08
   213.095001      -1.99366728E-08
   213.210007      -1.97563921E-08
   213.324997      -1.95709813E-08
   213.440002      -1.93804315E-08
   213.554993      -1.91847267E-08
   213.669998      -1.89838580E-08
   213.785004      -1.87778220E-08
   213.899994      -1.85666131E-08
   214.014999      -1.83502280E-08
   214.130005      -1.81286737E-08
   214.244995      -1.79019537E-08
   214.360001      -1.76700894E-08
   214.475006      -1.74330932E-08
   214.589996      -1.71909882E-08
   214.705002      -1.69438010E-08
   214.820007      -1.66915584E-08
   214.934998      -1.64342993E-08
   215.050003      -1.61720664E-08
   215.164993      -1.59049058E-08
   215.279999      -1.56328710E-08
   215.395004      -1.53560240E-08
   215.509995      -1.50744324E-08
   215.625000      -1.47881618E-08
   215.740005      -1.44972816E-08
   215.854996      -1.42018610E-08
   215.970001      -1.39019773E-08
   216.085007      -1.35977007E-08
   216.199997      -1.32891103E-08
   216.315002      -1.29762832E-08
   216.429993      -1.26592994E-08
   216.544998      -1.23382398E-08
   216.660004      -1.20131869E-08
   216.774994      -1.16842198E-08
   216.889999      -1.13514167E-08
   217.005005      -1.10148513E-08
   217.119995      -1.06745972E-08
   217.235001      -1.03307221E-08
   217.350006      -9.98329508E-09
   217.464996      -9.63238467E-09
   217.580002      -9.27805566E-09
   217.695007      -8.92037644E-09
   217.809998      -8.55941451E-09
   217.925003      -8.19523649E-09
   218.039993      -7.82790810E-09
   218.154999      -7.45749151E-09
   218.270004      -7.08404801E-09
   218.384995      -6.70763667E-09
   218.500000      -6.32831876E-09
   218.615005      -5.94615823E-09
   218.729996      -5.56121593E-09
   218.845001      -5.17355980E-09
   218.960007      -4.78325735E-09
   219.074997      -4.39037962E-09
   219.190002      -3.99499323E-09
   219.304993      -3.59717123E-09
   219.419998      -3.19698179E-09
   219.535004      -2.79449353E-09
   219.649994      -2.38977438E-09
   219.764999      -1.98289363E-09
   219.880005      -1.57392011E-09
   219.994995      -1.16292342E-09
   220.110001      -7.49974360E-10
   220.225006      -3.35142469E-10
   220.339996       8.15044837E-11
   220.455002       4.99900510E-10
   220.570007       9.19983367E-10
   220.684998       1.34169409E-09
   220.800003       1.76497350E-09
   220.914993       2.18977059E-09
   221.029999       2.61603206E-09
   221.145004       3.04370751E-09
   221.259995       3.47274765E-09
   221.375000       3.90310495E-09
   221.490005       4.33473391E-09
   221.604996       4.76758943E-09
   221.720001       5.20162802E-09
   221.835007       5.63680880E-09
   221.949997       6.07308959E-09
   222.065002       6.51042820E-09
   222.179993       6.94877933E-09
   222.294998       7.38809547E-09
   222.410004       7.82832288E-09
   222.524994       8.26940472E-09
   222.639999       8.71127703E-09
   222.755005       9.15387055E-09
   222.869995       9.59710977E-09
   222.985001       1.00409139E-08
   223.100006       1.04851932E-08
   223.214996       1.09298490E-08
   223.330002       1.13747776E-08
   223.445007       1.18198642E-08
   223.559998       1.22649846E-08
   223.675003       1.27100073E-08
   223.789993       1.31547893E-08
   223.904999       1.35991822E-08
   224.020004       1.40430290E-08
   224.134995       1.44861669E-08
   224.250000       1.49284283E-08
   224.365005       1.53696416E-08
   224.479996       1.58096292E-08
   224.595001       1.62482134E-08
   224.710007       1.66852150E-08
   224.824997       1.71204508E-08
   224.940002       1.75537380E-08
   225.054993       1.79848954E-08
   225.169998       1.84137470E-08
   225.285004       1.88401206E-08
   225.399994       1.92638474E-08
   225.514999       1.96847658E-08
   225.630005       2.01027213E-08
   225.744995       2.05175628E-08
   225.860001       2.09291482E-08
   225.975006       2.13373426E-08
   226.089996       2.17420180E-08
   226.205002       2.21430554E-08
   226.320007       2.25403429E-08
   226.434998       2.29337811E-08
   226.550003       2.33232775E-08
   226.664993       2.37087487E-08
   226.779999       2.40901148E-08
   226.895004       2.44673064E-08
   227.009995       2.48402614E-08
   227.125000       2.52089176E-08
   227.240005       2.55732253E-08
   227.354996       2.59331330E-08
   227.470001       2.62885962E-08
   227.585007       2.66395723E-08
   227.699997       2.69860241E-08
   227.815002       2.73279124E-08
   227.929993       2.76651999E-08
   228.044998       2.79978405E-08
   228.160004       2.83257950E-08
   228.274994       2.86490121E-08
   228.389999       2.89674418E-08
   228.505005       2.92810256E-08
   228.619995       2.95897085E-08
   228.735001       2.98934282E-08
   228.850006       3.01921155E-08
   228.964996       3.04857011E-08
   229.080002       3.07741033E-08
   229.195007       3.10572368E-08
   229.309998       3.13350128E-08
   229.425003       3.16073319E-08
   229.539993       3.18740980E-08
   229.654999       3.21352083E-08
   229.770004       3.23905596E-08
   229.884995       3.26400489E-08
   230.000000       3.28835696E-08
   230.115005       3.31210188E-08
   230.229996       3.33522934E-08
   230.345001       3.35772832E-08
   230.460007       3.37958852E-08
   230.574997       3.40079893E-08
   230.690002       3.42135067E-08
   230.804993       3.44123272E-08
   230.919998       3.46043691E-08
   231.035004       3.47895330E-08
   231.149994       3.49677372E-08
   231.264999       3.51389033E-08
   231.380005       3.53029534E-08
   231.494995       3.54598093E-08
   231.610001       3.56093999E-08
   231.725006       3.57516576E-08
   231.839996       3.58865151E-08
   231.955002       3.60139154E-08
   232.070007       3.61338088E-08
   232.184998       3.62461456E-08
   232.300003       3.63508867E-08
   232.414993       3.64479895E-08
   232.529999       3.65374255E-08
   232.645004       3.66191664E-08
   232.759995       3.66931800E-08
   232.875000       3.67594453E-08
   232.990005       3.68179407E-08
   233.104996       3.68686592E-08
   233.220001       3.69115867E-08
   233.335007       3.69467195E-08
   233.449997       3.69740540E-08
   233.565002       3.69935904E-08
   233.679993       3.70053286E-08
   233.794998       3.70092721E-08
   233.910004       3.70054245E-08
   234.024994       3.69937823E-08
   234.139999       3.69743489E-08
   234.255005       3.69471316E-08
   234.369995       3.69121267E-08
   234.485001       3.68693485E-08
   234.600006       3.68188076E-08
   234.714996       3.67605004E-08
   234.830002       3.66944484E-08
   234.945007       3.66206478E-08
   235.059998       3.65391166E-08
   235.175003       3.64498582E-08
   235.289993       3.63528763E-08
   235.404999       3.62481920E-08
   235.520004       3.61358019E-08
   235.634995       3.60157308E-08
   235.750000       3.58879824E-08
   235.865005       3.57525813E-08
   235.979996       3.56095349E-08
   236.095001       3.54588607E-08
   236.210007       3.53005731E-08
   236.324997       3.51346721E-08
   236.440002       3.49611717E-08
   236.554993       3.47800722E-08
   236.669998       3.45913840E-08
   236.785004       3.43951037E-08
   236.899994       3.41912347E-08
   237.014999       3.39797879E-08
   237.130005       3.37607560E-08
   237.244995       3.35341461E-08
   237.360001       3.32999512E-08
   237.475006       3.30581642E-08
   237.589996       3.28087886E-08
   237.705002       3.25518137E-08
   237.820007       3.22872467E-08
   237.934998       3.20150946E-08
   238.050003       3.17353610E-08
   238.164993       3.14480637E-08
   238.279999       3.11532240E-08
   238.395004       3.08508632E-08
   238.509995       3.05410026E-08
   238.625000       3.02236778E-08
   238.740005       2.98989100E-08
   238.854996       2.95667384E-08
   238.970001       2.92272020E-08
   239.085007       2.88803488E-08
   239.199997       2.85262267E-08
   239.315002       2.81648820E-08
   239.429993       2.77963679E-08
   239.544998       2.74207448E-08
   239.660004       2.70380554E-08
   239.774994       2.66483600E-08
   239.889999       2.62517084E-08
   240.005005       2.58481609E-08
   240.119995       2.54377657E-08
   240.235001       2.50205847E-08
   240.350006       2.45966767E-08
   240.464996       2.41661091E-08
   240.580002       2.37289512E-08
   240.695007       2.32852688E-08
   240.809998       2.28351364E-08
   240.925003       2.23786198E-08
   241.039993       2.19157830E-08
   241.154999       2.14466986E-08
   241.270004       2.09714326E-08
   241.384995       2.04900612E-08
   241.500000       2.00026573E-08
   241.615005       1.95092991E-08
   241.729996       1.90100646E-08
   241.845001       1.85050411E-08
   241.960007       1.79943118E-08
   242.074997       1.74779640E-08
   242.190002       1.69560757E-08
   242.304993       1.64287339E-08
   242.419998       1.58960187E-08
   242.535004       1.53580224E-08
   242.649994       1.48148356E-08
   242.764999       1.42665622E-08
   242.880005       1.37133114E-08
   242.994995       1.31552023E-08
   243.110001       1.25923600E-08
   243.225006       1.20249153E-08
   243.339996       1.14530048E-08
   243.455002       1.08767679E-08
   243.570007       1.02963469E-08
   243.684998       9.71188996E-09
   243.800003       9.12355702E-09
   243.914993       8.53150617E-09
   244.029999       7.93591592E-09
   244.145004       7.33696082E-09
   244.259995       6.73482736E-09
   244.375000       6.12969764E-09
   244.490005       5.52175772E-09
   244.604996       4.91118479E-09
   244.720001       4.29814895E-09
   244.835007       3.68281783E-09
   244.949997       3.06535086E-09
   245.065002       2.44591258E-09
   245.179993       1.82466120E-09
   245.294998       1.20175614E-09
   245.410004       5.77353831E-10
   245.524994      -4.83914402E-11
   245.639999      -6.75328349E-10
   245.755005      -1.30331357E-09
   245.869995      -1.93220884E-09
   245.985001      -2.56188737E-09
   246.100006      -3.19221916E-09
   246.214996      -3.82307874E-09
   246.330002      -4.45434178E-09
   246.445007      -5.08587883E-09
   246.559998      -5.71755887E-09
   246.675003      -6.34924646E-09
   246.789993      -6.98080704E-09
   246.904999      -7.61210917E-09
   247.020004      -8.24302226E-09
   247.134995      -8.87342111E-09
   247.250000      -9.50318135E-09
   247.365005      -1.01321778E-08
   247.479996      -1.07602860E-08
   247.595001      -1.13873737E-08
   247.710007      -1.20133068E-08
   247.824997      -1.26379422E-08
   247.940002      -1.32611326E-08
   248.054993      -1.38827287E-08
   248.169998      -1.45025751E-08
   248.285004      -1.51205146E-08
   248.399994      -1.57363882E-08
   248.514999      -1.63500342E-08
   248.630005      -1.69612857E-08
   248.744995      -1.75699650E-08
   248.860001      -1.81758892E-08
   248.975006      -1.87788647E-08
   249.089996      -1.93786942E-08
   249.205002      -1.99751771E-08
   249.320007      -2.05681090E-08
   249.434998      -2.11572893E-08
   249.550003      -2.17425242E-08
   249.664993      -2.23236167E-08
   249.779999      -2.29003803E-08
   249.895004      -2.34726301E-08
   250.009995      -2.40401885E-08
   250.125000      -2.46028815E-08
   250.240005      -2.51605421E-08
   250.354996      -2.57130104E-08
   250.470001      -2.62601372E-08
   250.585007      -2.68017839E-08
   250.699997      -2.73378227E-08
   250.815002      -2.78681416E-08
   250.929993      -2.83926411E-08
   251.044998      -2.89112254E-08
   251.160004      -2.94238109E-08
   251.274994      -2.99303160E-08
   251.389999      -3.04306660E-08
   251.505005      -3.09247916E-08
   251.619995      -3.14126218E-08
   251.735001      -3.18940998E-08
   251.850006      -3.23691758E-08
   251.964996      -3.28378071E-08
   252.080002      -3.32999583E-08
   252.195007      -3.37555939E-08
   252.309998      -3.42046889E-08
   252.425003      -3.46472149E-08
   252.539993      -3.50831506E-08
   252.654999      -3.55124641E-08
   252.770004      -3.59351304E-08
   252.884995      -3.63511283E-08
   253.000000      -3.67604329E-08
   253.115005      -3.71630264E-08
   253.229996      -3.75588911E-08
   253.345001      -3.79480021E-08
   253.460007      -3.83303380E-08
   253.574997      -3.87058670E-08
   253.690002      -3.90745534E-08
   253.804993      -3.94363404E-08
   253.919998      -3.97911712E-08
   254.035004      -4.01389713E-08
   254.149994      -4.04796658E-08
   254.264999      -4.08131839E-08
   254.380005      -4.11394296E-08
   254.494995      -4.14583177E-08
   254.610001      -4.17697485E-08
   254.725006      -4.20736299E-08
   254.839996      -4.23698516E-08
   254.955002      -4.26582929E-08
   255.070007      -4.29388400E-08
   255.184998      -4.32113652E-08
   255.300003      -4.34757403E-08
   255.414993      -4.37318519E-08
   255.529999      -4.39795791E-08
   255.645004      -4.42188117E-08
   255.759995      -4.44494574E-08
   255.875000      -4.46714061E-08
   255.990005      -4.48845654E-08
   256.105011      -4.50888287E-08
   256.220001      -4.52841000E-08
   256.334991      -4.54702693E-08
   256.450012      -4.56472371E-08
   256.565002      -4.58149003E-08
   256.679993      -4.59731559E-08
   256.795013      -4.61219152E-08
   256.910004      -4.62610856E-08
   257.024994      -4.63905785E-08
   257.140015      -4.65103085E-08
   257.255005      -4.66201833E-08
   257.369995      -4.67201069E-08
   257.484985      -4.68099799E-08
   257.600006      -4.68897134E-08
   257.714996      -4.69592045E-08
   257.829987      -4.70183679E-08
   257.945007      -4.70671218E-08
   258.059998      -4.71053916E-08
   258.174988      -4.71331170E-08
   258.290009      -4.71502410E-08
   258.404999      -4.71567105E-08
   258.519989      -4.71524650E-08
   258.635010      -4.71374619E-08
   258.750000      -4.71116373E-08
   258.864990      -4.70749519E-08
   258.980011      -4.70273527E-08
   259.095001      -4.69688075E-08
   259.209991      -4.68992809E-08
   259.325012      -4.68187373E-08
   259.440002      -4.67271697E-08
   259.554993      -4.66245567E-08
   259.670013      -4.65108734E-08
   259.785004      -4.63861092E-08
   259.899994      -4.62502499E-08
   260.015015      -4.61032812E-08
   260.130005      -4.59451854E-08
   260.244995      -4.57759626E-08
   260.359985      -4.55956197E-08
   260.475006      -4.54041746E-08
   260.589996      -4.52016629E-08
   260.704987      -4.49881234E-08
   260.820007      -4.47635919E-08
   260.934998      -4.45281358E-08
   261.049988      -4.42817978E-08
   261.165009      -4.40246417E-08
   261.279999      -4.37567280E-08
   261.394989      -4.34781278E-08
   261.510010      -4.31889191E-08
   261.625000      -4.28891873E-08
   261.739990      -4.25790176E-08
   261.855011      -4.22585202E-08
   261.970001      -4.19277875E-08
   262.084991      -4.15869117E-08
   262.200012      -4.12359853E-08
   262.315002      -4.08751006E-08
   262.429993      -4.05043501E-08
   262.545013      -4.01238083E-08
   262.660004      -3.97335675E-08
   262.774994      -3.93337203E-08
   262.890015      -3.89243660E-08
   263.005005      -3.85056005E-08
   263.119995      -3.80775447E-08
   263.234985      -3.76403086E-08
   263.350006      -3.71940168E-08
   263.464996      -3.67387898E-08
   263.579987      -3.62747450E-08
   263.695007      -3.58020138E-08
   263.809998      -3.53207277E-08
   263.924988      -3.48310323E-08
   264.040009      -3.43330733E-08
   264.154999      -3.38270141E-08
   264.269989      -3.33130146E-08
   264.385010      -3.27912559E-08
   264.500000      -3.22619087E-08
   264.614990      -3.17251505E-08
   264.730011      -3.11811483E-08
   264.845001      -3.06300691E-08
   264.959991      -3.00720622E-08
   265.075012      -2.95072997E-08
   265.190002      -2.89359470E-08
   265.304993      -2.83581763E-08
   265.420013      -2.77741670E-08
   265.535004      -2.71840985E-08
   265.649994      -2.65881503E-08
   265.765015      -2.59864947E-08
   265.880005      -2.53793146E-08
   265.994995      -2.47667717E-08
   266.109985      -2.41490419E-08
   266.225006      -2.35262920E-08
   266.339996      -2.28986892E-08
   266.454987      -2.22664056E-08
   266.570007      -2.16296208E-08
   266.684998      -2.09885105E-08
   266.799988      -2.03432524E-08
   266.915009      -1.96940206E-08
   267.029999      -1.90409821E-08
   267.144989      -1.83842914E-08
   267.260010      -1.77240995E-08
   267.375000      -1.70605414E-08
   267.489990      -1.63937521E-08
   267.605011      -1.57238684E-08
   267.720001      -1.50510147E-08
   267.834991      -1.43753267E-08
   267.950012      -1.36969325E-08
   268.065002      -1.30159634E-08
   268.179993      -1.23325421E-08
   268.295013      -1.16467938E-08
   268.410004      -1.09588330E-08
   268.524994      -1.02687761E-08
   268.640015      -9.57674118E-09
   268.755005      -8.88284557E-09
   268.869995      -8.18721624E-09
   268.984985      -7.48998819E-09
   269.100006      -6.79129997E-09
   269.214996      -6.09130435E-09
   269.329987      -5.39014833E-09
   269.445007      -4.68798333E-09
   269.559998      -3.98495636E-09
   269.674988      -3.28121730E-09
   269.790009      -2.57691068E-09
   269.904999      -1.87217086E-09
   270.019989      -1.16714338E-09
   270.135010      -4.61972488E-10
   270.250000       2.43201875E-10
   270.364990       9.48225165E-10
   270.480011       1.65295300E-09
   270.595001       2.35723108E-09
   270.709991       3.06091685E-09
   270.825012       3.76386833E-09
   270.940002       4.46594850E-09
   271.054993       5.16701526E-09
   271.170013       5.86692606E-09
   271.285004       6.56552945E-09
   271.399994       7.26266691E-09
   271.515015       7.95816746E-09
   271.630005       8.65184724E-09
   271.744995       9.34351885E-09
   271.859985       1.00329842E-08
   271.975006       1.07200435E-08
   272.089996       1.14044987E-08
   272.204987       1.20861481E-08
   272.320007       1.27647901E-08
   272.434998       1.34402125E-08
   272.549988       1.41121985E-08
   272.665009       1.47805217E-08
   272.779999       1.54449449E-08
   272.894989       1.61052274E-08
   273.010010       1.67611311E-08
   273.125000       1.74124146E-08
   273.239990       1.80588486E-08
   273.355011       1.87002041E-08
   273.470001       1.93362588E-08
   273.584991       1.99667856E-08
   273.700012       2.05915587E-08
   273.815002       2.12103490E-08
   273.929993       2.18229186E-08
   274.045013       2.24290311E-08
   274.160004       2.30284538E-08
   274.274994       2.36209612E-08
   274.390015       2.42063365E-08
   274.505005       2.47843754E-08
   274.619995       2.53548880E-08
   274.734985       2.59176964E-08
   274.850006       2.64726268E-08
   274.964996       2.70195191E-08
   275.079987       2.75582153E-08
   275.195007       2.80885715E-08
   275.309998       2.86104527E-08
   275.424988       2.91237434E-08
   275.540009       2.96283513E-08
   275.654999       3.01241982E-08
   275.769989       3.06112327E-08
   275.885010       3.10894173E-08
   276.000000       3.15587343E-08
   276.114990       3.20191589E-08
   276.230011       3.24706804E-08
   276.345001       3.29132845E-08
   276.459991       3.33469607E-08
   276.575012       3.37716912E-08
   276.690002       3.41874760E-08
   276.804993       3.45943114E-08
   276.920013       3.49921905E-08
   277.035004       3.53811238E-08
   277.149994       3.57610936E-08
   277.265015       3.61320929E-08
   277.380005       3.64940931E-08
   277.494995       3.68470552E-08
   277.609985       3.71909259E-08
   277.725006       3.75256448E-08
   277.839996       3.78511444E-08
   277.954987       3.81673573E-08
   278.070007       3.84742123E-08
   278.184998       3.87716383E-08
   278.299988       3.90595609E-08
   278.415009       3.93378947E-08
   278.529999       3.96065616E-08
   278.644989       3.98654585E-08
   278.760010       4.01144860E-08
   278.875000       4.03535232E-08
   278.989990       4.05824530E-08
   279.105011       4.08011509E-08
   279.220001       4.10095033E-08
   279.334991       4.12073931E-08
   279.450012       4.13947099E-08
   279.565002       4.15713401E-08
   279.679993       4.17371666E-08
   279.795013       4.18920791E-08
   279.910004       4.20359427E-08
   280.024994       4.21686330E-08
   280.140015       4.22900293E-08
   280.255005       4.24000071E-08
   280.369995       4.24984634E-08
   280.484985       4.25853095E-08
   280.600006       4.26604565E-08
   280.714996       4.27238440E-08
   280.829987       4.27754117E-08
   280.945007       4.28151168E-08
   281.059998       4.28429132E-08
   281.174988       4.28587619E-08
   281.290009       4.28626308E-08
   281.404999       4.28545057E-08
   281.519989       4.28343725E-08
   281.635010       4.28022346E-08
   281.750000       4.27581135E-08
   281.864990       4.27020375E-08
   281.980011       4.26340421E-08
   282.095001       4.25541629E-08
   282.209991       4.24624389E-08
   282.325012       4.23588986E-08
   282.440002       4.22435740E-08
   282.554993       4.21165005E-08
   282.670013       4.19777137E-08
   282.785004       4.18272670E-08
   282.899994       4.16652171E-08
   283.015015       4.14916386E-08
   283.130005       4.13066132E-08
   283.244995       4.11102370E-08
   283.359985       4.09026093E-08
   283.475006       4.06838332E-08
   283.589996       4.04540188E-08
   283.704987       4.02132834E-08
   283.820007       3.99617548E-08
   283.934998       3.96995716E-08
   284.049988       3.94268937E-08
   284.165009       3.91438810E-08
   284.279999       3.88507111E-08
   284.394989       3.85475722E-08
   284.510010       3.82346421E-08
   284.625000       3.79120948E-08
   284.739990       3.75801079E-08
   284.855011       3.72388342E-08
   284.970001       3.68884265E-08
   285.084991       3.65290305E-08
   285.200012       3.61607846E-08
   285.315002       3.57838310E-08
   285.429993       3.53982941E-08
   285.545013       3.50042946E-08
   285.660004       3.46019497E-08
   285.774994       3.41913662E-08
   285.890015       3.37726220E-08
   286.005005       3.33457919E-08
   286.119995       3.29109398E-08
   286.234985       3.24681153E-08
   286.350006       3.20173648E-08
   286.464996       3.15587272E-08
   286.579987       3.10922559E-08
   286.695007       3.06179828E-08
   286.809998       3.01359435E-08
   286.924988       2.96461717E-08
   287.040009       2.91486923E-08
   287.154999       2.86435196E-08
   287.269989       2.81306534E-08
   287.385010       2.76100991E-08
   287.500000       2.70818479E-08
   287.614990       2.65459015E-08
   287.730011       2.60022581E-08
   287.845001       2.54509320E-08
   287.959991       2.48919321E-08
   288.075012       2.43252813E-08
   288.190002       2.37510136E-08
   288.304993       2.31691590E-08
   288.420013       2.25797550E-08
   288.535004       2.19828475E-08
   288.649994       2.13784990E-08
   288.765015       2.07667927E-08
   288.880005       2.01478301E-08
   288.994995       1.95217336E-08
   289.109985       1.88886631E-08
   289.225006       1.82487909E-08
   289.339996       1.76023143E-08
   289.454987       1.69494356E-08
   289.570007       1.62903717E-08
   289.684998       1.56253428E-08
   289.799988       1.49545816E-08
   289.915009       1.42783314E-08
   290.029999       1.35968428E-08
   290.144989       1.29103732E-08
   290.260010       1.22192017E-08
   290.375000       1.15235990E-08
   290.489990       1.08238485E-08
   290.605011       1.01202247E-08
   290.720001       9.41300016E-09
   290.834991       8.70243433E-09
   290.950012       7.98879185E-09
   291.065002       7.27232896E-09
   291.179993       6.55330368E-09
   291.295013       5.83198645E-09
   291.410004       5.10864240E-09
   291.524994       4.38354819E-09
   291.640015       3.65698405E-09
   291.755005       2.92923397E-09
   291.869995       2.20057172E-09
   291.984985       1.47126755E-09
   292.100006       7.41584960E-10
   292.214996       1.17714016E-11
   292.329987      -7.17921833E-10
   292.445007      -1.44726031E-09
   292.559998      -2.17600737E-09
   292.674988      -2.90393531E-09
   292.790009      -3.63082053E-09
   292.904999      -4.35646719E-09
   293.019989      -5.08069498E-09
   293.135010      -5.80334936E-09
   293.250000      -6.52429666E-09
   293.364990      -7.24343163E-09
   293.480011      -7.96066235E-09
   293.595001      -8.67592131E-09
   293.709991      -9.38914546E-09
   293.825012      -1.01002779E-08
   293.940002      -1.08092797E-08
   294.054993      -1.15161214E-08
   294.170013      -1.22207773E-08
   294.285004      -1.29232323E-08
   294.399994      -1.36234863E-08
   294.515015      -1.43215537E-08
   294.630005      -1.50174539E-08
   294.744995      -1.57111977E-08
   294.859985      -1.64028116E-08
   294.975006      -1.70922938E-08
   295.089996      -1.77796569E-08
   295.204987      -1.84649025E-08
   295.320007      -1.91480254E-08
   295.434998      -1.98290309E-08
   295.549988      -2.05079171E-08
   295.665009      -2.11846896E-08
   295.779999      -2.18593552E-08
   295.894989      -2.25319017E-08
   296.010010      -2.32023201E-08
   296.125000      -2.38705589E-08
   296.239990      -2.45365808E-08
   296.355011      -2.52002952E-08
   296.470001      -2.58616115E-08
   296.584991      -2.65203965E-08
   296.700012      -2.71765188E-08
   296.815002      -2.78298113E-08
   296.929993      -2.84801178E-08
   297.045013      -2.91272162E-08
   297.160004      -2.97708702E-08
   297.274994      -3.04108276E-08
   297.390015      -3.10467847E-08
   297.505005      -3.16784430E-08
   297.619995      -3.23054508E-08
   297.734985      -3.29274741E-08
   297.850006      -3.35441612E-08
   297.964996      -3.41551569E-08
   298.079987      -3.47601272E-08
   298.195007      -3.53587204E-08
   298.309998      -3.59505954E-08
   298.424988      -3.65354182E-08
   298.540009      -3.71128728E-08
   298.654999      -3.76826392E-08
   298.769989      -3.82444085E-08
   298.885010      -3.87978787E-08
   299.000000      -3.93427939E-08
   299.114990      -3.98789020E-08
   299.230011      -4.04059826E-08
   299.345001      -4.09238368E-08
   299.459991      -4.14322763E-08
   299.575012      -4.19311270E-08
   299.690002      -4.24202398E-08
   299.804993      -4.28994653E-08
   299.920013      -4.33686722E-08
   300.035004      -4.38277574E-08
   300.149994      -4.42766321E-08
   300.265015      -4.47152146E-08
   300.380005      -4.51434765E-08
   300.494995      -4.55613964E-08
   300.609985      -4.59689993E-08
   300.725006      -4.63663312E-08
   300.839996      -4.67534598E-08
   300.954987      -4.71304666E-08
   301.070007      -4.74974513E-08
   301.184998      -4.78545346E-08
   301.299988      -4.82018514E-08
   301.415009      -4.85395404E-08
   301.529999      -4.88677685E-08
   301.644989      -4.91867276E-08
   301.760010      -4.94966201E-08
   301.875000      -4.97976558E-08
   301.989990      -5.00900477E-08
   302.105011      -5.03739912E-08
   302.220001      -5.06496676E-08
   302.334991      -5.09172366E-08
   302.450012      -5.11768690E-08
   302.565002      -5.14286711E-08
   302.679993      -5.16727710E-08
   302.795013      -5.19092787E-08
   302.910004      -5.21382795E-08
   303.024994      -5.23598480E-08
   303.140015      -5.25740624E-08
   303.255005      -5.27809476E-08
   303.369995      -5.29805249E-08
   303.484985      -5.31727942E-08
   303.600006      -5.33577307E-08
   303.714996      -5.35352846E-08
   303.829987      -5.37054241E-08
   303.945007      -5.38680744E-08
   304.059998      -5.40231611E-08
   304.174988      -5.41705845E-08
   304.290009      -5.43102523E-08
   304.404999      -5.44420651E-08
   304.519989      -5.45658772E-08
   304.635010      -5.46815357E-08
   304.750000      -5.47888845E-08
   304.864990      -5.48877495E-08
   304.980011      -5.49779422E-08
   305.095001      -5.50592461E-08
   305.209991      -5.51314621E-08
   305.325012      -5.51943486E-08
   305.440002      -5.52476926E-08
   305.554993      -5.52912880E-08
   305.670013      -5.53249428E-08
   305.785004      -5.53484583E-08
   305.899994      -5.53616459E-08
   306.015015      -5.53643389E-08
   306.130005      -5.53564021E-08
   306.244995      -5.53377255E-08
   306.359985      -5.53081883E-08
   306.475006      -5.52677442E-08
   306.589996      -5.52163861E-08
   306.704987      -5.51540964E-08
   306.820007      -5.50808998E-08
   306.934998      -5.49968533E-08
   307.049988      -5.49020385E-08
   307.165009      -5.47965691E-08
   307.279999      -5.46806014E-08
   307.394989      -5.45542598E-08
   307.510010      -5.44177396E-08
   307.625000      -5.42711689E-08
   307.739990      -5.41148140E-08
   307.855011      -5.39488560E-08
   307.970001      -5.37735048E-08
   308.084991      -5.35889875E-08
   308.200012      -5.33955742E-08
   308.315002      -5.31934674E-08
   308.429993      -5.29828768E-08
   308.545013      -5.27640900E-08
   308.660004      -5.25373345E-08
   308.774994      -5.23028696E-08
   308.890015      -5.20609511E-08
   309.005005      -5.18118313E-08
   309.119995      -5.15557659E-08
   309.234985      -5.12929965E-08
   309.350006      -5.10237967E-08
   309.464996      -5.07484224E-08
   309.579987      -5.04671078E-08
   309.695007      -5.01801054E-08
   309.809998      -4.98876283E-08
   309.924988      -4.95898966E-08
   310.040009      -4.92870811E-08
   310.154999      -4.89793557E-08
   310.269989      -4.86668732E-08
   310.385010      -4.83498006E-08
