   0.00000000       0.00000000    
  0.115000002       0.00000000    
  0.230000004       0.00000000    
  0.344999999       0.00000000    
  0.460000008       0.00000000    
  0.574999988       0.00000000    
  0.689999998       0.00000000    
  0.805000007       0.00000000    
  0.920000017       0.00000000    
   1.03499997       0.00000000    
   1.14999998       0.00000000    
   1.26499999       0.00000000    
   1.38000000       0.00000000    
   1.49500000       0.00000000    
   1.61000001       0.00000000    
   1.72500002       0.00000000    
   1.84000003       0.00000000    
   1.95500004       0.00000000    
   2.06999993       0.00000000    
   2.18499994       0.00000000    
   2.29999995       0.00000000    
   2.41499996       0.00000000    
   2.52999997       0.00000000    
   2.64499998       0.00000000    
   2.75999999       0.00000000    
   2.87500000       0.00000000    
   2.99000001       0.00000000    
   3.10500002       0.00000000    
   3.22000003       0.00000000    
   3.33500004       0.00000000    
   3.45000005       0.00000000    
   3.56500006       0.00000000    
   3.68000007       0.00000000    
   3.79500008       0.00000000    
   3.91000009       0.00000000    
   4.02500010       0.00000000    
   4.13999987       0.00000000    
   4.25500011       0.00000000    
   4.36999989       0.00000000    
   4.48500013       0.00000000    
   4.59999990       0.00000000    
   4.71500015       0.00000000    
   4.82999992       0.00000000    
   4.94500017       0.00000000    
   5.05999994       0.00000000    
   5.17500019       0.00000000    
   5.28999996       0.00000000    
   5.40500021       0.00000000    
   5.51999998       0.00000000    
   5.63500023       0.00000000    
   5.75000000       0.00000000    
   5.86499977       0.00000000    
   5.98000002       0.00000000    
   6.09499979       0.00000000    
   6.21000004       0.00000000    
   6.32499981       0.00000000    
   6.44000006       0.00000000    
   6.55499983       0.00000000    
   6.67000008       0.00000000    
   6.78499985       0.00000000    
   6.90000010       0.00000000    
   7.01499987       0.00000000    
   7.13000011       0.00000000    
   7.24499989       0.00000000    
   7.36000013       0.00000000    
   7.47499990       0.00000000    
   7.59000015       0.00000000    
   7.70499992       0.00000000    
   7.82000017       0.00000000    
   7.93499994       0.00000000    
   8.05000019       0.00000000    
   8.16499996       0.00000000    
   8.27999973       0.00000000    
   8.39500046       0.00000000    
   8.51000023       0.00000000    
   8.62500000       0.00000000    
   8.73999977       0.00000000    
   8.85499954       0.00000000    
   8.97000027       0.00000000    
   9.08500004       0.00000000    
   9.19999981       0.00000000    
   9.31499958       0.00000000    
   9.43000031       0.00000000    
   9.54500008       0.00000000    
   9.65999985       0.00000000    
   9.77499962       0.00000000    
   9.89000034       0.00000000    
   10.0050001       0.00000000    
   10.1199999       0.00000000    
   10.2349997       0.00000000    
   10.3500004       0.00000000    
   10.4650002       0.00000000    
   10.5799999       0.00000000    
   10.6949997       0.00000000    
   10.8100004       0.00000000    
   10.9250002       0.00000000    
   11.0400000       0.00000000    
   11.1549997       0.00000000    
   11.2700005       0.00000000    
   11.3850002       0.00000000    
   11.5000000       0.00000000    
   11.6149998       0.00000000    
   11.7299995       0.00000000    
   11.8450003       0.00000000    
   11.9600000       0.00000000    
   12.0749998       0.00000000    
   12.1899996       0.00000000    
   12.3050003       0.00000000    
   12.4200001       0.00000000    
   12.5349998       0.00000000    
   12.6499996       0.00000000    
   12.7650003       0.00000000    
   12.8800001       0.00000000    
   12.9949999       0.00000000    
   13.1099997       0.00000000    
   13.2250004       0.00000000    
   13.3400002       0.00000000    
   13.4549999       0.00000000    
   13.5699997       0.00000000    
   13.6850004       0.00000000    
   13.8000002       0.00000000    
   13.9150000       0.00000000    
   14.0299997       0.00000000    
   14.1450005       0.00000000    
   14.2600002       0.00000000    
   14.3750000       0.00000000    
   14.4899998       0.00000000    
   14.6049995       0.00000000    
   14.7200003       0.00000000    
   14.8350000       0.00000000    
   14.9499998       0.00000000    
   15.0649996       0.00000000    
   15.1800003       0.00000000    
   15.2950001       0.00000000    
   15.4099998       0.00000000    
   15.5249996       0.00000000    
   15.6400003       0.00000000    
   15.7550001       0.00000000    
   15.8699999       0.00000000    
   15.9849997       0.00000000    
   16.1000004       0.00000000    
   16.2150002       0.00000000    
   16.3299999       0.00000000    
   16.4449997       0.00000000    
   16.5599995       4.35103173E-42
   16.6749992       8.70206346E-42
   16.7900009       1.30530952E-41
   16.9050007       1.74055282E-41
   17.0200005       2.17565600E-41
   17.1350002       2.61075917E-41
   17.2500000       3.04586234E-41
   17.3649998       2.61075917E-41
   17.4799995       1.38854665E-41
   17.5949993       8.32651548E-42
   17.7099991       2.76616317E-42
   17.8250008       3.97674491E-41
   17.9400005       1.06207213E-40
   18.0550003       1.75741044E-40
   18.1700001       2.41028941E-40
   18.2849998       3.60825947E-40
   18.3999996       4.45049590E-40
   18.5149994       4.98048099E-40
   18.6299992       4.72297838E-40
   18.7450008       4.03939697E-40
   18.8600006       2.58316760E-40
   18.9750004      -7.88846958E-41
   19.0900002      -5.03466920E-40
   19.2049999      -1.04802972E-39
   19.3199997      -1.41082029E-39
   19.4349995      -1.68851420E-39
   19.5499992      -1.63655406E-39
   19.6650009      -1.43273660E-39
   19.7800007      -1.00108762E-39
   19.8950005      -2.47113379E-40
   20.0100002       3.08106296E-40
   20.1250000       2.24728337E-39
   20.2399998       5.82063509E-39
   20.3549995       1.09167568E-38
   20.4699993       1.77511627E-38
   20.5849991       2.39759757E-38
   20.7000008       2.59635718E-38
   20.8150005       5.20146912E-38
   20.9300003       7.50220782E-38
   21.0450001       6.92683579E-38
   21.1599998       4.55170748E-38
   21.2749996       1.76392214E-38
   21.3899994      -3.45620121E-38
   21.5049992      -8.75193568E-38
   21.6200008      -1.42646758E-37
   21.7350006      -2.12022153E-37
   21.8500004      -2.54189667E-37
   21.9650002      -2.80257025E-37
   22.0799999      -2.97079557E-37
   22.1949997      -2.69734708E-37
   22.3099995      -2.42388963E-37
   22.4249992      -1.80066359E-37
   22.5400009      -9.57032817E-38
   22.6550007       1.80527067E-38
   22.7700005       1.62409349E-37
   22.8850002       7.86795591E-37
   23.0000000       1.39297533E-36
   23.1149998       2.39545287E-36
   23.2299995       3.38098478E-36
   23.3449993       4.29080155E-36
   23.4599991       4.65262443E-36
   23.5750008       4.23168496E-36
   23.6900005       3.23665668E-36
   23.8050003       1.44128843E-36
   23.9200001      -7.38345865E-37
   24.0349998      -3.37921371E-36
   24.1499996      -6.25801007E-36
   24.2649994      -8.88257456E-36
   24.3799992      -1.13953193E-35
   24.4950008      -1.39552316E-35
   24.6100006      -1.59089242E-35
   24.7250004      -1.77838061E-35
   24.8400002      -1.95985487E-35
   24.9549999      -1.99604465E-35
   25.0699997      -1.80035211E-35
   25.1849995      -1.37928234E-35
   25.2999992      -7.88117377E-36
   25.4150009       2.13712567E-37
   25.5300007       1.08286276E-35
   25.6450005       2.40358849E-35
   25.7600002       3.95774340E-35
   25.8750000       5.74094968E-35
   25.9899998       7.64692193E-35
   26.1049995       9.46268648E-35
   26.2199993       1.09946351E-34
   26.3349991       1.20375282E-34
   26.4500008       1.24195260E-34
   26.5650005       1.19378603E-34
   26.6800003       1.04894756E-34
   26.7950001       7.84448649E-35
   26.9099998       3.80552808E-35
   27.0249996      -1.65116290E-35
   27.1399994      -8.46808509E-35
   27.2549992      -1.65132585E-34
   27.3700008      -2.55382737E-34
   27.4850006      -3.50913188E-34
   27.6000004      -4.46082611E-34
   27.7150002      -5.32449166E-34
   27.8299999      -6.00696072E-34
   27.9449997      -6.41895864E-34
   28.0599995      -6.44679857E-34
   28.1749992      -5.99745942E-34
   28.2900009      -4.98227357E-34
   28.4050007      -3.33506803E-34
   28.5200005      -1.02818792E-34
   28.6350002       1.92798407E-34
   28.7500000       5.46477360E-34
   28.8649998       9.44814237E-34
   28.9799995       1.36712170E-33
   29.0949993       1.78692406E-33
   29.2099991       2.17068164E-33
   29.3250008       2.48052616E-33
   29.4400005       2.67412126E-33
   29.5550003       2.70740887E-33
   29.6700001       2.54008772E-33
   29.7849998       2.13675008E-33
   29.8999996       1.47433606E-33
   30.0149994       5.44611492E-34
   30.1299992      -6.41187766E-34
   30.2450008      -2.04685231E-33
   30.3600006      -3.60933079E-33
   30.4750004      -5.23558021E-33
   30.5900002      -6.80450480E-33
   30.7049999      -8.16774176E-33
   30.8199997      -9.15665284E-33
   30.9349995      -9.59019793E-33
   31.0499992      -9.28760585E-33
   31.1650009      -8.08216871E-33
   31.2800007      -5.84106008E-33
   31.3950005      -2.48213659E-33
   31.5100002       2.00301464E-33
   31.6250000       7.53226291E-33
   31.7399998       1.39130292E-32
   31.8549995       2.08311220E-32
   31.9699993       2.78427563E-32
   32.0849991       3.43787429E-32
   32.2000008       3.97571468E-32
   32.3149986       4.32068289E-32
   32.4300003       4.39076792E-32
   32.5449982       4.10394612E-32
   32.6599998       3.38512927E-32
   32.7750015       2.17333624E-32
   32.8899994       4.30076318E-33
   33.0050011      -1.85208113E-32
   33.1199989      -4.64101862E-32
   33.2350006      -7.85793053E-32
   33.3499985      -1.13716477E-31
   33.4650002      -1.49956028E-31
   33.5800018      -1.84880564E-31
   33.6949997      -2.15570335E-31
   33.8100014      -2.38694308E-31
   33.9249992      -2.50655315E-31
   34.0400009      -2.47789202E-31
   34.1549988      -2.26611848E-31
   34.2700005      -1.84112590E-31
   34.3849983      -1.18077444E-31
   34.5000000      -2.74261846E-32
   34.6150017       8.74562155E-32
   34.7299995       2.24418117E-31
   34.8450012       3.79300712E-31
   34.9599991       5.45792042E-31
   35.0750008       7.15397586E-31
   35.1899986       8.77562863E-31
   35.3050003       1.01996648E-30
   35.4199982       1.12899922E-30
   35.5349998       1.19043996E-30
   35.6500015       1.19031019E-30
   35.7649994       1.11589509E-30
   35.8800011       9.56885503E-31
   35.9949989       7.06585940E-31
   36.1100006       3.63117470E-31
   36.2249985      -6.94736851E-32
   36.3400002      -5.80298209E-31
   36.4550018      -1.15100184E-30
   36.5699997      -1.75554815E-30
   36.6850014      -2.36049666E-30
   36.7999992      -2.92586506E-30
   36.9150009      -3.40663191E-30
   37.0299988      -3.75490286E-30
   37.1450005      -3.92272095E-30
   37.2599983      -3.86546215E-30
   37.3750000      -3.54567728E-30
   37.4900017      -2.93722466E-30
   37.6049995      -2.02943438E-30
   37.7200012      -8.31041216E-31
   37.8349991       6.26457427E-31
   37.9500008       2.28635438E-30
   38.0649986       4.06556627E-30
   38.1800003       5.85508432E-30
   38.2949982       7.52234984E-30
   38.4099998       8.91576692E-30
   38.5250015       9.87149687E-30
   38.6399994       1.02225217E-29
   38.7550011       9.80981821E-30
   38.8699989       8.49532062E-30
   38.9850006       6.17615452E-30
   39.0999985       2.79943528E-30
   39.2150002      -1.62322510E-30
   39.3300018      -7.00255188E-30
   39.4449997      -1.31608995E-29
   39.5600014      -1.98252024E-29
   39.6749992      -2.66247718E-29
   39.7900009      -3.30950387E-29
   39.9049988      -3.86881770E-29
   40.0200005      -4.27912474E-29
   40.1349983      -4.47522293E-29
   40.2500000      -4.39137546E-29
   40.3650017      -3.96539797E-29
   40.4799995      -3.14333524E-29
   40.5950012      -1.88455600E-29
   40.7099991      -1.67030713E-30
   40.8250008       2.00749624E-29
   40.9399986       4.60876781E-29
   41.0550003       7.57407701E-29
   41.1699982       1.08055022E-28
   41.2849998       1.41686971E-28
   41.4000015       1.74935768E-28
   41.5149994       2.05772013E-28
   41.6300011       2.31890536E-28
   41.7449989       2.50788483E-28
   41.8600006       2.59868279E-28
   41.9749985       2.56564202E-28
   42.0900002       2.38488796E-28
   42.2050018       2.03594917E-28
   42.3199997       1.50346349E-28
   42.4350014       7.78892533E-29
   42.5499992      -1.37847292E-29
   42.6650009      -1.23694259E-28
   42.7799988      -2.49753271E-28
   42.8950005      -3.88696092E-28
   43.0099983      -5.36052218E-28
   43.1250000      -6.86180287E-28
   43.2400017      -8.32366892E-28
   43.3549995      -9.66995173E-28
   43.4700012      -1.08178378E-27
   43.5849991      -1.16809317E-27
   43.7000008      -1.21729317E-27
   43.8149986      -1.22118027E-27
   43.9300003      -1.17243017E-27
   44.0449982      -1.06506574E-27
   44.1599998      -8.94920423E-28
   44.2750015      -6.60070166E-28
   44.3899994      -3.61210424E-28
   44.5050011      -1.95033603E-30
   44.6199989       4.10998891E-28
   44.7350006       8.67764714E-28
   44.8499985       1.35539958E-27
   44.9650002       1.85812565E-27
   45.0800018       2.35774135E-27
   45.1949997       2.83418926E-27
   45.3100014       3.26626895E-27
   45.4249992       3.63247682E-27
   45.5400009       3.91194197E-27
   45.6549988       4.08541664E-27
   45.7700005       4.13627891E-27
   45.8849983       4.05149485E-27
   46.0000000       3.82248291E-27
   46.1150017       3.44583033E-27
   46.2299995       2.92380529E-27
   46.3450012       2.26461898E-27
   46.4599991       1.48240147E-27
   46.5750008       5.96862445E-28
   46.6899986      -3.67369885E-28
   46.8050003      -1.38172849E-27
   46.9199982      -2.41497960E-27
   47.0349998      -3.43474044E-27
   47.1500015      -4.40918126E-27
   47.2649994      -5.30882743E-27
   47.3800011      -6.10836415E-27
   47.4949989      -6.78833683E-27
   47.6100006      -7.33662597E-27
   47.7249985      -7.74958618E-27
   47.8400002      -8.03272562E-27
   47.9550018      -8.20083696E-27
   48.0699997      -8.27749129E-27
   48.1850014      -8.29383935E-27
   48.2999992      -8.28670262E-27
   48.4150009      -8.29595941E-27
   48.5299988      -8.36129235E-27
   48.6450005      -8.51839585E-27
   48.7599983      -8.79479145E-27
   48.8750000      -9.20543207E-27
   48.9900017      -9.74835172E-27
   49.1049995      -1.04005764E-26
   49.2200012      -1.11146480E-26
   49.3349991      -1.18159847E-26
   49.4500008      -1.24014404E-26
   49.5649986      -1.27393040E-26
   49.6800003      -1.26709974E-26
   49.7949982      -1.20146782E-26
   49.9099998      -1.05708709E-26
   50.0250015      -8.13018307E-27
   50.1399994      -4.48307187E-27
   50.2550011       5.68490897E-28
   50.3699989       7.19771481E-27
   50.4850006       1.55384059E-26
   50.5999985       2.56695986E-26
   50.7150002       3.75999950E-26
   50.8300018       5.12528816E-26
   50.9449997       6.64523176E-26
   51.0600014       8.29113642E-26
   51.1749992       1.00223225E-25
   51.2900009       1.17856152E-25
   51.4049988       1.35152827E-25
   51.5200005       1.51335088E-25
   51.6349983       1.65514370E-25
   51.7500000       1.76708491E-25
   51.8650017       1.83864951E-25
   51.9799995       1.85890721E-25
   52.0950012       1.81688398E-25
   52.2099991       1.70198047E-25
   52.3250008       1.50444082E-25
   52.4399986       1.21585997E-25
   52.5550003       8.29716751E-26
   52.6699982       3.41915458E-26
   52.7849998      -2.48682931E-26
   52.9000015      -9.39759026E-26
   53.0149994      -1.72508645E-25
   53.1300011      -2.59415873E-25
   53.2449989      -3.53191344E-25
   53.3600006      -4.51857604E-25
   53.4749985      -5.52964624E-25
   53.5900002      -6.53603998E-25
   53.7050018      -7.50440569E-25
   53.8199997      -8.39762550E-25
   53.9350014      -9.17550348E-25
   54.0499992      -9.79564282E-25
   54.1650009      -1.02145063E-24
   54.2799988      -1.03886503E-24
   54.3950005      -1.02761005E-24
   54.5099983      -9.83786266E-25
   54.6250000      -9.03951373E-25
   54.7400017      -7.85285344E-25
   54.8549995      -6.25755778E-25
   54.9700012      -4.24278780E-25
   55.0849991      -1.80870990E-25
   55.2000008       1.03214653E-25
   55.3149986       4.25373226E-25
   55.4300003       7.81559159E-25
   55.5449982       1.16622909E-24
   55.6599998       1.57232186E-24
   55.7750015       1.99127997E-24
   55.8899994       2.41311545E-24
   56.0050011       2.82652392E-24
   56.1199989       3.21904711E-24
   56.2350006       3.57728581E-24
   56.3499985       3.88716141E-24
   56.4650002       4.13422239E-24
   56.5800018       4.30399433E-24
   56.6949997       4.38236766E-24
   56.8100014       4.35601261E-24
   56.9249992       4.21281858E-24
   57.0400009       3.94234302E-24
   57.1549988       3.53626386E-24
   57.2700005       2.98881884E-24
   57.3849983       2.29722232E-24
   57.5000000       1.46204433E-24
   57.6150017       4.87541184E-25
   57.7299995      -6.18078830E-25
   57.8450012      -1.84246511E-24
   57.9599991      -3.16902090E-24
   58.0750008      -4.57689840E-24
   58.1899986      -6.04109957E-24
   58.3050003      -7.53268684E-24
   58.4199982      -9.01911457E-24
   58.5349998      -1.04646698E-23
   58.6500015      -1.18310321E-23
   58.7649994      -1.30779357E-23
   58.8800011      -1.41639392E-23
   58.9949989      -1.50472630E-23
   59.1100006      -1.56867152E-23
   59.2249985      -1.60426509E-23
   59.3400002      -1.60779697E-23
   59.4550018      -1.57591153E-23
   59.5699997      -1.50570481E-23
   59.6850014      -1.39481841E-23
   59.7999992      -1.24152617E-23
   59.9150009      -1.04481077E-23
   60.0299988      -8.04431284E-24
   60.1450005      -5.20976679E-24
   60.2599983      -1.95906131E-24
   60.3750000       1.68424052E-24
   60.4900017       5.68748281E-24
   60.6049995       1.00089260E-23
   60.7200012       1.45978726E-23
   60.8349991       1.93949121E-23
   60.9500008       2.43322158E-23
   61.0649986       2.93339284E-23
   61.1800003       3.43165853E-23
   61.2949982       3.91894991E-23
   61.4099998       4.38552074E-23
   61.5250015       4.82098648E-23
   61.6399994       5.21436364E-23
   61.7550011       5.55410836E-23
   61.8699989       5.82815738E-23
   61.9850006       6.02397916E-23
   62.0999985       6.12863450E-23
   62.2150002       6.12886169E-23
   62.3300018       6.01119204E-23
   62.4449997       5.76210637E-23
   62.5600014       5.36824327E-23
   62.6749992       4.81667866E-23
   62.7900009       4.09527231E-23
   62.9049988       3.19310447E-23
   63.0200005       2.10100607E-23
   63.1349983       8.12180028E-24
   63.2500000      -6.77078763E-24
   63.3650017      -2.36658382E-23
   63.4799995      -4.25137053E-23
   63.5950012      -6.32077703E-23
   63.7099991      -8.55749179E-23
   63.8250008      -1.09366187E-22
   63.9399986      -1.34248109E-22
   64.0550003      -1.59795149E-22
   64.1699982      -1.85483931E-22
   64.2850037      -2.10689980E-22
   64.4000015      -2.34687356E-22
   64.5149994      -2.56652374E-22
   64.6299973      -2.75671343E-22
   64.7450027      -2.90753506E-22
   64.8600006      -3.00849512E-22
   64.9749985      -3.04875151E-22
   65.0899963      -3.01741518E-22
   65.2050018      -2.90390226E-22
   65.3199997      -2.69834581E-22
   65.4349976      -2.39204841E-22
   65.5500031      -1.97797242E-22
   65.6650009      -1.45125605E-22
   65.7799988      -8.09735364E-23
   65.8949966      -5.44498579E-24
   66.0100021       8.09878747E-23
   66.1250000       1.77442800E-22
   66.2399979       2.82594033E-22
   66.3550034       3.94649112E-22
   66.4700012       5.11339285E-22
   66.5849991       6.29925148E-22
   66.6999969       7.47220005E-22
   66.8150024       8.59632104E-22
   66.9300003       9.63227287E-22
   67.0449982       1.05381225E-21
   67.1600037       1.12703843E-21
   67.2750015       1.17852427E-21
   67.3899994       1.20399612E-21
   67.5049973       1.19944248E-21
   67.6200027       1.16127959E-21
   67.7350006       1.08652173E-21
   67.8499985       9.72953828E-22
   67.9649963       8.19296244E-22
   68.0800018       6.25359145E-22
   68.1949997       3.92176103E-22
   68.3099976       1.22112235E-22
   68.4250031      -1.81061337E-22
   68.5400009      -5.12132236E-22
   68.6549988      -8.64456954E-22
   68.7699966      -1.23002121E-21
   68.8850021      -1.59955253E-21
   69.0000000      -1.96268795E-21
   69.1149979      -2.30819620E-21
   69.2300034      -2.62425190E-21
   69.3450012      -2.89875853E-21
   69.4599991      -3.11971229E-21
   69.5749969      -3.27559766E-21
   69.6900024      -3.35580833E-21
   69.8050003      -3.35107386E-21
   69.9199982      -3.25388599E-21
   70.0350037      -3.05890118E-21
   70.1500015      -2.76331195E-21
   70.2649994      -2.36716271E-21
   70.3799973      -1.87360044E-21
   70.4950027      -1.28904153E-21
   70.6100006      -6.23244443E-22
   70.7249985       1.10724706E-22
   70.8399963       8.96641469E-22
   70.9550018       1.71539205E-21
   71.0699997       2.54536036E-21
   71.1849976       3.36293529E-21
   71.3000031       4.14312312E-21
   71.4150009       4.86026125E-21
   71.5299988       5.48880583E-21
   71.6449966       6.00418297E-21
   71.7600021       6.38367187E-21
   71.8750000       6.60729134E-21
   71.9899979       6.65866297E-21
   72.1050034       6.52581526E-21
   72.2200012       6.20189812E-21
   72.3349991       5.68577296E-21
   72.4499969       4.98244810E-21
   72.5650024       4.10333727E-21
   72.6800003       3.06630825E-21
   72.7949982       1.89551527E-21
   72.9100037       6.20995445E-22
   73.0250015      -7.21968732E-22
   73.1399994      -2.09371813E-21
   73.2549973      -3.45130286E-21
   73.3700027      -4.74976236E-21
   73.4850006      -5.94357058E-21
   73.5999985      -6.98820438E-21
   73.7149963      -7.84178287E-21
   73.8300018      -8.46674045E-21
   73.9449997      -8.83145359E-21
   74.0599976      -8.91177654E-21
   74.1750031      -8.69241212E-21
   74.2900009      -8.16806766E-21
   74.4049988      -7.34431936E-21
   74.5199966      -6.23814987E-21
   74.6350021      -4.87810500E-21
   74.7500000      -3.30403583E-21
   74.8649979      -1.56640452E-21
   74.9800034       2.74850802E-22
   75.0950012       2.15189703E-21
   75.2099991       3.99098772E-21
   75.3249969       5.71482768E-21
   75.4400024       7.24524590E-21
   75.5550003       8.50610827E-21
   75.6699982       9.42639032E-21
   75.7850037       9.94330065E-21
   75.9000015       1.00053319E-20
   76.0149994       9.57514873E-21
   76.1299973       8.63216930E-21
   76.2450027       7.17472714E-21
   76.3600006       5.22170161E-21
   76.4749985       2.81350420E-21
   76.5899963       1.23388172E-23
   76.7050018      -3.09834736E-21
   76.8199997      -6.41525134E-21
   76.9349976      -9.81749327E-21
   77.0500031      -1.31697364E-20
   77.1650009      -1.63261397E-20
   77.2799988      -1.91350657E-20
   77.3949966      -2.14443843E-20
   77.5100021      -2.31073179E-20
   77.6250000      -2.39885673E-20
   77.7399979      -2.39705859E-20
   77.8550034      -2.29596823E-20
   77.9700012      -2.08918519E-20
   78.0849991      -1.77379350E-20
   78.1999969      -1.35079660E-20
   78.3150024      -8.25440544E-21
   78.4300003      -2.07404431E-21
   78.5449982       4.89158789E-21
   78.6600037       1.24575307E-20
   78.7750015       2.03984225E-20
   78.8899994       2.84534298E-20
   79.0049973       3.63330134E-20
   79.1200027       4.37273586E-20
   79.2350006       5.03164952E-20
   79.3499985       5.57816936E-20
   79.4649963       5.98179731E-20
   79.5800018       6.21471845E-20
   79.6949997       6.25315068E-20
   79.8099976       6.07864013E-20
   79.9250031       5.67931093E-20
   80.0400009       5.05095061E-20
   80.1549988       4.19791737E-20
   80.2699966       3.13379766E-20
   80.3850021       1.88176965E-20
   80.5000000       4.74623876E-21
   80.6149979      -1.04559620E-20
   80.7300034      -2.62835428E-20
   80.8450012      -4.21579482E-20
   80.9599991      -5.74434413E-20
   81.0749969      -7.14667958E-20
   81.1900024      -8.35408992E-20
   81.3050003      -9.29911404E-20
   81.4199982      -9.91845195E-20
   81.5350037      -1.01559930E-19
   81.6500015      -9.96591596E-20
   81.7649994      -9.31569320E-20
   81.8799973      -8.18895494E-20
   81.9950027      -6.58799210E-20
   82.1100006      -4.53580224E-20
   82.2249985      -2.07758512E-20
   82.3399963       7.18507013E-21
   82.4550018       3.76140383E-20
   82.5699997       6.93810276E-20
   82.6849976       1.01155865E-19
   82.8000031       1.31437849E-19
   82.9150009       1.58595662E-19
   83.0299988       1.80916769E-19
   83.1449966       1.96666469E-19
   83.2600021       2.04154470E-19
   83.3750000       2.01808534E-19
   83.4899979       1.88252064E-19
   83.6050034       1.62383968E-19
   83.7200012       1.23457740E-19
   83.8349991       7.11573462E-20
   83.9499969       5.66567546E-21
   84.0650024      -7.22765345E-20
   84.1800003      -1.61325888E-19
   84.2949982      -2.59507755E-19
   84.4100037      -3.64207546E-19
   84.5250015      -4.72184989E-19
   84.6399994      -5.79611607E-19
   84.7549973      -6.82135836E-19
   84.8700027      -7.74973625E-19
   84.9850006      -8.53026439E-19
   85.0999985      -9.11024984E-19
   85.2149963      -9.43695826E-19
   85.3300018      -9.45949997E-19
   85.4449997      -9.13086524E-19
   85.5599976      -8.41008332E-19
   85.6750031      -7.26442835E-19
   85.7900009      -5.67160109E-19
   85.9049988      -3.62183771E-19
   86.0199966      -1.11980338E-19
   86.1350021       1.81372869E-19
   86.2500000       5.14058474E-19
   86.3649979       8.80430158E-19
   86.4800034       1.27297668E-18
   86.5950012       1.68234144E-18
   86.7099991       2.09740578E-18
   86.8249969       2.50544095E-18
   86.9400024       2.89232883E-18
   87.0550003       3.24285302E-18
   87.1699982       3.54105970E-18
   87.2850037       3.77068007E-18
   87.4000015       3.91561453E-18
   87.5149994       3.96045888E-18
   87.6299973       3.89107373E-18
   87.7450027       3.69517213E-18
   87.8600006       3.36291209E-18
   87.9749985       2.88748155E-18
   88.0899963       2.26564584E-18
   88.2050018       1.49824795E-18
   88.3199997       5.90632910E-19
   88.4349976      -4.47022568E-19
   88.5500031      -1.59948886E-18
   88.6650009      -2.84639900E-18
   88.7799988      -4.16230956E-18
   88.8949966      -5.51692121E-18
   89.0100021      -6.87546694E-18
   89.1250000      -8.19927728E-18
   89.2399979      -9.44651757E-18
   89.3550034      -1.05730937E-17
   89.4700012      -1.15337126E-17
   89.5849991      -1.22830911E-17
   89.6999969      -1.27772687E-17
   89.8150024      -1.29750285E-17
   89.9300003      -1.28393560E-17
   90.0449982      -1.23389258E-17
   90.1600037      -1.14495693E-17
   90.2750015      -1.01556603E-17
   90.3899994      -8.45139283E-18
   90.5049973      -6.34189574E-18
   90.6200027      -3.84412751E-18
   90.7350006      -9.87525335E-19
   90.8499985       2.18565230E-18
   90.9649963       5.62031714E-18
   91.0800018       9.24889833E-18
   91.1949997       1.29920900E-17
   91.3099976       1.67599878E-17
   91.4250031       2.04536305E-17
   91.5400009       2.39669362E-17
   91.6549988       2.71889933E-17
   91.7699966       3.00067113E-17
   91.8850021       3.23077490E-17
   92.0000000       3.39836567E-17
   92.1149979       3.49332269E-17
   92.2300034       3.50658703E-17
   92.3450012       3.43050163E-17
   92.4599991       3.25914158E-17
   92.5749969       2.98862109E-17
   92.6900024       2.61737184E-17
   92.8050003       2.14637967E-17
   92.9199982       1.57937069E-17
   93.0350037       9.22936529E-18
   93.1500015       1.86592776E-18
   93.2649994      -6.17240312E-18
   93.3799973      -1.47333523E-17
   93.4950027      -2.36384049E-17
   93.6100006      -3.26854993E-17
   93.7249985      -4.16525573E-17
   93.8399963      -5.03018258E-17
   93.9550018      -5.83850149E-17
   94.0699997      -6.56490636E-17
   94.1849976      -7.18425156E-17
   94.3000031      -7.67222988E-17
   94.4150009      -8.00608196E-17
   94.5299988      -8.16531556E-17
   94.6449966      -8.13241891E-17
   94.7600021      -7.89354106E-17
   94.8750000      -7.43913502E-17
   94.9899979      -6.76452225E-17
   95.1050034      -5.87037375E-17
   95.2200012      -4.76308298E-17
   95.3349991      -3.45501100E-17
   95.4499969      -1.96459101E-17
   95.5650024      -3.16280903E-18
   95.6800003       1.45964837E-17
   95.7949982       3.32749383E-17
   95.9100037       5.24666998E-17
   96.0250015       7.17242618E-17
   96.1399994       9.05672376E-17
   96.2549973       1.08492553E-16
   96.3700027       1.24985998E-16
   96.4850006       1.39534742E-16
   96.5999985       1.51640801E-16
   96.7149963       1.60834841E-16
   96.8300018       1.66690221E-16
   96.9449997       1.68836841E-16
   97.0599976       1.66974427E-16
   97.1750031       1.60884789E-16
   97.2900009       1.50442753E-16
   97.4049988       1.35625354E-16
   97.5199966       1.16518990E-16
   97.6350021       9.33240983E-17
   97.7500000       6.63572096E-17
   97.8649979       3.60501094E-17
   97.9800034       2.94590821E-18
   98.0950012      -3.23079509E-17
   98.2099991      -6.89699092E-17
   98.3249969      -1.06217475E-16
   98.4400024      -1.43163378E-16
   98.5550003      -1.78874287E-16
   98.6699982      -2.12391884E-16
   98.7850037      -2.42755858E-16
   98.9000015      -2.69028173E-16
   99.0149994      -2.90318266E-16
   99.1299973      -3.05808461E-16
   99.2450027      -3.14778937E-16
   99.3600006      -3.16631609E-16
   99.4749985      -3.10912125E-16
   99.5899963      -2.97329581E-16
   99.7050018      -2.75772884E-16
   99.8199997      -2.46323640E-16
   99.9349976      -2.09264572E-16
   100.050003      -1.65083439E-16
   100.165001      -1.14471659E-16
   100.279999      -5.83178346E-17
   100.394997       2.30417943E-18
   100.510002       6.61526445E-17
   100.625000       1.31840414E-16
   100.739998       1.97862397E-16
   100.855003       2.62627303E-16
   100.970001       3.24493346E-16
   101.084999       3.81806957E-16
   101.199997       4.32943633E-16
   101.315002       4.76350260E-16
   101.430000       5.10587596E-16
   101.544998       5.34371752E-16
   101.660004       5.46613919E-16
   101.775002       5.46456847E-16
   101.889999       5.33307190E-16
   102.004997       5.06862716E-16
   102.120003       4.67133324E-16
   102.235001       4.14454730E-16
   102.349998       3.49495270E-16
   102.464996       2.73253755E-16
   102.580002       1.87049174E-16
   102.695000       9.25019072E-17
   102.809998      -8.49360882E-18
   102.925003      -1.13804395E-16
   103.040001      -2.21101844E-16
   103.154999      -3.27911468E-16
   103.269997      -4.31668425E-16
   103.385002      -5.29777339E-16
   103.500000      -6.19675540E-16
   103.614998      -6.98897896E-16
   103.730003      -7.65141590E-16
   103.845001      -8.16329379E-16
   103.959999      -8.50669577E-16
   104.074997      -8.66710846E-16
   104.190002      -8.63390689E-16
   104.305000      -8.40075630E-16
   104.419998      -7.96592029E-16
   104.535004      -7.33246617E-16
   104.650002      -6.50835182E-16
   104.764999      -5.50639337E-16
   104.879997      -4.34411250E-16
   104.995003      -3.04345397E-16
   105.110001      -1.63038530E-16
   105.224998      -1.34382546E-17
   105.339996       1.41219080E-16
   105.455002       2.97479639E-16
   105.570000       4.51750993E-16
   105.684998       6.00386853E-16
   105.800003       7.39775706E-16
   105.915001       8.66431219E-16
   106.029999       9.77081621E-16
   106.144997       1.06875642E-15
   106.260002       1.13886756E-15
   106.375000       1.18528370E-15
   106.489998       1.20639292E-15
   106.605003       1.20115635E-15
   106.720001       1.16914613E-15
   106.834999       1.11056999E-15
   106.949997       1.02627962E-15
   107.065002       9.17763057E-16
   107.180000       7.87119925E-16
   107.294998       6.37020816E-16
   107.410004       4.70651051E-16
   107.525002       2.91639876E-16
   107.639999       1.03976782E-16
   107.754997      -8.80832937E-17
   107.870003      -2.80123404E-16
   107.985001      -4.67674101E-16
   108.099998      -6.46326320E-16
   108.214996      -8.11845028E-16
   108.330002      -9.60279346E-16
   108.445000      -1.08806824E-15
   108.559998      -1.19213651E-15
   108.675003      -1.26998011E-15
   108.790001      -1.31973726E-15
   108.904999      -1.34024329E-15
   109.019997      -1.33106855E-15
   109.135002      -1.29253575E-15
   109.250000      -1.22571851E-15
   109.364998      -1.13241868E-15
   109.480003      -1.01512431E-15
   109.595001      -8.76947080E-16
   109.709999      -7.21543693E-16
   109.824997      -5.53019500E-16
   109.940002      -3.75819201E-16
   110.055000      -1.94606799E-16
   110.169998      -1.41374481E-17
   110.285004       1.60874837E-16
   110.400002       3.25890103E-16
   110.514999       4.76672450E-16
   110.629997       6.09413259E-16
   110.745003       7.20844149E-16
   110.860001       8.08335982E-16
   110.974998       8.69981240E-16
   111.089996       9.04657340E-16
   111.205002       9.12067608E-16
   111.320000       8.92758750E-16
   111.434998       8.48115349E-16
   111.550003       7.80328256E-16
   111.665001       6.92339108E-16
   111.779999       5.87761827E-16
   111.894997       4.70781812E-16
   112.010002       3.46036094E-16
   112.125000       2.18476942E-16
   112.239998       9.32227918E-17
   112.355003      -2.46000321E-17
   112.470001      -1.30020378E-16
   112.584999      -2.18385290E-16
   112.699997      -2.85518342E-16
   112.815002      -3.27868957E-16
   112.930000      -3.42647882E-16
   113.044998      -3.27943867E-16
   113.160004      -2.82819007E-16
   113.275002      -2.07377793E-16
   113.389999      -1.02807664E-16
   113.504997       2.86106355E-17
   113.620003       1.83525226E-16
   113.735001       3.57567335E-16
   113.849998       5.45438343E-16
   113.964996       7.41027250E-16
   114.080002       9.37556523E-16
   114.195000       1.12775470E-15
   114.309998       1.30404926E-15
   114.425003       1.45877782E-15
   114.540001       1.58441060E-15
   114.654999       1.67377988E-15
   114.769997       1.72030814E-15
   114.885002       1.71823206E-15
   115.000000       1.66281186E-15
   115.114998       1.55052409E-15
   115.230003       1.37922883E-15
   115.345001       1.14830647E-15
   115.459999       8.58761124E-16
   115.574997       5.13284072E-16
   115.690002       1.16276620E-16
   115.805000      -3.26172350E-16
   115.919998      -8.06353131E-16
   116.035004      -1.31504703E-15
   116.150002      -1.84168171E-15
   116.264999      -2.37452918E-15
   116.379997      -2.90094004E-15
   116.495003      -3.40761206E-15
   116.610001      -3.88088685E-15
   116.724998      -4.30706809E-15
   116.839996      -4.67275339E-15
   116.955002      -4.96517669E-15
   117.070000      -5.17254264E-15
   117.184998      -5.28436031E-15
   117.300003      -5.29175279E-15
   117.415001      -5.18774604E-15
   117.529999      -4.96752086E-15
   117.644997      -4.62862806E-15
   117.760002      -4.17115319E-15
   117.875000      -3.59783385E-15
   117.989998      -2.91411648E-15
   118.105003      -2.12815461E-15
   118.220001      -1.25074611E-15
   118.334999      -2.95206785E-16
   118.449997       7.22817683E-16
   118.565002       1.78559797E-15
   118.680000       2.87362428E-15
   118.794998       3.96596072E-15
   118.910004       5.04064182E-15
   119.025002       6.07510792E-15
   119.139999       7.04666784E-15
   119.254997       7.93297939E-15
   119.370003       8.71253685E-15
   119.485001       9.36516049E-15
   119.599998       9.87246800E-15
   119.714996       1.02183226E-14
   119.830002       1.03892453E-14
   119.945000       1.03747848E-14
   120.059998       1.01678284E-14
   120.175003       9.76485247E-15
   120.290001       9.16610521E-15
   120.404999       8.37570827E-15
   120.519997       7.40168391E-15
   120.635002       6.25589820E-15
   120.750000       4.95392725E-15
   120.864998       3.51483458E-15
   120.980003       1.96088127E-15
   121.095001       3.17157643E-16
   121.209999      -1.38884721E-15
   121.324997      -3.12773226E-15
   121.440002      -4.86871828E-15
   121.555000      -6.58022204E-15
   121.669998      -8.23044720E-15
   121.785004      -9.78799680E-15
   121.900002      -1.12224793E-14
   122.014999      -1.25051116E-14
   122.129997      -1.36092877E-14
   122.245003      -1.45111177E-14
   122.360001      -1.51899249E-14
   122.474998      -1.56286727E-14
   122.589996      -1.58143423E-14
   122.705002      -1.57382313E-14
   122.820000      -1.53961706E-14
   122.934998      -1.47886565E-14
   123.050003      -1.39209077E-14
   123.165001      -1.28028268E-14
   123.279999      -1.14488658E-14
   123.394997      -9.87782295E-15
   123.510002      -8.11254614E-15
   123.625000      -6.17956063E-15
   123.739998      -4.10862818E-15
   123.855003      -1.93223991E-15
   123.970001       3.14940826E-16
   124.084999       2.59668326E-15
   124.199997       4.87582234E-15
   124.315002       7.11491497E-15
   124.430000       9.27690474E-15
   124.544998       1.13257817E-14
   124.660004       1.32272174E-14
   124.775002       1.49491795E-14
   124.889999       1.64625004E-14
   125.004997       1.77413829E-14
   125.120003       1.87638567E-14
   125.235001       1.95121459E-14
   125.349998       1.99729641E-14
   125.464996       2.01377221E-14
   125.580002       2.00026373E-14
   125.695000       1.95687650E-14
   125.809998       1.88419227E-14
   125.925003       1.78325372E-14
   126.040001       1.65553996E-14
   126.154999       1.50293562E-14
   126.269997       1.32769094E-14
   126.385002       1.13237853E-14
   126.500000       9.19843306E-15
   126.614998       6.93150481E-15
   126.730003       4.55530465E-15
   126.845001       2.10323151E-15
   126.959999      -3.90776268E-16
   127.074997      -2.89278311E-15
   127.190002      -5.36936726E-15
   127.305000      -7.78810711E-15
   127.419998      -1.01180178E-14
   127.535004      -1.23299410E-14
   127.650002      -1.43968767E-14
   127.764999      -1.62942729E-14
   127.879997      -1.80002396E-14
   127.995003      -1.94957135E-14
   128.110001      -2.07645739E-14
   128.225006      -2.17936851E-14
   128.339996      -2.25729181E-14
   128.455002      -2.30951004E-14
   128.570007      -2.33559408E-14
   128.684998      -2.33539215E-14
   128.800003      -2.30901588E-14
   128.914993      -2.25682357E-14
   129.029999      -2.17940290E-14
   129.145004      -2.07755244E-14
   129.259995      -1.95226187E-14
   129.375000      -1.80469297E-14
   129.490005      -1.63616137E-14
   129.604996      -1.44811870E-14
   129.720001      -1.24213612E-14
   129.835007      -1.01989026E-14
   129.949997      -7.83150739E-15
   130.065002      -5.33770094E-15
   130.179993      -2.73675710E-15
   130.294998      -4.86486193E-17
   130.410004       2.70598482E-15
   130.524994       5.50585095E-15
   130.639999       8.32899440E-15
   130.755005       1.11527803E-14
   130.869995       1.39538658E-14
   130.985001       1.67081840E-14
   131.100006       1.93909271E-14
   131.214996       2.19765595E-14
   131.330002       2.44388419E-14
   131.445007       2.67509149E-14
   131.559998       2.88854091E-14
   131.675003       3.08146249E-14
   131.789993       3.25107542E-14
   131.904999       3.39461769E-14
   132.020004       3.50938117E-14
   132.134995       3.59275428E-14
   132.250000       3.64226573E-14
   132.365005       3.65563869E-14
   132.479996       3.63084400E-14
   132.595001       3.56615575E-14
   132.710007       3.46020819E-14
   132.824997       3.31204960E-14
   132.940002       3.12119173E-14
   133.054993       2.88765424E-14
   133.169998       2.61200143E-14
   133.285004       2.29536730E-14
   133.399994       1.93947167E-14
   133.514999       1.54662270E-14
   133.630005       1.11970657E-14
   133.744995       6.62164534E-15
   133.860001       1.77956244E-15
   133.975006      -3.28488271E-15
   134.089996      -8.52327835E-15
   134.205002      -1.38837797E-14
   134.320007      -1.93118650E-14
   134.434998      -2.47511362E-14
   134.550003      -3.01441272E-14
   134.664993      -3.54331432E-14
   134.779999      -4.05610095E-14
   134.895004      -4.54718355E-14
   135.009995      -5.01116787E-14
   135.125000      -5.44290937E-14
   135.240005      -5.83756201E-14
   135.354996      -6.19061416E-14
   135.470001      -6.49791364E-14
   135.585007      -6.75568271E-14
   135.699997      -6.96052170E-14
   135.815002      -7.10940570E-14
   135.929993      -7.19967434E-14
   136.044998      -7.22901150E-14
   136.160004      -7.19542834E-14
   136.274994      -7.09724028E-14
   136.389999      -6.93304870E-14
   136.505005      -6.70172129E-14
   136.619995      -6.40237985E-14
   136.735001      -6.03439553E-14
   136.850006      -5.59739090E-14
   136.964996      -5.09124772E-14
   137.080002      -4.51613200E-14
   137.195007      -3.87252113E-14
   137.309998      -3.16124792E-14
   137.425003      -2.38355122E-14
   137.539993      -1.54113596E-14
   137.654999      -6.36244140E-15
   137.770004       3.28268593E-15
   137.884995       1.34885084E-14
   138.000000       2.42116795E-14
   138.115005       3.54001598E-14
   138.229996       4.69923444E-14
   138.345001       5.89162711E-14
   138.460007       7.10888732E-14
   138.574997       8.34153845E-14
   138.690002       9.57889231E-14
   138.804993       1.08090234E-13
   138.919998       1.20187755E-13
   139.035004       1.31937918E-13
   139.149994       1.43185810E-13
   139.264999       1.53766282E-13
   139.380005       1.63505318E-13
   139.494995       1.72221964E-13
   139.610001       1.79730647E-13
   139.725006       1.85843894E-13
   139.839996       1.90375480E-13
   139.955002       1.93143963E-13
   140.070007       1.93976494E-13
   140.184998       1.92712911E-13
   140.300003       1.89209935E-13
   140.414993       1.83345445E-13
   140.529999       1.75022716E-13
   140.645004       1.64174338E-13
   140.759995       1.50766010E-13
   140.875000       1.34799629E-13
   140.990005       1.16316042E-13
   141.104996       9.53969366E-14
   141.220001       7.21659806E-14
   141.335007       4.67891141E-14
   141.449997       1.94738567E-14
   141.565002      -9.53234023E-15
   141.679993      -3.99446948E-14
   141.794998      -7.14446473E-14
   141.910004      -1.03684354E-13
   142.024994      -1.36291857E-13
   142.139999      -1.68877092E-13
   142.255005      -2.01038283E-13
   142.369995      -2.32368839E-13
   142.485001      -2.62464475E-13
   142.600006      -2.90930230E-13
   142.714996      -3.17387582E-13
   142.830002      -3.41481021E-13
   142.945007      -3.62884364E-13
   143.059998      -3.81306071E-13
   143.175003      -3.96494252E-13
   143.289993      -4.08240526E-13
   143.404999      -4.16382884E-13
   143.520004      -4.20807594E-13
   143.634995      -4.21450093E-13
   143.750000      -4.18294712E-13
   143.865005      -4.11373491E-13
   143.979996      -4.00763678E-13
   144.095001      -3.86584780E-13
   144.210007      -3.68994332E-13
   144.324997      -3.48183125E-13
   144.440002      -3.24369953E-13
   144.554993      -2.97795561E-13
   144.669998      -2.68716635E-13
   144.785004      -2.37399293E-13
   144.899994      -2.04112999E-13
   145.014999      -1.69124101E-13
   145.130005      -1.32690313E-13
   145.244995      -9.50551961E-14
   145.360001      -5.64435414E-14
   145.475006      -1.70575173E-14
   145.589996       2.29262579E-14
   145.705002       6.33586811E-14
   145.820007       1.04118808E-13
   145.934998       1.45113495E-13
   146.050003       1.86275772E-13
   146.164993       2.27561866E-13
   146.279999       2.68947164E-13
   146.395004       3.10421231E-13
   146.509995       3.51981465E-13
   146.625000       3.93626402E-13
   146.740005       4.35348074E-13
   146.854996       4.77124362E-13
   146.970001       5.18910923E-13
   147.085007       5.60633517E-13
   147.199997       6.02180903E-13
   147.315002       6.43398366E-13
   147.429993       6.84082511E-13
   147.544998       7.23976976E-13
   147.660004       7.62770381E-13
   147.774994       8.00095667E-13
   147.889999       8.35531080E-13
   148.005005       8.68603475E-13
   148.119995       8.98793464E-13
   148.235001       9.25542412E-13
   148.350006       9.48260893E-13
   148.464996       9.66339096E-13
   148.580002       9.79157727E-13
   148.695007       9.86100849E-13
   148.809998       9.86568574E-13
   148.925003       9.79989961E-13
   149.039993       9.65835593E-13
   149.154999       9.43630157E-13
   149.270004       9.12963715E-13
   149.384995       8.73501250E-13
   149.500000       8.24991117E-13
   149.615005       7.67272205E-13
   149.729996       7.00277997E-13
   149.845001       6.24039503E-13
   149.960007       5.38686283E-13
   150.074997       4.44444503E-13
   150.190002       3.41634598E-13
   150.304993       2.30666072E-13
   150.419998       1.12031688E-13
   150.535004      -1.36998702E-14
   150.649994      -1.45891857E-13
   150.764999      -2.83848005E-13
   150.880005      -4.26821230E-13
   150.994995      -5.74021841E-13
   151.110001      -7.24625980E-13
   151.225006      -8.77782385E-13
   151.339996      -1.03261919E-12
   151.455002      -1.18824850E-12
   151.570007      -1.34377026E-12
   151.684998      -1.49827481E-12
   151.800003      -1.65084266E-12
   151.914993      -1.80054452E-12
   152.029999      -1.94643737E-12
   152.145004      -2.08756124E-12
   152.259995      -2.22293299E-12
   152.375000      -2.35153845E-12
   152.490005      -2.47232551E-12
   152.604996      -2.58419371E-12
   152.720001      -2.68598403E-12
   152.835007      -2.77646959E-12
   152.949997      -2.85434415E-12
   153.065002      -2.91821168E-12
   153.179993      -2.96657750E-12
   153.294998      -2.99784004E-12
   153.410004      -3.01028256E-12
   153.524994      -3.00207016E-12
   153.639999      -2.97124521E-12
   153.755005      -2.91572929E-12
   153.869995      -2.83332515E-12
   153.985001      -2.72172324E-12
   154.100006      -2.57851249E-12
   154.214996      -2.40119166E-12
   154.330002      -2.18718793E-12
   154.445007      -1.93387602E-12
   154.559998      -1.63860006E-12
   154.675003      -1.29869997E-12
   154.789993      -9.11537122E-13
   154.904999      -4.74523686E-13
   155.020004       1.48491313E-14
   155.134995       5.58984011E-13
   155.250000       1.16014847E-12
   155.365005       1.82045156E-12
   155.479996       2.54181984E-12
   155.595001       3.32597882E-12
   155.710007       4.17443901E-12
   155.824997       5.08848345E-12
   155.940002       6.06916427E-12
   156.054993       7.11729937E-12
   156.169998       8.23347727E-12
   156.285004       9.41806789E-12
   156.399994       1.06712287E-11
   156.514999       1.19929275E-11
   156.630005       1.33829545E-11
   156.744995       1.48409479E-11
   156.860001       1.63664100E-11
   156.975006       1.79587283E-11
   157.089996       1.96171933E-11
   157.205002       2.13410192E-11
   157.320007       2.31293474E-11
   157.434998       2.49812671E-11
   157.550003       2.68958050E-11
   157.664993       2.88719344E-11
   157.779999       3.09085639E-11
   157.895004       3.30045123E-11
   158.009995       3.51585115E-11
   158.125000       3.73691598E-11
   158.240005       3.96349030E-11
   158.354996       4.19539958E-11
   158.470001       4.43244642E-11
   158.585007       4.67440565E-11
   158.699997       4.92102158E-11
   158.815002       5.17200172E-11
   158.929993       5.42701266E-11
   159.044998       5.68567658E-11
   159.160004       5.94756674E-11
   159.274994       6.21220297E-11
   159.389999       6.47904994E-11
   159.505005       6.74751227E-11
   159.619995       7.01693426E-11
   159.735001       7.28659563E-11
   159.850006       7.55571508E-11
   159.964996       7.82344606E-11
   160.080002       8.08887887E-11
   160.195007       8.35104416E-11
   160.309998       8.60891289E-11
   160.425003       8.86139981E-11
   160.539993       9.10736903E-11
   160.654999       9.34563746E-11
   160.770004       9.57498039E-11
   160.884995       9.79413634E-11
   161.000000       1.00018147E-10
   161.115005       1.01966983E-10
   161.229996       1.03774538E-10
   161.345001       1.05427375E-10
   161.460007       1.06911958E-10
   161.574997       1.08214777E-10
   161.690002       1.09322329E-10
   161.804993       1.10221214E-10
   161.919998       1.10898124E-10
   162.035004       1.11339861E-10
   162.149994       1.11533366E-10
   162.264999       1.11465698E-10
   162.380005       1.11124006E-10
   162.494995       1.10495522E-10
   162.610001       1.09567501E-10
   162.725006       1.08327174E-10
   162.839996       1.06761683E-10
   162.955002       1.04858032E-10
   163.070007       1.02603009E-10
   163.184998       9.99831190E-11
   163.300003       9.69844968E-11
   163.414993       9.35928834E-11
   163.529999       8.97935337E-11
   163.645004       8.55711682E-11
   163.759995       8.09099523E-11
   163.875000       7.57934965E-11
   163.990005       7.02048072E-11
   164.104996       6.41263084E-11
   164.220001       5.75398999E-11
   164.335007       5.04269508E-11
   164.449997       4.27684138E-11
   164.565002       3.45448670E-11
   164.679993       2.57366056E-11
   164.794998       1.63237583E-11
   164.910004       6.28639328E-12
   165.024994      -4.39535821E-12
   165.139999      -1.57411757E-11
   165.255005      -2.77704578E-11
   165.369995      -4.05021364E-11
   165.485001      -5.39546047E-11
   165.600006      -6.81455933E-11
   165.714996      -8.30920471E-11
   165.830002      -9.88100504E-11
   165.945007      -1.15314751E-10
   166.059998      -1.32620304E-10
   166.175003      -1.50739782E-10
   166.289993      -1.69685169E-10
   166.404999      -1.89467386E-10
   166.520004      -2.10096218E-10
   166.634995      -2.31580449E-10
   166.750000      -2.53927795E-10
   166.865005      -2.77144974E-10
   166.979996      -3.01237868E-10
   167.095001      -3.26211586E-10
   167.210007      -3.52070401E-10
   167.324997      -3.78818199E-10
   167.440002      -4.06458200E-10
   167.554993      -4.34993402E-10
   167.669998      -4.64426581E-10
   167.785004      -4.94760344E-10
   167.899994      -5.25997357E-10
   168.014999      -5.58140423E-10
   168.130005      -5.91192761E-10
   168.244995      -6.25157759E-10
   168.360001      -6.60039245E-10
   168.475006      -6.95841607E-10
   168.589996      -7.32569783E-10
   168.705002      -7.70229269E-10
   168.820007      -8.08826117E-10
   168.934998      -8.48366932E-10
   169.050003      -8.88858764E-10
   169.164993      -9.30309385E-10
   169.279999      -9.72726677E-10
   169.395004      -1.01611886E-09
   169.509995      -1.06049447E-09
   169.625000      -1.10586207E-09
   169.740005      -1.15223031E-09
   169.854996      -1.19960741E-09
   169.970001      -1.24800170E-09
   170.085007      -1.29742073E-09
   170.199997      -1.34787193E-09
   170.315002      -1.39936196E-09
   170.429993      -1.45189694E-09
   170.544998      -1.50548241E-09
   170.660004      -1.56012292E-09
   170.774994      -1.61582259E-09
   170.889999      -1.67258463E-09
   171.005005      -1.73041148E-09
   171.119995      -1.78930482E-09
   171.235001      -1.84926607E-09
   171.350006      -1.91029548E-09
   171.464996      -1.97239314E-09
   171.580002      -2.03555883E-09
   171.695007      -2.09979167E-09
   171.809998      -2.16509055E-09
   171.925003      -2.23145413E-09
   172.039993      -2.29888109E-09
   172.154999      -2.36736941E-09
   172.270004      -2.43691778E-09
   172.384995      -2.50752441E-09
   172.500000      -2.57918775E-09
   172.615005      -2.65190558E-09
   172.729996      -2.72567680E-09
   172.845001      -2.80049961E-09
   172.960007      -2.87637181E-09
   173.074997      -2.95329228E-09
   173.190002      -3.03125880E-09
   173.304993      -3.11026960E-09
   173.419998      -3.19032312E-09
   173.535004      -3.27141625E-09
   173.649994      -3.35354722E-09
   173.764999      -3.43671291E-09
   173.880005      -3.52091001E-09
   173.994995      -3.60613517E-09
   174.110001      -3.69238395E-09
   174.225006      -3.77965215E-09
   174.339996      -3.86793486E-09
   174.455002      -3.95722566E-09
   174.570007      -4.04751832E-09
   174.684998      -4.13880707E-09
   174.800003      -4.23108304E-09
   174.914993      -4.32433911E-09
   175.029999      -4.41856596E-09
   175.145004      -4.51375426E-09
   175.259995      -4.60989469E-09
   175.375000      -4.70697614E-09
   175.490005      -4.80498930E-09
   175.604996      -4.90392260E-09
   175.720001      -5.00376451E-09
   175.835007      -5.10450482E-09
   175.949997      -5.20613064E-09
   176.065002      -5.30863220E-09
   176.179993      -5.41199752E-09
   176.294998      -5.51621593E-09
   176.410004      -5.62127678E-09
   176.524994      -5.72716941E-09
   176.639999      -5.83388493E-09
   176.755005      -5.94141314E-09
   176.869995      -6.04974515E-09
   176.985001      -6.15887252E-09
   177.100006      -6.26878682E-09
   177.214996      -6.37948094E-09
   177.330002      -6.49094689E-09
   177.445007      -6.60317712E-09
   177.559998      -6.71616407E-09
   177.675003      -6.82990065E-09
   177.789993      -6.94437841E-09
   177.904999      -7.05958980E-09
   178.020004      -7.17552595E-09
   178.134995      -7.29217708E-09
   178.250000      -7.40953388E-09
   178.365005      -7.52758478E-09
   178.479996      -7.64631736E-09
   178.595001      -7.76571873E-09
   178.710007      -7.88577559E-09
   178.824997      -8.00647104E-09
   178.940002      -8.12778911E-09
   179.054993      -8.24971291E-09
   179.169998      -8.37222203E-09
   179.285004      -8.49529602E-09
   179.399994      -8.61891536E-09
   179.514999      -8.74305606E-09
   179.630005      -8.86769502E-09
   179.744995      -8.99280828E-09
   179.860001      -9.11836917E-09
   179.975006      -9.24435284E-09
   180.089996      -9.37073175E-09
   180.205002      -9.49747925E-09
   180.320007      -9.62456692E-09
   180.434998      -9.75196546E-09
   180.550003      -9.87964643E-09
   180.664993      -1.00075788E-08
   180.779999      -1.01357340E-08
   180.895004      -1.02640803E-08
   181.009995      -1.03925872E-08
   181.125000      -1.05212239E-08
   181.240005      -1.06499582E-08
   181.354996      -1.07787583E-08
   181.470001      -1.09075922E-08
   181.585007      -1.10364287E-08
   181.699997      -1.11652332E-08
   181.815002      -1.12939738E-08
   181.929993      -1.14226184E-08
   182.044998      -1.15511316E-08
   182.160004      -1.16794805E-08
   182.274994      -1.18076313E-08
   182.389999      -1.19355494E-08
   182.505005      -1.20632002E-08
   182.619995      -1.21905490E-08
   182.735001      -1.23175594E-08
   182.850006      -1.24441941E-08
   182.964996      -1.25704149E-08
   183.080002      -1.26961872E-08
   183.195007      -1.28214692E-08
   183.309998      -1.29462228E-08
   183.425003      -1.30704070E-08
   183.539993      -1.31939819E-08
   183.654999      -1.33169040E-08
   183.770004      -1.34391325E-08
   183.884995      -1.35606237E-08
   184.000000      -1.36813352E-08
   184.115005      -1.38012242E-08
   184.229996      -1.39202454E-08
   184.345001      -1.40383554E-08
   184.460007      -1.41555114E-08
   184.574997      -1.42716710E-08
   184.690002      -1.43867904E-08
   184.804993      -1.45008272E-08
   184.919998      -1.46137413E-08
   185.035004      -1.47254902E-08
   185.149994      -1.48360355E-08
   185.264999      -1.49453374E-08
   185.380005      -1.50533559E-08
   185.494995      -1.51600581E-08
   185.610001      -1.52654049E-08
   185.725006      -1.53693644E-08
   185.839996      -1.54719011E-08
   185.955002      -1.55729829E-08
   186.070007      -1.56725797E-08
   186.184998      -1.57706594E-08
   186.300003      -1.58671956E-08
   186.414993      -1.59621596E-08
   186.529999      -1.60555214E-08
   186.645004      -1.61472560E-08
   186.759995      -1.62373386E-08
   186.875000      -1.63257443E-08
   186.990005      -1.64124501E-08
   187.104996      -1.64974310E-08
   187.220001      -1.65806640E-08
   187.335007      -1.66621312E-08
   187.449997      -1.67418044E-08
   187.565002      -1.68196692E-08
   187.679993      -1.68956991E-08
   187.794998      -1.69698779E-08
   187.910004      -1.70421810E-08
   188.024994      -1.71125887E-08
   188.139999      -1.71810779E-08
   188.255005      -1.72476273E-08
   188.369995      -1.73122157E-08
   188.485001      -1.73748163E-08
   188.600006      -1.74354060E-08
   188.714996      -1.74939565E-08
   188.830002      -1.75504411E-08
   188.945007      -1.76048331E-08
   189.059998      -1.76571024E-08
   189.175003      -1.77072188E-08
   189.289993      -1.77551502E-08
   189.404999      -1.78008630E-08
   189.520004      -1.78443251E-08
   189.634995      -1.78854993E-08
   189.750000      -1.79243553E-08
   189.865005      -1.79608541E-08
   189.979996      -1.79949620E-08
   190.095001      -1.80266415E-08
   190.210007      -1.80558555E-08
   190.324997      -1.80825701E-08
   190.440002      -1.81067481E-08
   190.554993      -1.81283575E-08
   190.669998      -1.81473609E-08
   190.785004      -1.81637247E-08
   190.899994      -1.81774187E-08
   191.014999      -1.81884090E-08
   191.130005      -1.81966637E-08
   191.244995      -1.82021527E-08
   191.360001      -1.82048456E-08
   191.475006      -1.82047177E-08
   191.589996      -1.82017370E-08
   191.705002      -1.81958804E-08
   191.820007      -1.81871194E-08
   191.934998      -1.81754292E-08
   192.050003      -1.81607902E-08
   192.164993      -1.81431759E-08
   192.279999      -1.81225648E-08
   192.395004      -1.80989357E-08
   192.509995      -1.80722726E-08
   192.625000      -1.80425523E-08
   192.740005      -1.80097572E-08
   192.854996      -1.79738713E-08
   192.970001      -1.79348802E-08
   193.085007      -1.78927664E-08
   193.199997      -1.78475119E-08
   193.315002      -1.77991080E-08
   193.429993      -1.77475368E-08
   193.544998      -1.76927841E-08
   193.660004      -1.76348394E-08
   193.774994      -1.75736865E-08
   193.889999      -1.75093149E-08
   194.005005      -1.74417103E-08
   194.119995      -1.73708621E-08
   194.235001      -1.72967560E-08
   194.350006      -1.72193815E-08
   194.464996      -1.71387313E-08
   194.580002      -1.70547949E-08
   194.695007      -1.69675651E-08
   194.809998      -1.68770331E-08
   194.925003      -1.67831971E-08
   195.039993      -1.66860517E-08
   195.154999      -1.65855987E-08
   195.270004      -1.64818346E-08
   195.384995      -1.63747664E-08
   195.500000      -1.62643961E-08
   195.615005      -1.61507305E-08
   195.729996      -1.60337823E-08
   195.845001      -1.59135602E-08
   195.960007      -1.57900821E-08
   196.074997      -1.56633622E-08
   196.190002      -1.55334199E-08
   196.304993      -1.54002766E-08
   196.419998      -1.52639537E-08
   196.535004      -1.51244777E-08
   196.649994      -1.49818700E-08
   196.764999      -1.48361616E-08
   196.880005      -1.46873784E-08
   196.994995      -1.45355497E-08
   197.110001      -1.43807055E-08
   197.225006      -1.42228762E-08
   197.339996      -1.40620928E-08
   197.455002      -1.38983864E-08
   197.570007      -1.37317908E-08
   197.684998      -1.35623379E-08
   197.800003      -1.33900615E-08
   197.914993      -1.32149944E-08
   198.029999      -1.30371713E-08
   198.145004      -1.28566287E-08
   198.259995      -1.26734001E-08
   198.375000      -1.24875212E-08
   198.490005      -1.22990285E-08
   198.604996      -1.21079600E-08
   198.720001      -1.19143531E-08
   198.835007      -1.17182459E-08
   198.949997      -1.15196750E-08
   199.065002      -1.13186793E-08
   199.179993      -1.11152962E-08
   199.294998      -1.09095675E-08
   199.410004      -1.07015312E-08
   199.524994      -1.04912266E-08
   199.639999      -1.02786926E-08
   199.755005      -1.00639665E-08
   199.869995      -9.84709114E-09
   199.985001      -9.62810365E-09
   200.100006      -9.40704403E-09
   200.214996      -9.18395404E-09
   200.330002      -8.95887098E-09
   200.445007      -8.73183570E-09
   200.559998      -8.50288728E-09
   200.675003      -8.27206659E-09
   200.789993      -8.03941180E-09
   200.904999      -7.80496379E-09
   201.020004      -7.56875895E-09
   201.134995      -7.33083771E-09
   201.250000      -7.09123738E-09
   201.365005      -6.84999568E-09
   201.479996      -6.60714816E-09
   201.595001      -6.36273167E-09
   201.710007      -6.11677953E-09
   201.824997      -5.86932636E-09
   201.940002      -5.62040459E-09
   202.054993      -5.37004752E-09
   202.169998      -5.11828668E-09
   202.285004      -4.86515095E-09
   202.399994      -4.61067096E-09
   202.514999      -4.35487824E-09
   202.630005      -4.09780165E-09
   202.744995      -3.83947185E-09
   202.860001      -3.57992103E-09
   202.975006      -3.31917960E-09
   203.089996      -3.05728398E-09
   203.205002      -2.79426859E-09
   203.320007      -2.53017274E-09
   203.434998      -2.26503483E-09
   203.550003      -1.99890127E-09
   203.664993      -1.73181725E-09
   203.779999      -1.46383183E-09
   203.895004      -1.19499621E-09
   204.009995      -9.25364674E-10
   204.125000      -6.54993892E-10
   204.240005      -3.83944959E-10
   204.354996      -1.12278534E-10
   204.470001       1.59941921E-10
   204.585007       4.32649444E-10
   204.699997       7.05776826E-10
   204.815002       9.79256010E-10
   204.929993       1.25301602E-09
   205.044998       1.52698598E-09
   205.160004       1.80109283E-09
   205.274994       2.07526263E-09
   205.389999       2.34942066E-09
   205.505005       2.62349187E-09
   205.619995       2.89740276E-09
   205.735001       3.17107562E-09
   205.850006       3.44443518E-09
   205.964996       3.71740594E-09
   206.080002       3.98991151E-09
   206.195007       4.26187485E-09
   206.309998       4.53322091E-09
   206.425003       4.80387463E-09
   206.539993       5.07376141E-09
   206.654999       5.34280575E-09
   206.770004       5.61093216E-09
   206.884995       5.87806870E-09
   207.000000       6.14413986E-09
   207.115005       6.40907327E-09
   207.229996       6.67279565E-09
   207.345001       6.93523594E-09
   207.460007       7.19631821E-09
   207.574997       7.45597362E-09
   207.690002       7.71412711E-09
   207.804993       7.97071031E-09
   207.919998       8.22564861E-09
   208.035004       8.47887094E-09
   208.149994       8.73030448E-09
   208.264999       8.97987462E-09
   208.380005       9.22750854E-09
   208.494995       9.47312984E-09
   208.610001       9.71666569E-09
   208.725006       9.95803884E-09
   208.839996       1.01971755E-08
   208.955002       1.04339994E-08
   209.070007       1.06684341E-08
   209.184998       1.09004068E-08
   209.300003       1.11298402E-08
   209.414993       1.13566605E-08
   209.529999       1.15807968E-08
   209.645004       1.18021788E-08
   209.759995       1.20207364E-08
   209.875000       1.22364057E-08
   209.990005       1.24491208E-08
   210.104996       1.26588198E-08
   210.220001       1.28654474E-08
   210.335007       1.30689477E-08
   210.449997       1.32692701E-08
   210.565002       1.34663676E-08
   210.679993       1.36601956E-08
   210.794998       1.38507126E-08
   210.910004       1.40378802E-08
   211.024994       1.42216585E-08
   211.139999       1.44020156E-08
   211.255005       1.45789176E-08
   211.369995       1.47523327E-08
   211.485001       1.49222306E-08
   211.600006       1.50885811E-08
   211.714996       1.52513575E-08
   211.830002       1.54105297E-08
   211.945007       1.55660711E-08
   212.059998       1.57179532E-08
   212.175003       1.58661493E-08
   212.289993       1.60106293E-08
   212.404999       1.61513665E-08
   212.520004       1.62883342E-08
   212.634995       1.64215059E-08
   212.750000       1.65508496E-08
   212.865005       1.66763368E-08
   212.979996       1.67979408E-08
   213.095001       1.69156280E-08
   213.210007       1.70293699E-08
   213.324997       1.71391363E-08
   213.440002       1.72448935E-08
   213.554993       1.73466095E-08
   213.669998       1.74442469E-08
   213.785004       1.75377739E-08
   213.899994       1.76271548E-08
   214.014999       1.77123525E-08
   214.130005       1.77933330E-08
   214.244995       1.78700539E-08
   214.360001       1.79424848E-08
   214.475006       1.80105868E-08
   214.589996       1.80743278E-08
   214.705002       1.81336741E-08
   214.820007       1.81885902E-08
   214.934998       1.82390494E-08
   215.050003       1.82850250E-08
   215.164993       1.83264905E-08
   215.279999       1.83634246E-08
   215.395004       1.83958093E-08
   215.509995       1.84236288E-08
   215.625000       1.84468689E-08
   215.740005       1.84655207E-08
   215.854996       1.84795770E-08
   215.970001       1.84890325E-08
   216.085007       1.84938838E-08
   216.199997       1.84941324E-08
   216.315002       1.84897750E-08
   216.429993       1.84808169E-08
   216.544998       1.84672579E-08
   216.660004       1.84491018E-08
   216.774994       1.84263520E-08
   216.889999       1.83990085E-08
   217.005005       1.83670732E-08
   217.119995       1.83305495E-08
   217.235001       1.82894340E-08
   217.350006       1.82437301E-08
   217.464996       1.81934325E-08
   217.580002       1.81385413E-08
   217.695007       1.80790494E-08
   217.809998       1.80149549E-08
   217.925003       1.79462489E-08
   218.039993       1.78729298E-08
   218.154999       1.77949868E-08
   218.270004       1.77124146E-08
   218.384995       1.76252080E-08
   218.500000       1.75333543E-08
   218.615005       1.74368484E-08
   218.729996       1.73356831E-08
   218.845001       1.72298513E-08
   218.960007       1.71193406E-08
   219.074997       1.70041456E-08
   219.190002       1.68842593E-08
   219.304993       1.67596745E-08
   219.419998       1.66303824E-08
   219.535004       1.64963829E-08
   219.649994       1.63576708E-08
   219.764999       1.62142477E-08
   219.880005       1.60661173E-08
   219.994995       1.59132849E-08
   220.110001       1.57557594E-08
   220.225006       1.55935584E-08
   220.339996       1.54266964E-08
   220.455002       1.52551980E-08
   220.570007       1.50790882E-08
   220.684998       1.48983998E-08
   220.800003       1.47131649E-08
   220.914993       1.45234242E-08
   221.029999       1.43292187E-08
   221.145004       1.41305954E-08
   221.259995       1.39276031E-08
   221.375000       1.37202933E-08
   221.490005       1.35087204E-08
   221.604996       1.32929410E-08
   221.720001       1.30730111E-08
   221.835007       1.28489894E-08
   221.949997       1.26209354E-08
   222.065002       1.23889086E-08
   222.179993       1.21529657E-08
   222.294998       1.19131682E-08
   222.410004       1.16695729E-08
   222.524994       1.14222383E-08
   222.639999       1.11712204E-08
   222.755005       1.09165752E-08
   222.869995       1.06583604E-08
   222.985001       1.03966347E-08
   223.100006       1.01314530E-08
   223.214996       9.86287407E-09
   223.330002       9.59095647E-09
   223.445007       9.31576327E-09
   223.559998       9.03735842E-09
   223.675003       8.75580586E-09
   223.789993       8.47117487E-09
   223.904999       8.18353385E-09
   224.020004       7.89295562E-09
   224.134995       7.59951746E-09
   224.250000       7.30329530E-09
   224.365005       7.00436820E-09
   224.479996       6.70281963E-09
   224.595001       6.39873265E-09
   224.710007       6.09219430E-09
   224.824997       5.78329251E-09
   224.940002       5.47211743E-09
   225.054993       5.15875920E-09
   225.169998       4.84331508E-09
   225.285004       4.52587923E-09
   225.399994       4.20655111E-09
   225.514999       3.88543198E-09
   225.630005       3.56262420E-09
   225.744995       3.23823279E-09
   225.860001       2.91236613E-09
   225.975006       2.58513055E-09
   226.089996       2.25663532E-09
   226.205002       1.92698946E-09
   226.320007       1.59630331E-09
   226.434998       1.26468358E-09
   226.550003       9.32236732E-10
   226.664993       5.99066352E-10
   226.779999       2.65274108E-10
   226.895004      -6.90402457E-11
   227.009995      -4.03782147E-10
   227.125000      -7.38858752E-10
   227.240005      -1.07418008E-09
   227.354996      -1.40966283E-09
   227.470001      -1.74522397E-09
   227.585007      -2.08078443E-09
   227.699997      -2.41626674E-09
   227.815002      -2.75159806E-09
   227.929993      -3.08670822E-09
   228.044998      -3.42152640E-09
   228.160004      -3.75598974E-09
   228.274994      -4.09003276E-09
   228.389999      -4.42359394E-09
   228.505005      -4.75660888E-09
   228.619995      -5.08901721E-09
   228.735001      -5.42075895E-09
   228.850006      -5.75177284E-09
   228.964996      -6.08199979E-09
   229.080002      -6.41137810E-09
   229.195007      -6.73984513E-09
   229.309998      -7.06733960E-09
   229.425003      -7.39379979E-09
   229.539993      -7.71916486E-09
   229.654999      -8.04337308E-09
   229.770004      -8.36636360E-09
   229.884995      -8.68807692E-09
   230.000000      -9.00845354E-09
   230.115005      -9.32743838E-09
   230.229996      -9.64497282E-09
   230.345001      -9.96100447E-09
   230.460007      -1.02754774E-08
   230.574997      -1.05883391E-08
   230.690002      -1.08995390E-08
   230.804993      -1.12090248E-08
   230.919998      -1.15167476E-08
   231.035004      -1.18226522E-08
   231.149994      -1.21266899E-08
   231.264999      -1.24288055E-08
   231.380005      -1.27289468E-08
   231.494995      -1.30270577E-08
   231.610001      -1.33230813E-08
   231.725006      -1.36169582E-08
   231.839996      -1.39086280E-08
   231.955002      -1.41980312E-08
   232.070007      -1.44851029E-08
   232.184998      -1.47697818E-08
   232.300003      -1.50520023E-08
   232.414993      -1.53317004E-08
   232.529999      -1.56088067E-08
   232.645004      -1.58832592E-08
   232.759995      -1.61549885E-08
   232.875000      -1.64239236E-08
   232.990005      -1.66899952E-08
   233.104996      -1.69531287E-08
   233.220001      -1.72132548E-08
   233.335007      -1.74702937E-08
   233.449997      -1.77241670E-08
   233.565002      -1.79747950E-08
   233.679993      -1.82220923E-08
   233.794998      -1.84659754E-08
   233.910004      -1.87063520E-08
   234.024994      -1.89431351E-08
   234.139999      -1.91762268E-08
   234.255005      -1.94055385E-08
   234.369995      -1.96309724E-08
   234.485001      -1.98524326E-08
   234.600006      -2.00698249E-08
   234.714996      -2.02830517E-08
   234.830002      -2.04920205E-08
   234.945007      -2.06966355E-08
   235.059998      -2.08968061E-08
   235.175003      -2.10924433E-08
   235.289993      -2.12834586E-08
   235.404999      -2.14697682E-08
   235.520004      -2.16512888E-08
   235.634995      -2.18279421E-08
   235.750000      -2.19996483E-08
   235.865005      -2.21663381E-08
   235.979996      -2.23279333E-08
   236.095001      -2.24843681E-08
   236.210007      -2.26355734E-08
   236.324997      -2.27814851E-08
   236.440002      -2.29220340E-08
   236.554993      -2.30571597E-08
   236.669998      -2.31868000E-08
   236.785004      -2.33108928E-08
   236.899994      -2.34293740E-08
   237.014999      -2.35421904E-08
   237.130005      -2.36492763E-08
   237.244995      -2.37505802E-08
   237.360001      -2.38460416E-08
   237.475006      -2.39356073E-08
   237.589996      -2.40192222E-08
   237.705002      -2.40968330E-08
   237.820007      -2.41683935E-08
   237.934998      -2.42338540E-08
   238.050003      -2.42931719E-08
   238.164993      -2.43462992E-08
   238.279999      -2.43932003E-08
   238.395004      -2.44338345E-08
   238.509995      -2.44681662E-08
   238.625000      -2.44961615E-08
   238.740005      -2.45177869E-08
   238.854996      -2.45330085E-08
   238.970001      -2.45417997E-08
   239.085007      -2.45441267E-08
   239.199997      -2.45399647E-08
   239.315002      -2.45292799E-08
   239.429993      -2.45120457E-08
   239.544998      -2.44882390E-08
   239.660004      -2.44578260E-08
   239.774994      -2.44207872E-08
   239.889999      -2.43770959E-08
   240.005005      -2.43267326E-08
   240.119995      -2.42696760E-08
   240.235001      -2.42059119E-08
   240.350006      -2.41354243E-08
   240.464996      -2.40582114E-08
   240.580002      -2.39742661E-08
   240.695007      -2.38835902E-08
   240.809998      -2.37861926E-08
   240.925003      -2.36820838E-08
   241.039993      -2.35712800E-08
   241.154999      -2.34538007E-08
   241.270004      -2.33296689E-08
   241.384995      -2.31989166E-08
   241.500000      -2.30615722E-08
   241.615005      -2.29176749E-08
   241.729996      -2.27672547E-08
   241.845001      -2.26103580E-08
   241.960007      -2.24470256E-08
   242.074997      -2.22773036E-08
   242.190002      -2.21012399E-08
   242.304993      -2.19188845E-08
   242.419998      -2.17302869E-08
   242.535004      -2.15355058E-08
   242.649994      -2.13345963E-08
   242.764999      -2.11276188E-08
   242.880005      -2.09146336E-08
   242.994995      -2.06957065E-08
   243.110001      -2.04709032E-08
   243.225006      -2.02402930E-08
   243.339996      -2.00039469E-08
   243.455002      -1.97619379E-08
   243.570007      -1.95143350E-08
   243.684998      -1.92612148E-08
   243.800003      -1.90026519E-08
   243.914993      -1.87387172E-08
   244.029999      -1.84694873E-08
   244.145004      -1.81950295E-08
   244.259995      -1.79154167E-08
   244.375000      -1.76307147E-08
   244.490005      -1.73409891E-08
   244.604996      -1.70463039E-08
   244.720001      -1.67467142E-08
   244.835007      -1.64422786E-08
   244.949997      -1.61330487E-08
   245.065002      -1.58190829E-08
   245.179993      -1.55004276E-08
   245.294998      -1.51771378E-08
   245.410004      -1.48492632E-08
   245.524994      -1.45168535E-08
   245.639999      -1.41799630E-08
   245.755005      -1.38386467E-08
   245.869995      -1.34929659E-08
   245.985001      -1.31429827E-08
   246.100006      -1.27887638E-08
   246.214996      -1.24303812E-08
   246.330002      -1.20679111E-08
   246.445007      -1.17014327E-08
   246.559998      -1.13310277E-08
   246.675003      -1.09567857E-08
   246.789993      -1.05787947E-08
   246.904999      -1.01971471E-08
   247.020004      -9.81193971E-09
   247.134995      -9.42326572E-09
   247.250000      -9.03122555E-09
   247.365005      -8.63591954E-09
   247.479996      -8.23744539E-09
   247.595001      -7.83590437E-09
   247.710007      -7.43139594E-09
   247.824997      -7.02402092E-09
   247.940002      -6.61387434E-09
   248.054993      -6.20105212E-09
   248.169998      -5.78564929E-09
   248.285004      -5.36775602E-09
   248.399994      -4.94746022E-09
   248.514999      -4.52484716E-09
   248.630005      -4.09999634E-09
   248.744995      -3.67298614E-09
   248.860001      -3.24388605E-09
   248.975006      -2.81276269E-09
   249.089996      -2.37967468E-09
   249.205002      -1.94467709E-09
   249.320007      -1.50781543E-09
   249.434998      -1.06913067E-09
   249.550003      -6.28653185E-10
   249.664993      -1.86408208E-10
   249.779999       2.57587923E-10
   249.895004       7.03327008E-10
   250.009995       1.15080445E-09
   250.125000       1.60002789E-09
   250.240005       2.05100537E-09
   250.354996       2.50375232E-09
   250.470001       2.95828850E-09
   250.585007       3.41463191E-09
   250.699997       3.87280297E-09
   250.815002       4.33281944E-09
   250.929993       4.79469531E-09
   251.044998       5.25844079E-09
   251.160004       5.72405945E-09
   251.274994       6.19154861E-09
   251.389999       6.66089583E-09
   251.505005       7.13208159E-09
   251.619995       7.60507568E-09
   251.735001       8.07983991E-09
   251.850006       8.55632543E-09
   251.964996       9.03447805E-09
   252.080002       9.51422852E-09
   252.195007       9.99550309E-09
   252.309998       1.04782174E-08
   252.425003       1.09622764E-08
   252.539993       1.14475815E-08
   252.654999       1.19340218E-08
   252.770004       1.24214790E-08
   252.884995       1.29098261E-08
   253.000000       1.33989282E-08
   253.115005       1.38886440E-08
   253.229996       1.43788208E-08
   253.345001       1.48693005E-08
   253.460007       1.53599142E-08
   253.574997       1.58504907E-08
   253.690002       1.63408505E-08
   253.804993       1.68308052E-08
   253.919998       1.73201613E-08
   254.035004       1.78087234E-08
   254.149994       1.82962854E-08
   254.264999       1.87826483E-08
   254.380005       1.92675973E-08
   254.494995       1.97509245E-08
   254.610001       2.02324202E-08
   254.725006       2.07118696E-08
   254.839996       2.11890665E-08
   254.955002       2.16637961E-08
   255.070007       2.21358558E-08
   255.184998       2.26050396E-08
   255.300003       2.30711485E-08
   255.414993       2.35339837E-08
   255.529999       2.39933549E-08
   255.645004       2.44490739E-08
   255.759995       2.49009595E-08
   255.875000       2.53488324E-08
   255.990005       2.57925166E-08
   256.105011       2.62318416E-08
   256.220001       2.66666422E-08
   256.334991       2.70967515E-08
   256.450012       2.75220078E-08
   256.565002       2.79422530E-08
   256.679993       2.83573272E-08
   256.795013       2.87670776E-08
   256.910004       2.91713498E-08
   257.024994       2.95699945E-08
   257.140015       2.99628660E-08
   257.255005       3.03498169E-08
   257.369995       3.07307104E-08
   257.484985       3.11054080E-08
   257.600006       3.14737783E-08
   257.714996       3.18356896E-08
   257.829987       3.21910179E-08
   257.945007       3.25396456E-08
   258.059998       3.28814522E-08
   258.174988       3.32163239E-08
   258.290009       3.35441541E-08
   258.404999       3.38648327E-08
   258.519989       3.41782531E-08
   258.635010       3.44843158E-08
   258.750000       3.47829108E-08
   258.864990       3.50739420E-08
   258.980011       3.53573064E-08
   259.095001       3.56329046E-08
   259.209991       3.59006336E-08
   259.325012       3.61603902E-08
   259.440002       3.64120787E-08
   259.554993       3.66556030E-08
   259.670013       3.68908601E-08
   259.785004       3.71177684E-08
   259.899994       3.73362425E-08
   260.015015       3.75462044E-08
   260.130005       3.77475793E-08
   260.244995       3.79403104E-08
   260.359985       3.81243446E-08
   260.475006       3.82996497E-08
   260.589996       3.84661938E-08
   260.704987       3.86239734E-08
   260.820007       3.87729813E-08
   260.934998       3.89132424E-08
   261.049988       3.90447852E-08
   261.165009       3.91676593E-08
   261.279999       3.92819217E-08
   261.394989       3.93876434E-08
   261.510010       3.94849167E-08
   261.625000       3.95738375E-08
   261.739990       3.96545161E-08
   261.855011       3.97270803E-08
   261.970001       3.97916615E-08
   262.084991       3.98484019E-08
   262.200012       3.98974507E-08
   262.315002       3.99389783E-08
   262.429993       3.99731519E-08
   262.545013       4.00001454E-08
   262.660004       4.00201401E-08
   262.774994       4.00333242E-08
   262.890015       4.00398825E-08
   263.005005       4.00399998E-08
   263.119995       4.00338678E-08
   263.234985       4.00216678E-08
   263.350006       4.00035738E-08
   263.464996       3.99797635E-08
   263.579987       3.99503932E-08
   263.695007       3.99156193E-08
   263.809998       3.98755837E-08
   263.924988       3.98304145E-08
   264.040009       3.97802182E-08
   264.154999       3.97250979E-08
   264.269989       3.96651210E-08
   264.385010       3.96003550E-08
   264.500000       3.95308355E-08
   264.614990       3.94565909E-08
   264.730011       3.93776141E-08
   264.845001       3.92938873E-08
   264.959991       3.92053714E-08
   265.075012       3.91120025E-08
   265.190002       3.90137060E-08
   265.304993       3.89103896E-08
   265.420013       3.88019394E-08
   265.535004       3.86882384E-08
   265.649994       3.85691443E-08
   265.765015       3.84445116E-08
   265.880005       3.83141838E-08
   265.994995       3.81780012E-08
   266.109985       3.80357861E-08
   266.225006       3.78873715E-08
   266.339996       3.77325726E-08
   266.454987       3.75712084E-08
   266.570007       3.74030904E-08
   266.684998       3.72280304E-08
   266.799988       3.70458366E-08
   266.915009       3.68563100E-08
   267.029999       3.66592658E-08
   267.144989       3.64544981E-08
   267.260010       3.62418184E-08
   267.375000       3.60210315E-08
   267.489990       3.57919490E-08
   267.605011       3.55543790E-08
   267.720001       3.53081440E-08
   267.834991       3.50530662E-08
   267.950012       3.47889895E-08
   268.065002       3.45157574E-08
   268.179993       3.42332314E-08
   268.295013       3.39412871E-08
   268.410004       3.36398180E-08
   268.524994       3.33287282E-08
   268.640015       3.30079537E-08
   268.755005       3.26774305E-08
   268.869995       3.23371303E-08
   268.984985       3.19870317E-08
   269.100006       3.16271418E-08
   269.214996       3.12574926E-08
   269.329987       3.08781232E-08
   269.445007       3.04891046E-08
   269.559998       3.00905256E-08
   269.674988       2.96825000E-08
   269.790009       2.92651574E-08
   269.904999       2.88386524E-08
   270.019989       2.84031625E-08
   270.135010       2.79588921E-08
   270.250000       2.75060579E-08
   270.364990       2.70449050E-08
   270.480011       2.65756981E-08
   270.595001       2.60987196E-08
   270.709991       2.56142751E-08
   270.825012       2.51226844E-08
   270.940002       2.46242831E-08
   271.054993       2.41194247E-08
   271.170013       2.36084663E-08
   271.285004       2.30917863E-08
   271.399994       2.25697612E-08
   271.515015       2.20427765E-08
   271.630005       2.15112212E-08
   271.744995       2.09754827E-08
   271.859985       2.04359498E-08
   271.975006       1.98930010E-08
   272.089996       1.93470129E-08
   272.204987       1.87983495E-08
   272.320007       1.82473610E-08
   272.434998       1.76943846E-08
   272.549988       1.71397421E-08
   272.665009       1.65837353E-08
   272.779999       1.60266467E-08
   272.894989       1.54687410E-08
   273.010010       1.49102544E-08
   273.125000       1.43514098E-08
   273.239990       1.37924046E-08
   273.355011       1.32334153E-08
   273.470001       1.26746000E-08
   273.584991       1.21160957E-08
   273.700012       1.15580203E-08
   273.815002       1.10004770E-08
   273.929993       1.04435509E-08
   274.045013       9.88731053E-09
   274.160004       9.33181177E-09
   274.274994       8.77709816E-09
   274.390015       8.22319723E-09
   274.505005       7.67012587E-09
   274.619995       7.11788894E-09
   274.734985       6.56647758E-09
   274.850006       6.01587713E-09
   274.964996       5.46605960E-09
   275.079987       4.91699126E-09
   275.195007       4.36862946E-09
   275.309998       3.82092891E-09
   275.424988       3.27384186E-09
   275.540009       2.72731859E-09
   275.654999       2.18130980E-09
   275.769989       1.63577252E-09
   275.885010       1.09066578E-09
   276.000000       5.45956891E-10
   276.114990       1.62152626E-12
   276.230011      -5.42355438E-10
   276.345001      -1.08598153E-09
   276.459991      -1.62924996E-09
   276.575012      -2.17214202E-09
   276.690002      -2.71462919E-09
   276.804993      -3.25667071E-09
   276.920013      -3.79821419E-09
   277.035004      -4.33919434E-09
   277.149994      -4.87953056E-09
   277.265015      -5.41913359E-09
   277.380005      -5.95790084E-09
   277.494995      -6.49571508E-09
   277.609985      -7.03244796E-09
   277.725006      -7.56795515E-09
   277.839996      -8.10207723E-09
   277.954987      -8.63464322E-09
   278.070007      -9.16546661E-09
   278.184998      -9.69434222E-09
   278.299988      -1.02210516E-08
   278.415009      -1.07453593E-08
   278.529999      -1.12670131E-08
   278.644989      -1.17857466E-08
   278.760010      -1.23012764E-08
   278.875000      -1.28132989E-08
   278.989990      -1.33214977E-08
   279.105011      -1.38255398E-08
   279.220001      -1.43250780E-08
   279.334991      -1.48197481E-08
   279.450012      -1.53091744E-08
   279.565002      -1.57929652E-08
   279.679993      -1.62707199E-08
   279.795013      -1.67420264E-08
   279.910004      -1.72064567E-08
   280.024994      -1.76635844E-08
   280.140015      -1.81129653E-08
   280.255005      -1.85541538E-08
   280.369995      -1.89867055E-08
   280.484985      -1.94101659E-08
   280.600006      -1.98240837E-08
   280.714996      -2.02280059E-08
   280.829987      -2.06214814E-08
   280.945007      -2.10040625E-08
   281.059998      -2.13753069E-08
   281.174988      -2.17347704E-08
   281.290009      -2.20820198E-08
   281.404999      -2.24166268E-08
   281.519989      -2.27381669E-08
   281.635010      -2.30462245E-08
   281.750000      -2.33403927E-08
   281.864990      -2.36202737E-08
   281.980011      -2.38854838E-08
   282.095001      -2.41356464E-08
   282.209991      -2.43703955E-08
   282.325012      -2.45893848E-08
   282.440002      -2.47922785E-08
   282.554993      -2.49787551E-08
   282.670013      -2.51485108E-08
   282.785004      -2.53012562E-08
   282.899994      -2.54367141E-08
   283.015015      -2.55546304E-08
   283.130005      -2.56547530E-08
   283.244995      -2.57368544E-08
   283.359985      -2.58007145E-08
   283.475006      -2.58461252E-08
   283.589996      -2.58728861E-08
   283.704987      -2.58808068E-08
   283.820007      -2.58696993E-08
   283.934998      -2.58393857E-08
   284.049988      -2.57896957E-08
   284.165009      -2.57204515E-08
   284.279999      -2.56314845E-08
   284.394989      -2.55226293E-08
   284.510010      -2.53937209E-08
   284.625000      -2.52445940E-08
   284.739990      -2.50750904E-08
   284.855011      -2.48850416E-08
   284.970001      -2.46742946E-08
   285.084991      -2.44426861E-08
   285.200012      -2.41900562E-08
   285.315002      -2.39162485E-08
   285.429993      -2.36211068E-08
   285.545013      -2.33044730E-08
   285.660004      -2.29661925E-08
   285.774994      -2.26061143E-08
   285.890015      -2.22240839E-08
   286.005005      -2.18199538E-08
   286.119995      -2.13935820E-08
   286.234985      -2.09448281E-08
   286.350006      -2.04735535E-08
   286.464996      -1.99796233E-08
   286.579987      -1.94629219E-08
   286.695007      -1.89233234E-08
   286.809998      -1.83607138E-08
   286.924988      -1.77749904E-08
   287.040009      -1.71660570E-08
   287.154999      -1.65338268E-08
   287.269989      -1.58782196E-08
   287.385010      -1.51991717E-08
   287.500000      -1.44966315E-08
   287.614990      -1.37705536E-08
   287.730011      -1.30209123E-08
   287.845001      -1.22476962E-08
   287.959991      -1.14509042E-08
   288.075012      -1.06305551E-08
   288.190002      -9.78668346E-09
   288.304993      -8.91933460E-09
   288.420013      -8.02857159E-09
   288.535004      -7.11446768E-09
   288.649994      -6.17711216E-09
   288.765015      -5.21660670E-09
   288.880005      -4.23305790E-09
   288.994995      -3.22658278E-09
   289.109985      -2.19730967E-09
   289.225006      -1.14536736E-09
   289.339996      -7.08942210E-11
   289.454987       1.02597075E-09
   289.570007       2.14508389E-09
   289.684998       3.28630168E-09
   289.799988       4.44947590E-09
   289.915009       5.63445601E-09
   290.029999       6.84109569E-09
   290.144989       8.06924749E-09
   290.260010       9.31876531E-09
   290.375000       1.05895062E-08
   290.489990       1.18813315E-08
   290.605011       1.31941080E-08
   290.720001       1.45277097E-08
   290.834991       1.58820246E-08
   290.950012       1.72569390E-08
   291.065002       1.86523614E-08
   291.179993       2.00682031E-08
   291.295013       2.15043929E-08
   291.410004       2.29608723E-08
   291.524994       2.44375951E-08
   291.640015       2.59345310E-08
   291.755005       2.74516534E-08
   291.869995       2.89889659E-08
   291.984985       3.05464738E-08
   292.100006       3.21241984E-08
   292.214996       3.37221771E-08
   292.329987       3.53404594E-08
   292.445007       3.69791024E-08
   292.559998       3.86381807E-08
   292.674988       4.03177616E-08
   292.790009       4.20179340E-08
   292.904999       4.37387904E-08
   293.019989       4.54804194E-08
   293.135010       4.72429171E-08
   293.250000       4.90263687E-08
   293.364990       5.08308666E-08
   293.480011       5.26564783E-08
   293.595001       5.45032783E-08
   293.709991       5.63713165E-08
   293.825012       5.82606390E-08
   293.940002       6.01712600E-08
   294.054993       6.21031973E-08
   294.170013       6.40564366E-08
   294.285004       6.60309425E-08
   294.399994       6.80266581E-08
   294.515015       7.00435123E-08
   294.630005       7.20813915E-08
   294.744995       7.41401820E-08
   294.859985       7.62197203E-08
   294.975006       7.83198288E-08
   295.089996       8.04402944E-08
   295.204987       8.25808755E-08
   295.320007       8.47413091E-08
   295.434998       8.69212826E-08
   295.549988       8.91204834E-08
   295.665009       9.13385350E-08
   295.779999       9.35750606E-08
   295.894989       9.58296340E-08
   296.010010       9.81018147E-08
   296.125000       1.00391127E-07
   296.239990       1.02697101E-07
   296.355011       1.05019218E-07
   296.470001       1.07356961E-07
   296.584991       1.09709809E-07
   296.700012       1.12077210E-07
   296.815002       1.14458622E-07
   296.929993       1.16853499E-07
   297.045013       1.19261287E-07
   297.160004       1.21681438E-07
   297.274994       1.24113399E-07
   297.390015       1.26556614E-07
   297.505005       1.29010573E-07
   297.619995       1.31474678E-07
   297.734985       1.33948433E-07
   297.850006       1.36431296E-07
   297.964996       1.38922729E-07
   298.079987       1.41422206E-07
   298.195007       1.43929199E-07
   298.309998       1.46443199E-07
   298.424988       1.48963679E-07
   298.540009       1.51490127E-07
   298.654999       1.54022004E-07
   298.769989       1.56558826E-07
   298.885010       1.59100054E-07
   299.000000       1.61645190E-07
   299.114990       1.64193693E-07
   299.230011       1.66745068E-07
   299.345001       1.69298787E-07
   299.459991       1.71854296E-07
   299.575012       1.74411099E-07
   299.690002       1.76968626E-07
   299.804993       1.79526339E-07
   299.920013       1.82083667E-07
   300.035004       1.84640058E-07
   300.149994       1.87194942E-07
   300.265015       1.89747723E-07
   300.380005       1.92297819E-07
   300.494995       1.94844631E-07
   300.609985       1.97387564E-07
   300.725006       1.99926006E-07
   300.839996       2.02459319E-07
   300.954987       2.04986875E-07
   301.070007       2.07508080E-07
   301.184998       2.10022264E-07
   301.299988       2.12528803E-07
   301.415009       2.15027043E-07
   301.529999       2.17516373E-07
   301.644989       2.19996124E-07
   301.760010       2.22465673E-07
   301.875000       2.24924378E-07
   301.989990       2.27371615E-07
   302.105011       2.29806773E-07
   302.220001       2.32229212E-07
   302.334991       2.34638335E-07
   302.450012       2.37033532E-07
   302.565002       2.39414248E-07
   302.679993       2.41779844E-07
   302.795013       2.44129808E-07
   302.910004       2.46463543E-07
   303.024994       2.48780509E-07
   303.140015       2.51080138E-07
   303.255005       2.53361918E-07
   303.369995       2.55625309E-07
   303.484985       2.57869772E-07
   303.600006       2.60094737E-07
   303.714996       2.62299750E-07
   303.829987       2.64484186E-07
   303.945007       2.66647589E-07
   304.059998       2.68789393E-07
   304.174988       2.70909084E-07
   304.290009       2.73006123E-07
   304.404999       2.75079969E-07
   304.519989       2.77130113E-07
   304.635010       2.79156097E-07
   304.750000       2.81157298E-07
   304.864990       2.83133232E-07
   304.980011       2.85083445E-07
   305.095001       2.87007367E-07
   305.209991       2.88904545E-07
   305.325012       2.90774437E-07
   305.440002       2.92616591E-07
   305.554993       2.94430492E-07
   305.670013       2.96215660E-07
   305.785004       2.97971553E-07
   305.899994       2.99697717E-07
   306.015015       3.01393669E-07
   306.130005       3.03058869E-07
   306.244995       3.04692861E-07
   306.359985       3.06295107E-07
   306.475006       3.07865179E-07
   306.589996       3.09402566E-07
   306.704987       3.10906756E-07
   306.820007       3.12377324E-07
   306.934998       3.13813729E-07
   307.049988       3.15215544E-07
   307.165009       3.16582287E-07
   307.279999       3.17913532E-07
   307.394989       3.19208766E-07
   307.510010       3.20467592E-07
   307.625000       3.21689527E-07
   307.739990       3.22874115E-07
   307.855011       3.24020931E-07
   307.970001       3.25129548E-07
   308.084991       3.26199512E-07
   308.200012       3.27230339E-07
   308.315002       3.28221660E-07
   308.429993       3.29172991E-07
   308.545013       3.30083907E-07
   308.660004       3.30954009E-07
   308.774994       3.31782815E-07
   308.890015       3.32569869E-07
   309.005005       3.33314773E-07
   309.119995       3.34017102E-07
   309.234985       3.34676457E-07
   309.350006       3.35292327E-07
   309.464996       3.35864371E-07
   309.579987       3.36392105E-07
   309.695007       3.36875132E-07
   309.809998       3.37313082E-07
   309.924988       3.37705472E-07
   310.040009       3.38051933E-07
   310.154999       3.38352066E-07
   310.269989       3.38605503E-07
   310.385010       3.38811873E-07
