   0.00000000       0.00000000    
  0.115000002       0.00000000    
  0.230000004       0.00000000    
  0.344999999       0.00000000    
  0.460000008       0.00000000    
  0.574999988       0.00000000    
  0.689999998       0.00000000    
  0.805000007       0.00000000    
  0.920000017       0.00000000    
   1.03499997       0.00000000    
   1.14999998       0.00000000    
   1.26499999       0.00000000    
   1.38000000       0.00000000    
   1.49500000       0.00000000    
   1.61000001       0.00000000    
   1.72500002       0.00000000    
   1.84000003       0.00000000    
   1.95500004       0.00000000    
   2.06999993       0.00000000    
   2.18499994       0.00000000    
   2.29999995       0.00000000    
   2.41499996       0.00000000    
   2.52999997       0.00000000    
   2.64499998       0.00000000    
   2.75999999       0.00000000    
   2.87500000       0.00000000    
   2.99000001       0.00000000    
   3.10500002       0.00000000    
   3.22000003       0.00000000    
   3.33500004       0.00000000    
   3.45000005       0.00000000    
   3.56500006       0.00000000    
   3.68000007       0.00000000    
   3.79500008       0.00000000    
   3.91000009       0.00000000    
   4.02500010       0.00000000    
   4.13999987       0.00000000    
   4.25500011       0.00000000    
   4.36999989       0.00000000    
   4.48500013       0.00000000    
   4.59999990       0.00000000    
   4.71500015       0.00000000    
   4.82999992       0.00000000    
   4.94500017       0.00000000    
   5.05999994       0.00000000    
   5.17500019       0.00000000    
   5.28999996       0.00000000    
   5.40500021       0.00000000    
   5.51999998       0.00000000    
   5.63500023       0.00000000    
   5.75000000       0.00000000    
   5.86499977       0.00000000    
   5.98000002       0.00000000    
   6.09499979       0.00000000    
   6.21000004       0.00000000    
   6.32499981       0.00000000    
   6.44000006       0.00000000    
   6.55499983       0.00000000    
   6.67000008       0.00000000    
   6.78499985       0.00000000    
   6.90000010       0.00000000    
   7.01499987       0.00000000    
   7.13000011       0.00000000    
   7.24499989       0.00000000    
   7.36000013       0.00000000    
   7.47499990       0.00000000    
   7.59000015       0.00000000    
   7.70499992       0.00000000    
   7.82000017       0.00000000    
   7.93499994       0.00000000    
   8.05000019       0.00000000    
   8.16499996       0.00000000    
   8.27999973       0.00000000    
   8.39500046       0.00000000    
   8.51000023       0.00000000    
   8.62500000       0.00000000    
   8.73999977       0.00000000    
   8.85499954       0.00000000    
   8.97000027       0.00000000    
   9.08500004       0.00000000    
   9.19999981       0.00000000    
   9.31499958       0.00000000    
   9.43000031       0.00000000    
   9.54500008       0.00000000    
   9.65999985       0.00000000    
   9.77499962       0.00000000    
   9.89000034       0.00000000    
   10.0050001       0.00000000    
   10.1199999       0.00000000    
   10.2349997       0.00000000    
   10.3500004       0.00000000    
   10.4650002       0.00000000    
   10.5799999       0.00000000    
   10.6949997       0.00000000    
   10.8100004       0.00000000    
   10.9250002       0.00000000    
   11.0400000       0.00000000    
   11.1549997       0.00000000    
   11.2700005       0.00000000    
   11.3850002       0.00000000    
   11.5000000       0.00000000    
   11.6149998       0.00000000    
   11.7299995       0.00000000    
   11.8450003       0.00000000    
   11.9600000       0.00000000    
   12.0749998       0.00000000    
   12.1899996       0.00000000    
   12.3050003       0.00000000    
   12.4200001       0.00000000    
   12.5349998       0.00000000    
   12.6499996       0.00000000    
   12.7650003       0.00000000    
   12.8800001       0.00000000    
   12.9949999       0.00000000    
   13.1099997       0.00000000    
   13.2250004       0.00000000    
   13.3400002       0.00000000    
   13.4549999       0.00000000    
   13.5699997       0.00000000    
   13.6850004       0.00000000    
   13.8000002       0.00000000    
   13.9150000       0.00000000    
   14.0299997       0.00000000    
   14.1450005       0.00000000    
   14.2600002       0.00000000    
   14.3750000       0.00000000    
   14.4899998       0.00000000    
   14.6049995       0.00000000    
   14.7200003       0.00000000    
   14.8350000       0.00000000    
   14.9499998       0.00000000    
   15.0649996       0.00000000    
   15.1800003       0.00000000    
   15.2950001       0.00000000    
   15.4099998       0.00000000    
   15.5249996       0.00000000    
   15.6400003       0.00000000    
   15.7550001       0.00000000    
   15.8699999       0.00000000    
   15.9849997       0.00000000    
   16.1000004       0.00000000    
   16.2150002       0.00000000    
   16.3299999       0.00000000    
   16.4449997       0.00000000    
   16.5599995       0.00000000    
   16.6749992       0.00000000    
   16.7900009       0.00000000    
   16.9050007       0.00000000    
   17.0200005       0.00000000    
   17.1350002       0.00000000    
   17.2500000       0.00000000    
   17.3649998       0.00000000    
   17.4799995       0.00000000    
   17.5949993       5.30951988E-42
   17.7099991       1.06176385E-41
   17.8250008       6.76785119E-41
   17.9400005       4.47812950E-41
   18.0550003       2.43839946E-41
   18.1700001      -1.32282575E-42
   18.2849998       3.35709073E-41
   18.3999996       1.36396787E-40
   18.5149994       2.18700651E-40
   18.6299992       4.02748593E-40
   18.7450008       5.82392253E-40
   18.8600006       7.79311121E-40
   18.9750004       8.29902200E-40
   19.0900002       7.29024125E-40
   19.2049999       3.91175269E-40
   19.3199997      -1.60179625E-40
   19.4349995      -5.78575116E-40
   19.5499992      -8.95585263E-40
   19.6650009      -1.10086007E-39
   19.7800007      -1.36615110E-39
   19.8950005      -1.65393716E-39
   20.0100002      -1.60821700E-39
   20.1250000      -1.46618979E-39
   20.2399998      -2.93775917E-39
   20.3549995      -6.47244767E-39
   20.4699993      -1.15468717E-38
   20.5849991      -1.96143179E-38
   20.7000008      -2.72707647E-38
   20.8150005      -2.98686740E-38
   20.9300003      -3.09781941E-38
   21.0450001      -2.49092349E-38
   21.1599998       2.45669621E-39
   21.2749996       3.10948578E-38
   21.3899994       6.62275122E-38
   21.5049992       9.11447401E-38
   21.6200008       1.23773016E-37
   21.7350006       1.43238857E-37
   21.8500004       1.55274497E-37
   21.9650002       1.74804831E-37
   22.0799999       1.79737895E-37
   22.1949997       2.15039114E-37
   22.3099995       2.09405110E-37
   22.4249992       1.73940477E-37
   22.5400009       1.25040878E-37
   22.6550007       7.49113364E-38
   22.7700005       9.49947516E-39
   22.8850002      -7.14110385E-38
   23.0000000      -1.85429409E-37
   23.1149998      -3.05638508E-37
   23.2299995      -3.72916664E-37
   23.3449993      -5.99781571E-37
   23.4599991      -8.68167401E-37
   23.5750008      -1.43932213E-36
   23.6900005      -2.01729671E-36
   23.8050003      -2.13833482E-36
   23.9200001      -1.94118338E-36
   24.0349998      -7.73483749E-37
   24.1499996       1.02499839E-36
   24.2649994       3.43424075E-36
   24.3799992       6.06506800E-36
   24.4950008       9.18532032E-36
   24.6100006       1.23295812E-35
   24.7250004       1.41874391E-35
   24.8400002       1.46643365E-35
   24.9549999       1.43220097E-35
   25.0699997       1.28657469E-35
   25.1849995       9.99987104E-36
   25.2999992       6.13321711E-36
   25.4150009       6.48301071E-37
   25.5300007      -6.16547648E-36
   25.6450005      -1.42238232E-35
   25.7600002      -2.24871596E-35
   25.8750000      -3.00873375E-35
   25.9899998      -3.64378826E-35
   26.1049995      -3.98014954E-35
   26.2199993      -4.04528387E-35
   26.3349991      -3.70358580E-35
   26.4500008      -2.93259266E-35
   26.5650005      -1.63160567E-35
   26.6800003       1.71833971E-36
   26.7950001       2.39294002E-35
   26.9099998       4.96484561E-35
   27.0249996       7.83384562E-35
   27.1399994       1.08220935E-34
   27.2549992       1.37529269E-34
   27.3700008       1.63239385E-34
   27.4850006       1.81857746E-34
   27.6000004       1.89996415E-34
   27.7150002       1.83709540E-34
   27.8299999       1.58689212E-34
   27.9449997       1.12231781E-34
   28.0599995       4.24931450E-35
   28.1749992      -5.20423032E-35
   28.2900009      -1.70202972E-34
   28.4050007      -3.08518089E-34
   28.5200005      -4.60023699E-34
   28.6350002      -6.15356829E-34
   28.7500000      -7.61622994E-34
   28.8649998      -8.83742806E-34
   28.9799995      -9.64687255E-34
   29.0949993      -9.85196050E-34
   29.2099991      -9.26687012E-34
   29.3250008      -7.72419726E-34
   29.4400005      -5.09143567E-34
   29.5550003      -1.30224949E-34
   29.6700001       3.62970385E-34
   29.7849998       9.58992077E-34
   29.8999996       1.63417151E-33
   30.0149994       2.35208118E-33
   30.1299992       3.06466016E-33
   30.2450008       3.71091040E-33
   30.3600006       4.22013933E-33
   30.4750004       4.51401292E-33
   30.5900002       4.51401108E-33
   30.7049999       4.14618347E-33
   30.8199997       3.34886035E-33
   30.9349995       2.07884688E-33
   31.0499992       3.22675128E-34
   31.1650009      -1.89666987E-33
   31.2800007      -4.51151646E-33
   31.3950005      -7.40569963E-33
   31.5100002      -1.04107731E-32
   31.6250000      -1.33069943E-32
   31.7399998      -1.58300930E-32
   31.8549995      -1.76810969E-32
   31.9699993      -1.85428400E-32
   32.0849991      -1.81016697E-32
   32.2000008      -1.60726709E-32
   32.3149986      -1.22318687E-32
   32.4300003      -6.45047309E-33
   32.5449982       1.27262729E-33
   32.6599998       1.07767118E-32
   32.7750015       2.17136743E-32
   32.8899994       3.35284696E-32
   33.0050011       4.54533514E-32
   33.1199989       5.65174451E-32
   33.2350006       6.55747643E-32
   33.3499985       7.13543644E-32
   33.4650002       7.25306933E-32
   33.5800018       6.78180130E-32
   33.6949997       5.60819362E-32
   33.8100014       3.64703088E-32
   33.9249992       8.54881426E-33
   34.0400009      -2.75587421E-32
   34.1549988      -7.10429524E-32
   34.2700005      -1.20301361E-31
   34.3849983      -1.72868293E-31
   34.5000000      -2.25392602E-31
   34.6150017      -2.73680899E-31
   34.7299995      -3.12807487E-31
   34.8450012      -3.37313253E-31
   34.9599991      -3.41486681E-31
   35.0750008      -3.19731102E-31
   35.1899986      -2.67007265E-31
   35.3050003      -1.79338402E-31
   35.4199982      -5.43518554E-32
   35.5349998       1.08167744E-31
   35.6500015       3.05760398E-31
   35.7649994       5.32845053E-31
   35.8800011       7.80394854E-31
   35.9949989       1.03578760E-30
   36.1100006       1.28286993E-30
   36.2249985       1.50228573E-30
   36.3400002       1.67209727E-30
   36.4550018       1.76871500E-30
   36.5699997       1.76814155E-30
   36.6850014       1.64750499E-30
   36.7999992       1.38683742E-30
   36.9150009       9.71030744E-31
   37.0299988       3.91868745E-31
   37.1450005      -3.49976665E-31
   37.2599983      -1.24313775E-30
   37.3750000      -2.26407415E-30
   37.4900017      -3.37609914E-30
   37.6049995      -4.52906237E-30
   37.7200012      -5.65983753E-30
   37.8349991      -6.69373729E-30
   37.9500008      -7.54693253E-30
   38.0649986      -8.12991002E-30
   38.1800003      -8.35193664E-30
   38.2949982      -8.12642679E-30
   38.4099998      -7.37704670E-30
   38.5250015      -6.04428964E-30
   38.6399994      -4.09219074E-30
   38.7550011      -1.51480954E-30
   38.8699989       1.65798945E-30
   38.9850006       5.35592090E-30
   39.0999985       9.46531223E-30
   39.2150002       1.38282477E-29
   39.3300018       1.82442245E-29
   39.4449997       2.24746259E-29
   39.5600014       2.62502175E-29
   39.6749992       2.92816734E-29
   39.7900009       3.12730247E-29
   39.9049988       3.19376120E-29
   40.0200005       3.10160876E-29
   40.1349983       2.82955942E-29
   40.2500000       2.36292917E-29
   40.3650017       1.69550266E-29
   40.4799995       8.31195102E-30
   40.5950012      -2.14610455E-30
   40.7099991      -1.41419035E-29
   40.8250008      -2.72717488E-29
   40.9399986      -4.10092085E-29
   41.0550003      -5.47162535E-29
   41.1699982      -6.76623606E-29
   41.2849998      -7.90513714E-29
   41.4000015      -8.80559245E-29
   41.5149994      -9.38582639E-29
   41.6300011      -9.56962330E-29
   41.7449989      -9.29124096E-29
   41.8600006      -8.50041922E-29
   41.9749985      -7.16721648E-29
   42.0900002      -5.28637978E-29
   42.2050018      -2.88098596E-29
   42.3199997      -5.02579024E-32
   42.4350014       3.25529647E-29
   42.5499992       6.78178855E-29
   42.6650009       1.04261818E-28
   42.7799988       1.40138234E-28
   42.8950005       1.73491585E-28
   43.0099983       2.02229433E-28
   43.1250000       2.24209807E-28
   43.2400017       2.37341736E-28
   43.3549995       2.39694765E-28
   43.4700012       2.29613990E-28
   43.5849991       2.05835063E-28
   43.7000008       1.67594520E-28
   43.8149986       1.14729898E-28
   43.9300003       4.77643085E-29
   44.0449982      -3.20293946E-29
   44.1599998      -1.22589209E-28
   44.2750015      -2.21052991E-28
   44.3899994      -3.23778796E-28
   44.5050011      -4.26397953E-28
   44.6199989      -5.23902104E-28
   44.7350006      -6.10762797E-28
   44.8499985      -6.81083891E-28
   44.9650002      -7.28782724E-28
   45.0800018      -7.47799164E-28
   45.1949997      -7.32326965E-28
   45.3100014      -6.77065005E-28
   45.4249992      -5.77483883E-28
   45.5400009      -4.30102623E-28
   45.6549988      -2.32771023E-28
   45.7700005       1.50470635E-29
   45.8849983       3.11995981E-28
   46.0000000       6.54563932E-28
   46.1150017       1.03683739E-27
   46.2299995       1.45028678E-27
   46.3450012       1.88359300E-27
   46.4599991       2.32253015E-27
   46.5750008       2.74991943E-27
   46.6899986       3.14567511E-27
   46.8050003       3.48695972E-27
   46.9199982       3.74847520E-27
   47.0349998       3.90291128E-27
   47.1500015       3.92156931E-27
   47.2649994       3.77518977E-27
   47.3800011       3.43499120E-27
   47.4949989       2.87393006E-27
   47.6100006       2.06818337E-27
   47.7249985       9.98837151E-28
   47.8400002      -3.46247080E-28
   47.9550018      -1.97043125E-27
   48.0699997      -3.86623195E-27
   48.1850014      -6.01326558E-27
   48.2999992      -8.37630998E-27
   48.4150009      -1.09036038E-26
   48.5299988      -1.35255256E-26
   48.6450005      -1.61537852E-26
   48.7599983      -1.86813078E-26
   48.8750000      -2.09829220E-26
   48.9900017      -2.29170395E-26
   49.1049995      -2.43284056E-26
   49.2200012      -2.50520499E-26
   49.3349991      -2.49184381E-26
   49.4500008      -2.37598896E-26
   49.5649986      -2.14181190E-26
   49.6800003      -1.77528463E-26
   49.7949982      -1.26511988E-26
   49.9099998      -6.03767020E-27
   50.0250015       2.11573978E-27
   50.1399994       1.17796547E-26
   50.2550011       2.28581877E-26
   50.3699989       3.51811010E-26
   50.4850006       4.84978188E-26
   50.5999985       6.24738887E-26
   50.7150002       7.66903886E-26
   50.8300018       9.06468603E-26
   50.9449997       1.03768070E-25
   51.0600014       1.15415010E-25
   51.1749992       1.24900187E-25
   51.2900009       1.31507254E-25
   51.4049988       1.34514626E-25
   51.5200005       1.33222904E-25
   51.6349983       1.26985035E-25
   51.7500000       1.15238798E-25
   51.8650017       9.75401364E-26
   51.9799995       7.35962728E-26
   52.0950012       4.32972193E-26
   52.2099991       6.74407434E-27
   52.3250008      -3.57274149E-26
   52.4399986      -8.35294183E-26
   52.5550003      -1.35812204E-25
   52.6699982      -1.91463148E-25
   52.7849998      -2.49115495E-25
   52.9000015      -3.07167522E-25
   53.0149994      -3.63812222E-25
   53.1300011      -4.17077515E-25
   53.2449989      -4.64876027E-25
   53.3600006      -5.05063609E-25
   53.4749985      -5.35504371E-25
   53.5900002      -5.54140914E-25
   53.7050018      -5.59066463E-25
   53.8199997      -5.48596800E-25
   53.9350014      -5.21338648E-25
   54.0499992      -4.76251796E-25
   54.1650009      -4.12701876E-25
   54.2799988      -3.30501436E-25
   54.3950005      -2.29936782E-25
   54.5099983      -1.11779828E-25
   54.6250000       2.27170155E-26
   54.7400017       1.71841737E-25
   54.8549995       3.33459319E-25
   54.9700012       5.05061489E-25
   55.0849991       6.83827083E-25
   55.2000008       8.66689330E-25
   55.3149986       1.05040517E-24
   55.4300003       1.23162220E-24
   55.5449982       1.40693747E-24
   55.6599998       1.57294338E-24
   55.7750015       1.72625564E-24
   55.8899994       1.86351902E-24
   56.0050011       1.98138982E-24
   56.1199989       2.07649115E-24
   56.2350006       2.14534490E-24
   56.3499985       2.18428189E-24
   56.4650002       2.18933652E-24
   56.5800018       2.15613454E-24
   56.6949997       2.07978405E-24
   56.8100014       1.95478470E-24
   56.9249992       1.77496859E-24
   57.0400009       1.53349215E-24
   57.1549988       1.22289395E-24
   57.2700005       8.35238334E-25
   57.3849983       3.62358893E-25
   57.5000000      -2.03784848E-25
   57.6150017      -8.70625352E-25
   57.7299995      -1.64437839E-24
   57.8450012      -2.52930973E-24
   57.9599991      -3.52688588E-24
   58.0750008      -4.63482958E-24
   58.1899986      -5.84610933E-24
   58.3050003      -7.14789706E-24
   58.4199982      -8.52055290E-24
   58.5349998      -9.93668366E-24
   58.6500015      -1.13603504E-23
   58.7649994      -1.27464879E-23
   58.8800011      -1.40406292E-23
   58.9949989      -1.51789965E-23
   59.1100006      -1.60890375E-23
   59.2249985      -1.66904871E-23
   59.3400002      -1.68970014E-23
   59.4550018      -1.66183915E-23
   59.5699997      -1.57635140E-23
   59.6850014      -1.42437751E-23
   59.7999992      -1.19772278E-23
   59.9150009      -8.89320843E-24
   60.0299988      -4.93738101E-24
   60.1450005      -7.70664041E-26
   60.2599983       5.69332275E-24
   60.3750000       1.23469590E-23
   60.4900017       1.98196270E-23
   60.6049995       2.80053731E-23
   60.7200012       3.67530611E-23
   60.8349991       4.58641332E-23
   60.9500008       5.50918368E-23
   61.0649986       6.41422802E-23
   61.1800003       7.26774270E-23
   61.2949982       8.03203091E-23
   61.4099998       8.66626498E-23
   61.5250015       9.12747850E-23
   61.6399994       9.37180892E-23
   61.7550011       9.35595471E-23
   61.8699989       9.03884146E-23
   61.9850006       8.38345266E-23
   62.0999985       7.35878104E-23
   62.2150002       5.94184738E-23
   62.3300018       4.11970775E-23
   62.4449997       1.89138395E-23
   62.5600014      -7.30372154E-24
   62.6749992      -3.71757170E-23
   62.7900009      -7.02582620E-23
   62.9049988      -1.05936232E-22
   63.0200005      -1.43421135E-22
   63.1349983      -1.81755029E-22
   63.2500000      -2.19820951E-22
   63.3650017      -2.56360407E-22
   63.4799995      -2.89998017E-22
   63.5950012      -3.19273491E-22
   63.7099991      -3.42680723E-22
   63.8250008      -3.58712977E-22
   63.9399986      -3.65914027E-22
   64.0550003      -3.62933294E-22
   64.1699982      -3.48584255E-22
   64.2850037      -3.21903894E-22
   64.4000015      -2.82211190E-22
   64.5149994      -2.29163058E-22
   64.6299973      -1.62804710E-22
   64.7450027      -8.36125412E-23
   64.8600006       7.47288330E-24
   64.9749985       1.09026068E-22
   65.0899963       2.19129934E-22
   65.2050018       3.35385135E-22
   65.3199997       4.54936614E-22
   65.4349976       5.74518183E-22
   65.5500031       6.90515825E-22
   65.6650009       7.99048747E-22
   65.7799988       8.96067935E-22
   65.8949966       9.77469798E-22
   66.0100021       1.03922350E-21
   66.1250000       1.07750746E-21
   66.2399979       1.08885292E-21
   66.3550034       1.07028912E-21
   66.4700012       1.01948546E-21
   66.5849991       9.34886152E-22
   66.6999969       8.15831163E-22
   66.8150024       6.62658407E-22
   66.9300003       4.76782230E-22
   67.0449982       2.60743192E-22
   67.1600037       1.82242788E-23
   67.2750015      -2.45969001E-22
   67.3899994      -5.25968023E-22
   67.5049973      -8.14940722E-22
   67.6200027      -1.10523214E-21
   67.7350006      -1.38854423E-21
   67.8499985      -1.65615119E-21
   67.9649963      -1.89914853E-21
   68.0800018      -2.10872491E-21
   68.1949997      -2.27645678E-21
   68.3099976      -2.39460730E-21
   68.4250031      -2.45643016E-21
   68.5400009      -2.45645864E-21
   68.6549988      -2.39077331E-21
   68.7699966      -2.25723756E-21
   68.8850021      -2.05568539E-21
   69.0000000      -1.78805611E-21
   69.1149979      -1.45846321E-21
   69.2300034      -1.07319061E-21
   69.3450012      -6.40612004E-22
   69.4599991      -1.71028654E-22
   69.5749969       3.23574108E-22
   69.6900024       8.29848250E-22
   69.8050003       1.33347654E-21
   69.9199982       1.81962832E-21
   70.0350037       2.27346552E-21
   70.1500015       2.68068133E-21
   70.2649994       3.02805498E-21
   70.3799973       3.30400049E-21
   70.4950027       3.49908587E-21
   70.6100006       3.60650343E-21
   70.7249985       3.62246341E-21
   70.8399963       3.54649043E-21
   70.9550018       3.38160441E-21
   71.0699997       3.13436667E-21
   71.1849976       2.81477789E-21
   71.3000031       2.43602146E-21
   71.4150009       2.01404908E-21
   71.5299988       1.56701087E-21
   71.6449966       1.11454570E-21
   71.7600021       6.76944590E-22
   71.8750000       2.74215043E-22
   71.9899979      -7.49205814E-23
   72.1050034      -3.54059278E-22
   72.2200012      -5.50134581E-22
   72.3349991      -6.54376908E-22
   72.4499969      -6.63162925E-22
   72.5650024      -5.78707704E-22
   72.6800003      -4.09551465E-22
   72.7949982      -1.70797663E-22
   72.9100037       1.15936439E-22
   73.0250015       4.22882886E-22
   73.1399994       7.16821824E-22
   73.2549973       9.60119503E-22
   73.3700027       1.11210041E-21
   73.4850006       1.13072823E-21
   73.5999985       9.74560327E-22
   73.7149963       6.04920504E-22
   73.8300018      -1.17770614E-23
   73.9449997      -9.01638581E-22
   74.0599976      -2.08092914E-21
   74.1750031      -3.55384256E-21
   74.2900009      -5.31051286E-21
   74.4049988      -7.32538226E-21
   74.5199966      -9.55603553E-21
   74.6350021      -1.19426018E-20
   74.7500000      -1.44078238E-20
   74.8649979      -1.68578633E-20
   74.9800034      -1.91839017E-20
   75.0950012      -2.12645550E-20
   75.2099991      -2.29691302E-20
   75.3249969      -2.41616549E-20
   75.4400024      -2.47056392E-20
   75.5550003      -2.44694549E-20
   75.6699982      -2.33321898E-20
   75.7850037      -2.11898163E-20
   75.9000015      -1.79614612E-20
   76.0149994      -1.35955567E-20
   76.1299973      -8.07560195E-21
   76.2450027      -1.42531166E-21
   76.3600006       6.28714942E-21
   76.4749985       1.49460890E-20
   76.5899963       2.43866028E-20
   76.7050018       3.43945221E-20
   76.8199997       4.47081363E-20
   76.9349976       5.50218442E-20
   77.0500031       6.49918004E-20
   77.1650009       7.42435830E-20
   77.2799988       8.23817283E-20
   77.3949966       8.90011701E-20
   77.5100021       9.37001247E-20
   77.6250000       9.60943214E-20
   77.7399979       9.58321051E-20
   77.8550034       9.26100169E-20
   77.9700012       8.61882778E-20
   78.0849991       7.64057491E-20
   78.1999969       6.31936649E-20
   78.3150024       4.65876393E-20
   78.4300003       2.67373693E-20
   78.5449982       3.91339229E-21
   78.6600037      -2.14895045E-20
   78.7750015      -4.89527264E-20
   78.8899994      -7.78384517E-20
   79.0049973      -1.07398643E-19
   79.1200027      -1.36788506E-19
   79.2350006      -1.65084467E-19
   79.3499985      -1.91306429E-19
   79.4649963      -2.14443795E-19
   79.5800018      -2.33485221E-19
   79.6949997      -2.47450693E-19
   79.8099976      -2.55425929E-19
   79.9250031      -2.56597501E-19
   80.0400009      -2.50288025E-19
   80.1549988      -2.35990105E-19
   80.2699966      -2.13397877E-19
   80.3850021      -1.82434968E-19
   80.5000000      -1.43277531E-19
   80.6149979      -9.63714463E-20
   80.7300034      -4.24424046E-20
   80.8450012       1.75019527E-20
   80.9599991       8.21785133E-20
   81.0749969       1.50044501E-19
   81.1900024       2.19322597E-19
   81.3050003       2.88035818E-19
   81.4199982       3.54051345E-19
   81.5350037       4.15133024E-19
   81.6500015       4.69001843E-19
   81.7649994       5.13402572E-19
   81.8799973       5.46175261E-19
   81.9950027       5.65330127E-19
   82.1100006       5.69123578E-19
   82.2249985       5.56132654E-19
   82.3399963       5.25326070E-19
   82.4550018       4.76129400E-19
   82.5699997       4.08481354E-19
   82.6849976       3.22879250E-19
   82.8000031       2.20410934E-19
   82.9150009       1.02771730E-19
   83.0299988      -2.77364613E-20
   83.1449966      -1.68224096E-19
   83.2600021      -3.15252749E-19
   83.3750000      -4.64893702E-19
   83.4899979      -6.12806417E-19
   83.6050034      -7.54336089E-19
   83.7200012      -8.84629030E-19
   83.8349991      -9.98762997E-19
   83.9499969      -1.09189113E-18
   84.0650024      -1.15939527E-18
   84.1800003      -1.19704460E-18
   84.2949982      -1.20115621E-18
   84.4100037      -1.16875140E-18
   84.5250015      -1.09770538E-18
   84.6399994      -9.86881271E-19
   84.7549973      -8.36246771E-19
   84.8700027      -6.46967115E-19
   84.9850006      -4.21468943E-19
   85.0999985      -1.63472098E-19
   85.2149963       1.22014672E-19
   85.3300018       4.28736733E-19
   85.4449997       7.49277932E-19
   85.5599976       1.07518570E-18
   85.6750031       1.39713680E-18
   85.7900009       1.70514339E-18
   85.9049988       1.98879386E-18
   86.0199966       2.23752707E-18
   86.1350021       2.44093079E-18
   86.2500000       2.58906146E-18
   86.3649979       2.67277421E-18
   86.4800034       2.68405612E-18
   86.5950012       2.61635284E-18
   86.7099991       2.46487663E-18
   86.8249969       2.22688829E-18
   86.9400024       1.90194135E-18
   87.0550003       1.49207697E-18
   87.1699982       1.00196388E-18
   87.2850037       4.38970534E-19
   87.4000015      -1.86833669E-19
   87.5149994      -8.62756875E-19
   87.6299973      -1.57364236E-18
   87.7450027      -2.30211127E-18
   87.8600006      -3.02888704E-18
   87.9749985      -3.73319680E-18
   88.0899963      -4.39324722E-18
   88.2050018      -4.98676379E-18
   88.3199997      -5.49158384E-18
   88.4349976      -5.88629127E-18
   88.5500031      -6.15087037E-18
   88.6650009      -6.26737297E-18
   88.7799988      -6.22057316E-18
   88.8949966      -5.99859221E-18
   89.0100021      -5.59347099E-18
   89.1250000      -5.00167703E-18
   89.2399979      -4.22452016E-18
   89.3550034      -3.26846171E-18
   89.4700012      -2.14530657E-18
   89.5849991      -8.72253581E-19
   89.6999969       5.28191734E-19
   89.8150024       2.02846110E-18
   89.9300003       3.59631909E-18
   90.0449982       5.19541389E-18
   90.1600037       6.78596972E-18
   90.2750015       8.32562415E-18
   90.3899994       9.77037864E-18
   90.5049973       1.10756564E-17
   90.6200027       1.21974473E-17
   90.7350006       1.30934899E-17
   90.8499985       1.37244980E-17
   90.9649963       1.40553719E-17
   91.0800018       1.40563662E-17
   91.1949997       1.37042023E-17
   91.3099976       1.29830547E-17
   91.4250031       1.18854273E-17
   91.5400009       1.04128391E-17
   91.6549988       8.57632770E-18
   91.7699966       6.39674939E-18
   91.8850021       3.90482478E-18
   92.0000000       1.14095379E-18
   92.1149979      -1.84522922E-18
   92.2300034      -4.99555051E-18
   92.3450012      -8.24424612E-18
   92.4599991      -1.15191468E-17
   92.5749969      -1.47430733E-17
   92.6900024      -1.78354467E-17
   92.8050003      -2.07140336E-17
   92.9199982      -2.32968455E-17
   93.0350037      -2.55041157E-17
   93.1500015      -2.72603161E-17
   93.2649994      -2.84961901E-17
   93.3799973      -2.91507117E-17
   93.4950027      -2.91729694E-17
   93.6100006      -2.85238841E-17
   93.7249985      -2.71777519E-17
   93.8399963      -2.51235365E-17
   93.9550018      -2.23658950E-17
   94.0699997      -1.89258808E-17
   94.1849976      -1.48413242E-17
   94.3000031      -1.01668355E-17
   94.4150009      -4.97343584E-18
   94.5299988       6.52200790E-19
   94.6449966       6.60887862E-18
   94.7600021       1.27823988E-17
   94.8750000       1.90474334E-17
   94.9899979       2.52697175E-17
   95.1050034       3.13085645E-17
   95.2200012       3.70196114E-17
   95.3349991       4.22577988E-17
   95.4499969       4.68804910E-17
   95.5650024       5.07507003E-17
   95.6800003       5.37403362E-17
   95.7949982       5.57334577E-17
   95.9100037       5.66293671E-17
   96.0250015       5.63455978E-17
   96.1399994       5.48206473E-17
   96.2549973       5.20163793E-17
   96.3700027       4.79201114E-17
   96.4850006       4.25462466E-17
   96.5999985       3.59374440E-17
   96.7149963       2.81652418E-17
   96.8300018       1.93301571E-17
   96.9449997       9.56115653E-18
   97.0599976      -9.85483853E-19
   97.1750031      -1.21279402E-17
   97.2900009      -2.36612301E-17
   97.4049988      -3.53602275E-17
   97.5199966      -4.69832632E-17
   97.6350021      -5.82762638E-17
   97.7500000      -6.89774531E-17
   97.8649979      -7.88223847E-17
   97.9800034      -8.75494578E-17
   98.0950012      -9.49056081E-17
   98.2099991      -1.00652224E-16
   98.3249969      -1.04571127E-16
   98.4400024      -1.06470414E-16
   98.5550003      -1.06190185E-16
   98.6699982      -1.03607925E-16
   98.7850037      -9.86433858E-17
   98.9000015      -9.12629429E-17
   99.0149994      -8.14831005E-17
   99.1299973      -6.93732623E-17
   99.2450027      -5.50574526E-17
   99.3600006      -3.87149379E-17
   99.4749985      -2.05797673E-17
   99.5899963      -9.38978518E-19
   99.7050018       1.98703887E-17
   99.8199997       4.14656377E-17
   99.9349976       6.34239808E-17
   100.050003       8.52893952E-17
   100.165001       1.06580614E-16
   100.279999       1.26800184E-16
   100.394997       1.45444411E-16
   100.510002       1.62014149E-16
   100.625000       1.76026033E-16
   100.739998       1.87024120E-16
   100.855003       1.94591632E-16
   100.970001       1.98362464E-16
   101.084999       1.98032346E-16
   101.199997       1.93369178E-16
   101.315002       1.84222466E-16
   101.430000       1.70531462E-16
   101.544998       1.52331729E-16
   101.660004       1.29759968E-16
   101.775002       1.03056858E-16
   101.889999       7.25677213E-17
   102.004997       3.87408749E-17
   102.120003       2.12358563E-18
   102.235001      -3.66444320E-17
   102.349998      -7.68399239E-17
   102.464996      -1.17667474E-16
   102.580002      -1.58273043E-16
   102.695000      -1.97759614E-16
   102.809998      -2.35204744E-16
   102.925003      -2.69679461E-16
   103.040001      -3.00268574E-16
   103.154999      -3.26091591E-16
   103.269997      -3.46324111E-16
   103.385002      -3.60218998E-16
   103.500000      -3.67126949E-16
   103.614998      -3.66516027E-16
   103.730003      -3.57989608E-16
   103.845001      -3.41301921E-16
   103.959999      -3.16371438E-16
   104.074997      -2.83290857E-16
   104.190002      -2.42334009E-16
   104.305000      -1.93958819E-16
   104.419998      -1.38806413E-16
   104.535004      -7.76961088E-17
   104.650002      -1.16162074E-17
   104.764999       5.82893730E-17
   104.879997       1.30738596E-16
   104.995003       2.04332577E-16
   105.110001       2.77580373E-16
   105.224998       3.48926805E-16
   105.339996       4.16782985E-16
   105.455002       4.79558979E-16
   105.570000       5.35697358E-16
   105.684998       5.83708086E-16
   105.800003       6.22202874E-16
   105.915001       6.49928698E-16
   106.029999       6.65800190E-16
   106.144997       6.68929076E-16
   106.260002       6.58651020E-16
   106.375000       6.34548274E-16
   106.489998       5.96468372E-16
   106.605003       5.44537841E-16
   106.720001       4.79170032E-16
   106.834999       4.01068089E-16
   106.949997       3.11221451E-16
   107.065002       2.10896235E-16
   107.180000       1.01619860E-16
   107.294998      -1.48403316E-17
   107.410004      -1.36504190E-16
   107.525002      -2.61211011E-16
   107.639999      -3.86656617E-16
   107.754997      -5.10434601E-16
   107.870003      -6.30080863E-16
   107.985001      -7.43120692E-16
   108.099998      -8.47117915E-16
   108.214996      -9.39724186E-16
   108.330002      -1.01872864E-15
   108.445000      -1.08210545E-15
   108.559998      -1.12806006E-15
   108.675003      -1.15507120E-15
   108.790001      -1.16192899E-15
   108.904999      -1.14776755E-15
   109.019997      -1.11209200E-15
   109.135002      -1.05479806E-15
   109.250000      -9.76184614E-16
   109.364998      -8.76958568E-16
   109.480003      -7.58231337E-16
   109.595001      -6.21507037E-16
   109.709999      -4.68663065E-16
   109.824997      -3.01922194E-16
   109.940002      -1.23817662E-16
   110.055000       6.28485212E-17
   110.169998       2.55053638E-16
   110.285004       4.49606888E-16
   110.400002       6.43206327E-16
   110.514999       8.32498497E-16
   110.629997       1.01413942E-15
   110.745003       1.18485626E-15
   110.860001       1.34150781E-15
   110.974998       1.48114267E-15
   111.089996       1.60105374E-15
   111.205002       1.69882865E-15
   111.320000       1.77239431E-15
   111.434998       1.82005485E-15
   111.550003       1.84052234E-15
   111.665001       1.83294055E-15
   111.779999       1.79689993E-15
   111.894997       1.73244390E-15
   112.010002       1.64006860E-15
   112.125000       1.52071256E-15
   112.239998       1.37574001E-15
   112.355003       1.20691607E-15
   112.470001       1.01637601E-15
   112.584999       8.06587653E-16
   112.699997       5.80309578E-16
   112.815002       3.40544223E-16
   112.930000       9.04882849E-17
   113.044998      -1.66519491E-16
   113.160004      -4.27051566E-16
   113.275002      -6.87645275E-16
   113.389999      -9.44855618E-16
   113.504997      -1.19530611E-15
   113.620003      -1.43573715E-15
   113.735001      -1.66304998E-15
   113.849998      -1.87434690E-15
   113.964996      -2.06696622E-15
   114.080002      -2.23850945E-15
   114.195000      -2.38686558E-15
   114.309998      -2.51022449E-15
   114.425003      -2.60708631E-15
   114.540001      -2.67626328E-15
   114.654999      -2.71687406E-15
   114.769997      -2.72833272E-15
   114.885002      -2.71033137E-15
   115.000000      -2.66282023E-15
   115.114998      -2.58598079E-15
   115.230003      -2.48019993E-15
   115.345001      -2.34604071E-15
   115.459999      -2.18421549E-15
   115.574997      -1.99556071E-15
   115.690002      -1.78101340E-15
   115.805000      -1.54159626E-15
   115.919998      -1.27840480E-15
   116.035004      -9.92605724E-16
   116.150002      -6.85439337E-16
   116.264999      -3.58233739E-16
   116.379997      -1.24254803E-17
   116.495003       3.50411601E-16
   116.610001       7.28530762E-16
   116.724998       1.11996888E-15
   116.839996       1.52250181E-15
   116.955002       1.93359389E-15
   117.070000       2.35035083E-15
   117.184998       2.76947332E-15
   117.300003       3.18721642E-15
   117.415001       3.59935682E-15
   117.529999       4.00117061E-15
   117.644997       4.38742611E-15
   117.760002       4.75239058E-15
   117.875000       5.08985528E-15
   117.989998       5.39318032E-15
   118.105003       5.65536074E-15
   118.220001       5.86911247E-15
   118.334999       6.02698077E-15
   118.449997       6.12146942E-15
   118.565002       6.14518846E-15
   118.680000       6.09102070E-15
   118.794998       5.95230381E-15
   118.910004       5.72302342E-15
   119.025002       5.39801646E-15
   119.139999       4.97317734E-15
   119.254997       4.44566555E-15
   119.370003       3.81410805E-15
   119.485001       3.07878858E-15
   119.599998       2.24182707E-15
   119.714996       1.30733257E-15
   119.830002       2.81528685E-16
   119.945000      -8.27149219E-16
   120.059998      -2.00800108E-15
   120.175003      -3.24804927E-15
   120.290001      -4.53207477E-15
   120.404999      -5.84270579E-15
   120.519997      -7.16056158E-15
   120.635002      -8.46445615E-15
   120.750000      -9.73165216E-15
   120.864998      -1.09381888E-14
   120.980003      -1.20592436E-14
   121.095001      -1.30695685E-14
   121.209999      -1.39439555E-14
   121.324997      -1.46577561E-14
   121.440002      -1.51874210E-14
   121.555000      -1.55110621E-14
   121.669998      -1.56090368E-14
   121.785004      -1.54644991E-14
   121.900002      -1.50639643E-14
   122.014999      -1.43978169E-14
   122.129997      -1.34607765E-14
   122.245003      -1.22523019E-14
   122.360001      -1.07769145E-14
   122.474998      -9.04442977E-15
   122.589996      -7.07008406E-15
   122.705002      -4.87455306E-15
   122.820000      -2.48384450E-15
   122.934998       7.09297515E-17
   123.050003       2.75390571E-15
   123.165001       5.52494689E-15
   123.279999       8.34023961E-15
   123.394997       1.11529963E-14
   123.510002       1.39142602E-14
   123.625000       1.65737853E-14
   123.739998       1.90809892E-14
   123.855003       2.13859505E-14
   123.970001       2.34404273E-14
   124.084999       2.51988761E-14
   124.199997       2.66194622E-14
   124.315002       2.76650109E-14
   124.430000       2.83039109E-14
   124.544998       2.85109088E-14
   124.660004       2.82678171E-14
   124.775002       2.75640835E-14
   124.889999       2.63972414E-14
   125.004997       2.47731760E-14
   125.120003       2.27062598E-14
   125.235001       2.02193049E-14
   125.349998       1.73433537E-14
   125.464996       1.41172830E-14
   125.580002       1.05872647E-14
   125.695000       6.80605203E-15
   125.809998       2.83212009E-15
   125.925003      -1.27132191E-15
   126.040001      -5.43744457E-15
   126.154999      -9.59700527E-15
   126.269997      -1.36796261E-14
   126.385002      -1.76151360E-14
   126.500000      -2.13349253E-14
   126.614998      -2.47733014E-14
   126.730003      -2.78688087E-14
   126.845001      -3.05654990E-14
   126.959999      -3.28140936E-14
   127.074997      -3.45730355E-14
   127.190002      -3.58094020E-14
   127.305000      -3.64996458E-14
   127.419998      -3.66301194E-14
   127.535004      -3.61974448E-14
   127.650002      -3.52086253E-14
   127.764999      -3.36809302E-14
   127.879997      -3.16415798E-14
   127.995003      -2.91271862E-14
   128.110001      -2.61829895E-14
   128.225006      -2.28618970E-14
   128.339996      -1.92233602E-14
   128.455002      -1.53320824E-14
   128.570007      -1.12566503E-14
   128.684998      -7.06805076E-15
   128.800003      -2.83817405E-15
   128.914993       1.36169419E-15
   129.029999       5.46234607E-15
   129.145004       9.39803977E-15
   129.259995       1.31077832E-14
   129.375000       1.65364785E-14
   129.490005       1.96358975E-14
   129.604996       2.23654628E-14
   129.720001       2.46928400E-14
   129.835007       2.65943019E-14
   129.949997       2.80549018E-14
   130.065002       2.90684191E-14
   130.179993       2.96371238E-14
   130.294998       2.97713480E-14
   130.410004       2.94889235E-14
   130.524994       2.88144244E-14
   130.639999       2.77783760E-14
   130.755005       2.64163098E-14
   130.869995       2.47678058E-14
   130.985001       2.28754766E-14
   131.100006       2.07839659E-14
   131.214996       1.85389525E-14
   131.330002       1.61861864E-14
   131.445007       1.37705916E-14
   131.559998       1.13354294E-14
   131.675003       8.92154562E-15
   131.789993       6.56670678E-15
   131.904999       4.30503860E-15
   132.020004       2.16654998E-15
   132.134995       1.76785570E-16
   132.250000      -1.64344932E-15
   132.365005      -3.27822715E-15
   132.479996      -4.71653780E-15
   132.595001      -5.95225722E-15
   132.710007      -6.98397808E-15
   132.824997      -7.81476748E-15
   132.940002      -8.45183620E-15
   133.054993      -8.90613301E-15
   133.169998      -9.19185416E-15
   133.285004      -9.32591237E-15
   133.399994      -9.32736418E-15
   133.514999      -9.21678996E-15
   133.630005      -9.01567808E-15
   133.744995      -8.74581762E-15
   133.860001      -8.42869865E-15
   133.975006      -8.08497607E-15
   134.089996      -7.73396223E-15
   134.205002      -7.39322120E-15
   134.320007      -7.07822151E-15
   134.434998      -6.80209385E-15
   134.550003      -6.57545663E-15
   134.664993      -6.40636725E-15
   134.779999      -6.30031576E-15
   134.895004      -6.26032819E-15
   135.009995      -6.28709739E-15
   135.125000      -6.37919020E-15
   135.240005      -6.53322230E-15
   135.354996      -6.74408395E-15
   135.470001      -7.00513654E-15
   135.585007      -7.30836713E-15
   135.699997      -7.64451894E-15
   135.815002      -8.00314083E-15
   135.929993      -8.37262168E-15
   136.044998      -8.74017384E-15
   136.160004      -9.09176536E-15
   136.274994      -9.41207595E-15
   136.389999      -9.68445041E-15
   136.505005      -9.89089605E-15
   136.619995      -1.00121607E-14
   136.735001      -1.00279053E-14
   136.850006      -9.91701431E-15
   136.964996      -9.65806448E-15
   137.080002      -9.22993761E-15
   137.195007      -8.61262677E-15
   137.309998      -7.78819436E-15
   137.425003      -6.74186557E-15
   137.539993      -5.46325197E-15
   137.654999      -3.94762204E-15
   137.770004      -2.19718229E-15
   137.884995      -2.22327302E-16
   138.000000       1.95725809E-15
   138.115005       4.31167595E-15
   138.229996       6.80018802E-15
   138.345001       9.37088728E-15
   138.460007       1.19607786E-14
   138.574997       1.44963116E-14
   138.690002       1.68943788E-14
   138.804993       1.90637877E-14
   138.919998       2.09072160E-14
   139.035004       2.23236211E-14
   139.149994       2.32110253E-14
   139.264999       2.34696973E-14
   139.380005       2.30055317E-14
   139.494995       2.17335813E-14
   139.610001       1.95816975E-14
   139.725006       1.64939998E-14
   139.839996       1.24342675E-14
   139.955002       7.38898011E-15
   140.070007       1.36995138E-15
   140.184998      -5.58351032E-15
   140.300003      -1.34030521E-14
   140.414993      -2.19903865E-14
   140.529999      -3.12170503E-14
   140.645004      -4.09250474E-14
   140.759995      -5.09280220E-14
   140.875000      -6.10134027E-14
   140.990005      -7.09451486E-14
   141.104996      -8.04672491E-14
   141.220001      -8.93078471E-14
   141.335007      -9.71839119E-14
   141.449997      -1.03806544E-13
   141.565002      -1.08886594E-13
   141.679993      -1.12140657E-13
   141.794998      -1.13297399E-13
   141.910004      -1.12103882E-13
   142.024994      -1.08332038E-13
   142.139999      -1.01785076E-13
   142.255005      -9.23034977E-14
   142.369995      -7.97710151E-14
   142.485001      -6.41199265E-14
   142.600006      -4.53357343E-14
   142.714996      -2.34612948E-14
   142.830002       1.40008860E-15
   142.945007       2.90825273E-14
   143.059998       5.93564369E-14
   143.175003       9.19288110E-14
   143.289993       1.26444536E-13
   143.404999       1.62489217E-13
   143.520004       1.99593312E-13
   143.634995       2.37237584E-13
   143.750000       2.74859887E-13
   143.865005       3.11863030E-13
   143.979996       3.47623704E-13
   144.095001       3.81502420E-13
   144.210007       4.12854023E-13
   144.324997       4.41038482E-13
   144.440002       4.65432272E-13
   144.554993       4.85439000E-13
   144.669998       5.00500303E-13
   144.785004       5.10105521E-13
   144.899994       5.13800970E-13
   145.014999       5.11197692E-13
   145.130005       5.01978179E-13
   145.244995       4.85901250E-13
   145.360001       4.62806063E-13
   145.475006       4.32613716E-13
   145.589996       3.95328057E-13
   145.705002       3.51034523E-13
   145.820007       2.99898073E-13
   145.934998       2.42159455E-13
   146.050003       1.78130975E-13
   146.164993       1.08191376E-13
   146.279999       3.27799989E-14
   146.395004      -4.76089132E-14
   146.509995      -1.32432192E-13
   146.625000      -2.21103450E-13
   146.740005      -3.12998623E-13
   146.854996      -4.07460849E-13
   146.970001      -5.03804789E-13
   147.085007      -6.01320317E-13
   147.199997      -6.99275924E-13
   147.315002      -7.96921177E-13
   147.429993      -8.93489005E-13
   147.544998      -9.88197154E-13
   147.660004      -1.08025004E-12
   147.774994      -1.16883966E-12
   147.889999      -1.25314743E-12
   148.005005      -1.33234558E-12
   148.119995      -1.40559916E-12
   148.235001      -1.47206791E-12
   148.350006      -1.53090919E-12
   148.464996      -1.58128166E-12
   148.580002      -1.62234863E-12
   148.695007      -1.65328200E-12
   148.809998      -1.67326927E-12
   148.925003      -1.68151701E-12
   149.039993      -1.67725892E-12
   149.154999      -1.65976195E-12
   149.270004      -1.62833408E-12
   149.384995      -1.58233236E-12
   149.500000      -1.52117121E-12
   149.615005      -1.44433218E-12
   149.729996      -1.35137301E-12
   149.845001      -1.24193787E-12
   149.960007      -1.11576807E-12
   150.074997      -9.72712145E-13
   150.190002      -8.12737247E-13
   150.304993      -6.35940194E-13
   150.419998      -4.42558452E-13
   150.535004      -2.32980546E-13
   150.649994      -7.75625275E-15
   150.764999       2.32393667E-13
   150.880005       4.86569606E-13
   150.994995       7.53685688E-13
   151.110001       1.03246524E-12
   151.225006       1.32143667E-12
   151.339996       1.61893264E-12
   151.455002       1.92309146E-12
   151.570007       2.23186118E-12
   151.684998       2.54300487E-12
   151.800003       2.85411104E-12
   151.914993       3.16260429E-12
   152.029999       3.46575958E-12
   152.145004       3.76071743E-12
   152.259995       4.04450301E-12
   152.375000       4.31404305E-12
   152.490005       4.56618597E-12
   152.604996       4.79772168E-12
   152.720001       5.00540061E-12
   152.835007       5.18595280E-12
   152.949997       5.33610482E-12
   153.065002       5.45259541E-12
   153.179993       5.53218842E-12
   153.294998       5.57168504E-12
   153.410004       5.56793370E-12
   153.524994       5.51783445E-12
   153.639999       5.41834719E-12
   153.755005       5.26649124E-12
   153.869995       5.05935051E-12
   153.985001       4.79407139E-12
   154.100006       4.46786358E-12
   154.214996       4.07799922E-12
   154.330002       3.62181400E-12
   154.445007       3.09670930E-12
   154.559998       2.50015308E-12
   154.675003       1.82968549E-12
   154.789993       1.08292433E-12
   154.904999       2.57575591E-13
   155.020004      -6.48555862E-13
   155.134995      -1.63755478E-12
   155.250000      -2.71137540E-12
   155.365005      -3.87182690E-12
   155.479996      -5.12055068E-12
   155.595001      -6.45899870E-12
   155.710007      -7.88841301E-12
   155.824997      -9.40979586E-12
   155.940002      -1.10238910E-11
   156.054993      -1.27311538E-11
   156.169998      -1.45317248E-11
   156.285004      -1.64254114E-11
   156.399994      -1.84116576E-11
   156.514999      -2.04895198E-11
   156.630005      -2.26576449E-11
   156.744995      -2.49142564E-11
   156.860001      -2.72571323E-11
   156.975006      -2.96835750E-11
   157.089996      -3.21904205E-11
   157.205002      -3.47740066E-11
   157.320007      -3.74301735E-11
   157.434998      -4.01542757E-11
   157.550003      -4.29411368E-11
   157.664993      -4.57851049E-11
   157.779999      -4.86800322E-11
   157.895004      -5.16192887E-11
   158.009995      -5.45957862E-11
   158.125000      -5.76020065E-11
   158.240005      -6.06300218E-11
   158.354996      -6.36715333E-11
   158.470001      -6.67178951E-11
   158.585007      -6.97601768E-11
   158.699997      -7.27891775E-11
   158.815002      -7.57954810E-11
   158.929993      -7.87694979E-11
   159.044998      -8.17015136E-11
   159.160004      -8.45817097E-11
   159.274994      -8.74002259E-11
   159.389999      -9.01471883E-11
   159.505005      -9.28126742E-11
   159.619995      -9.53868443E-11
   159.735001      -9.78598383E-11
   159.850006      -1.00221859E-10
   159.964996      -1.02463128E-10
   160.080002      -1.04573898E-10
   160.195007      -1.06544384E-10
   160.309998      -1.08364817E-10
   160.425003      -1.10025343E-10
   160.539993      -1.11516012E-10
   160.654999      -1.12826734E-10
   160.770004      -1.13947254E-10
   160.884995      -1.14867067E-10
   161.000000      -1.15575403E-10
   161.115005      -1.16061181E-10
   161.229996      -1.16312959E-10
   161.345001      -1.16318941E-10
   161.460007      -1.16066878E-10
   161.574997      -1.15544116E-10
   161.690002      -1.14737476E-10
   161.804993      -1.13633422E-10
   161.919998      -1.12217846E-10
   162.035004      -1.10476225E-10
   162.149994      -1.08393551E-10
   162.264999      -1.05954370E-10
   162.380005      -1.03142793E-10
   162.494995      -9.99424918E-11
   162.610001      -9.63367788E-11
   162.725006      -9.23085636E-11
   162.839996      -8.78404571E-11
   162.955002      -8.29147445E-11
   163.070007      -7.75134609E-11
   163.184998      -7.16184334E-11
   163.300003      -6.52112531E-11
   163.414993      -5.82734208E-11
   163.529999      -5.07863057E-11
   163.645004      -4.27312179E-11
   163.759995      -3.40894570E-11
   163.875000      -2.48423625E-11
   163.990005      -1.49713193E-11
   164.104996      -4.45783254E-12
   164.220001       6.71643730E-12
   164.335007       1.85696510E-11
   164.449997       3.11197387E-11
   164.565002       4.43843781E-11
   164.679993       5.83809598E-11
   164.794998       7.31265534E-11
   164.910004       8.86378818E-11
   165.024994       1.04931286E-10
   165.139999       1.22022725E-10
   165.255005       1.39927764E-10
   165.369995       1.58661473E-10
   165.485001       1.78238521E-10
   165.600006       1.98673036E-10
   165.714996       2.19978646E-10
   165.830002       2.42168396E-10
   165.945007       2.65254763E-10
   166.059998       2.89249624E-10
   166.175003       3.14164111E-10
   166.289993       3.40008660E-10
   166.404999       3.66792818E-10
   166.520004       3.94525301E-10
   166.634995       4.23213992E-10
   166.750000       4.52865634E-10
   166.865005       4.83485862E-10
   166.979996       5.15079202E-10
   167.095001       5.47648926E-10
   167.210007       5.81196924E-10
   167.324997       6.15723861E-10
   167.440002       6.51228960E-10
   167.554993       6.87709834E-10
   167.669998       7.25162819E-10
   167.785004       7.63582697E-10
   167.899994       8.02962752E-10
   168.014999       8.43294823E-10
   168.130005       8.84569418E-10
   168.244995       9.26775767E-10
   168.360001       9.69901826E-10
   168.475006       1.01393427E-09
   168.589996       1.05885878E-09
   168.705002       1.10466036E-09
   168.820007       1.15132281E-09
   168.934998       1.19882959E-09
   169.050003       1.24716337E-09
   169.164993       1.29630673E-09
   169.279999       1.34624156E-09
   169.395004       1.39695000E-09
   169.509995       1.44841394E-09
   169.625000       1.50061541E-09
   169.740005       1.55353685E-09
   169.854996       1.60716052E-09
   169.970001       1.66146974E-09
   170.085007       1.71644754E-09
   170.199997       1.77207826E-09
   170.315002       1.82834592E-09
   170.429993       1.88523619E-09
   170.544998       1.94273442E-09
   170.660004       2.00082750E-09
   170.774994       2.05950212E-09
   170.889999       2.11874629E-09
   171.005005       2.17854801E-09
   171.119995       2.23889640E-09
   171.235001       2.29978081E-09
   171.350006       2.36119102E-09
   171.464996       2.42311682E-09
   171.580002       2.48554932E-09
   171.695007       2.54847921E-09
   171.809998       2.61189714E-09
   171.925003       2.67579425E-09
   172.039993       2.74016143E-09
   172.154999       2.80498913E-09
   172.270004       2.87026802E-09
   172.384995       2.93598812E-09
   172.500000       3.00213876E-09
   172.615005       3.06870929E-09
   172.729996       3.13568838E-09
   172.845001       3.20306381E-09
   172.960007       3.27082339E-09
   173.074997       3.33895356E-09
   173.190002       3.40744122E-09
   173.304993       3.47627238E-09
   173.419998       3.54543239E-09
   173.535004       3.61490615E-09
   173.649994       3.68467878E-09
   173.764999       3.75473519E-09
   173.880005       3.82505938E-09
   173.994995       3.89563670E-09
   174.110001       3.96645072E-09
   174.225006       4.03748635E-09
   174.339996       4.10872758E-09
   174.455002       4.18016022E-09
   174.570007       4.25176827E-09
   174.684998       4.32353797E-09
   174.800003       4.39545378E-09
   174.914993       4.46750237E-09
   175.029999       4.53967042E-09
   175.145004       4.61194283E-09
   175.259995       4.68430672E-09
   175.375000       4.75674922E-09
   175.490005       4.82925699E-09
   175.604996       4.90181629E-09
   175.720001       4.97441466E-09
   175.835007       5.04703701E-09
   175.949997       5.11966958E-09
   176.065002       5.19229904E-09
   176.179993       5.26490895E-09
   176.294998       5.33748468E-09
   176.410004       5.41000977E-09
   176.524994       5.48246692E-09
   176.639999       5.55483792E-09
   176.755005       5.62710412E-09
   176.869995       5.69924463E-09
   176.985001       5.77123949E-09
   177.100006       5.84306648E-09
   177.214996       5.91470206E-09
   177.330002       5.98612138E-09
   177.445007       6.05729911E-09
   177.559998       6.12820772E-09
   177.675003       6.19881835E-09
   177.789993       6.26910035E-09
   177.904999       6.33902131E-09
   178.020004       6.40854925E-09
   178.134995       6.47764953E-09
   178.250000       6.54628485E-09
   178.365005       6.61442057E-09
   178.479996       6.68201672E-09
   178.595001       6.74903422E-09
   178.710007       6.81543311E-09
   178.824997       6.88117074E-09
   178.940002       6.94620717E-09
   179.054993       7.01049885E-09
   179.169998       7.07400183E-09
   179.285004       7.13667214E-09
   179.399994       7.19846760E-09
   179.514999       7.25934379E-09
   179.630005       7.31925454E-09
   179.744995       7.37815675E-09
   179.860001       7.43600692E-09
   179.975006       7.49275930E-09
   180.089996       7.54837259E-09
   180.205002       7.60280372E-09
   180.320007       7.65601094E-09
   180.434998       7.70795250E-09
   180.550003       7.75858666E-09
   180.664993       7.80787346E-09
   180.779999       7.85577292E-09
   180.895004       7.90224597E-09
   181.009995       7.94725530E-09
   181.125000       7.99076183E-09
   181.240005       8.03273004E-09
   181.354996       8.07312261E-09
   181.470001       8.11190315E-09
   181.585007       8.14903967E-09
   181.699997       8.18449752E-09
   181.815002       8.21824475E-09
   181.929993       8.25024760E-09
   182.044998       8.28047764E-09
   182.160004       8.30890201E-09
   182.274994       8.33549230E-09
   182.389999       8.36022007E-09
   182.505005       8.38305780E-09
   182.619995       8.40397796E-09
   182.735001       8.42295300E-09
   182.850006       8.43995540E-09
   182.964996       8.45495851E-09
   183.080002       8.46793569E-09
   183.195007       8.47885939E-09
   183.309998       8.48770210E-09
   183.425003       8.49443627E-09
   183.539993       8.49903525E-09
   183.654999       8.50146975E-09
   183.770004       8.50171133E-09
   183.884995       8.49973070E-09
   184.000000       8.49550030E-09
   184.115005       8.48898818E-09
   184.229996       8.48016501E-09
   184.345001       8.46899884E-09
   184.460007       8.45545856E-09
   184.574997       8.43951131E-09
   184.690002       8.42112335E-09
   184.804993       8.40026271E-09
   184.919998       8.37689296E-09
   185.035004       8.35098213E-09
   185.149994       8.32249469E-09
   185.264999       8.29139513E-09
   185.380005       8.25764879E-09
   185.494995       8.22121926E-09
   185.610001       8.18207191E-09
   185.725006       8.14017120E-09
   185.839996       8.09547984E-09
   185.955002       8.04796141E-09
   186.070007       7.99758126E-09
   186.184998       7.94430388E-09
   186.300003       7.88809196E-09
   186.414993       7.82890908E-09
   186.529999       7.76671882E-09
   186.645004       7.70148478E-09
   186.759995       7.63317143E-09
   186.875000       7.56174323E-09
   186.990005       7.48716378E-09
   187.104996       7.40939665E-09
   187.220001       7.32840810E-09
   187.335007       7.24416438E-09
   187.449997       7.15662951E-09
   187.565002       7.06577019E-09
   187.679993       6.97155400E-09
   187.794998       6.87394852E-09
   187.910004       6.77292045E-09
   188.024994       6.66843958E-09
   188.139999       6.56047350E-09
   188.255005       6.44899334E-09
   188.369995       6.33396979E-09
   188.485001       6.21537444E-09
   188.600006       6.09317885E-09
   188.714996       5.96735727E-09
   188.830002       5.83788307E-09
   188.945007       5.70473269E-09
   189.059998       5.56788260E-09
   189.175003       5.42731149E-09
   189.289993       5.28299759E-09
   189.404999       5.13492360E-09
   189.520004       4.98307218E-09
   189.634995       4.82742779E-09
   189.750000       4.66797800E-09
   189.865005       4.50471216E-09
   189.979996       4.33762226E-09
   190.095001       4.16670298E-09
   190.210007       3.99194988E-09
   190.324997       3.81336251E-09
   190.440002       3.63094310E-09
   190.554993       3.44469520E-09
   190.669998       3.25462635E-09
   190.785004       3.06074610E-09
   190.899994       2.86306689E-09
   191.014999       2.66160338E-09
   191.130005       2.45637111E-09
   191.244995       2.24739027E-09
   191.360001       2.03468131E-09
   191.475006       1.81826731E-09
   191.589996       1.59817348E-09
   191.705002       1.37442535E-09
   191.820007       1.14705134E-09
   191.934998       9.16081100E-10
   192.050003       6.81544932E-10
   192.164993       4.43474840E-10
   192.279999       2.01903175E-10
   192.395004      -4.31361578E-11
   192.509995      -2.91607433E-10
   192.625000      -5.43476264E-10
   192.740005      -7.98705990E-10
   192.854996      -1.05725961E-09
   192.970001      -1.31910094E-09
   193.085007      -1.58419278E-09
   193.199997      -1.85249749E-09
   193.315002      -2.12397833E-09
   193.429993      -2.39859843E-09
   193.544998      -2.67632116E-09
   193.660004      -2.95710967E-09
   193.774994      -3.24092841E-09
   193.889999      -3.52774077E-09
   194.005005      -3.81751253E-09
   194.119995      -4.11020817E-09
   194.235001      -4.40579306E-09
   194.350006      -4.70423389E-09
   194.464996      -5.00549646E-09
   194.580002      -5.30954791E-09
   194.695007      -5.61635449E-09
   194.809998      -5.92588467E-09
   194.925003      -6.23810470E-09
   195.039993      -6.55298349E-09
   195.154999      -6.87048685E-09
   195.270004      -7.19058457E-09
   195.384995      -7.51324247E-09
   195.500000      -7.83842857E-09
   195.615005      -8.16611045E-09
   195.729996      -8.49625525E-09
   195.845001      -8.82882834E-09
   195.960007      -9.16379683E-09
   196.074997      -9.50112522E-09
   196.190002      -9.84077619E-09
   196.304993      -1.01827151E-08
   196.419998      -1.05269029E-08
   196.535004      -1.08733005E-08
   196.649994      -1.12218679E-08
   196.764999      -1.15725634E-08
   196.880005      -1.19253443E-08
   196.994995      -1.22801653E-08
   197.110001      -1.26369795E-08
   197.225006      -1.29957405E-08
   197.339996      -1.33563969E-08
   197.455002      -1.37188971E-08
   197.570007      -1.40831879E-08
   197.684998      -1.44492116E-08
   197.800003      -1.48169086E-08
   197.914993      -1.51862203E-08
   198.029999      -1.55570774E-08
   198.145004      -1.59294178E-08
   198.259995      -1.63031686E-08
   198.375000      -1.66782552E-08
   198.490005      -1.70546066E-08
   198.604996      -1.74321411E-08
   198.720001      -1.78107804E-08
   198.835007      -1.81904376E-08
   198.949997      -1.85710274E-08
   199.065002      -1.89524645E-08
   199.179993      -1.93346583E-08
   199.294998      -1.97175147E-08
   199.410004      -2.01009414E-08
   199.524994      -2.04848440E-08
   199.639999      -2.08691251E-08
   199.755005      -2.12536850E-08
   199.869995      -2.16384262E-08
   199.985001      -2.20232508E-08
   200.100006      -2.24080559E-08
   200.214996      -2.27927419E-08
   200.330002      -2.31772077E-08
   200.445007      -2.35613484E-08
   200.559998      -2.39450628E-08
   200.675003      -2.43282479E-08
   200.789993      -2.47108005E-08
   200.904999      -2.50926178E-08
   201.020004      -2.54735966E-08
   201.134995      -2.58536321E-08
   201.250000      -2.62326250E-08
   201.365005      -2.66104720E-08
   201.479996      -2.69870757E-08
   201.595001      -2.73623275E-08
   201.710007      -2.77361352E-08
   201.824997      -2.81083974E-08
   201.940002      -2.84790111E-08
   202.054993      -2.88478788E-08
   202.169998      -2.92149060E-08
   202.285004      -2.95799936E-08
   202.399994      -2.99430418E-08
   202.514999      -3.03039585E-08
   202.630005      -3.06626440E-08
   202.744995      -3.10190060E-08
   202.860001      -3.13729451E-08
   202.975006      -3.17243689E-08
   203.089996      -3.20731779E-08
   203.205002      -3.24192833E-08
   203.320007      -3.27625820E-08
   203.434998      -3.31029852E-08
   203.550003      -3.34403971E-08
   203.664993      -3.37747217E-08
   203.779999      -3.41058630E-08
   203.895004      -3.44337323E-08
   204.009995      -3.47582336E-08
   204.125000      -3.50792746E-08
   204.240005      -3.53967629E-08
   204.354996      -3.57106060E-08
   204.470001      -3.60207189E-08
   204.585007      -3.63270019E-08
   204.699997      -3.66293733E-08
   204.815002      -3.69277409E-08
   204.929993      -3.72220192E-08
   205.044998      -3.75121196E-08
   205.160004      -3.77979532E-08
   205.274994      -3.80794383E-08
   205.389999      -3.83564824E-08
   205.505005      -3.86290075E-08
   205.619995      -3.88969212E-08
   205.735001      -3.91601489E-08
   205.850006      -3.94185982E-08
   205.964996      -3.96721909E-08
   206.080002      -3.99208453E-08
   206.195007      -4.01644726E-08
   206.309998      -4.04029947E-08
   206.425003      -4.06363263E-08
   206.539993      -4.08643892E-08
   206.654999      -4.10870911E-08
   206.770004      -4.13043573E-08
   206.884995      -4.15161026E-08
   207.000000      -4.17222417E-08
   207.115005      -4.19226964E-08
   207.229996      -4.21173851E-08
   207.345001      -4.23062296E-08
   207.460007      -4.24891446E-08
   207.574997      -4.26660556E-08
   207.690002      -4.28368843E-08
   207.804993      -4.30015632E-08
   207.919998      -4.31600142E-08
   208.035004      -4.33121699E-08
   208.149994      -4.34579555E-08
   208.264999      -4.35972964E-08
   208.380005      -4.37301289E-08
   208.494995      -4.38563852E-08
   208.610001      -4.39759944E-08
   208.725006      -4.40888890E-08
   208.839996      -4.41950156E-08
   208.955002      -4.42943033E-08
   209.070007      -4.43866917E-08
   209.184998      -4.44721202E-08
   209.300003      -4.45505322E-08
   209.414993      -4.46218600E-08
   209.529999      -4.46860540E-08
   209.645004      -4.47430573E-08
   209.759995      -4.47928166E-08
   209.875000      -4.48352786E-08
   209.990005      -4.48703865E-08
   210.104996      -4.48980835E-08
   210.220001      -4.49183162E-08
   210.335007      -4.49310384E-08
   210.449997      -4.49361934E-08
   210.565002      -4.49337278E-08
   210.679993      -4.49235884E-08
   210.794998      -4.49057218E-08
   210.910004      -4.48800748E-08
   211.024994      -4.48465798E-08
   211.139999      -4.48051871E-08
   211.255005      -4.47558328E-08
   211.369995      -4.46984565E-08
   211.485001      -4.46330013E-08
   211.600006      -4.45593962E-08
   211.714996      -4.44775807E-08
   211.830002      -4.43874946E-08
   211.945007      -4.42890702E-08
   212.059998      -4.41822436E-08
   212.175003      -4.40669545E-08
   212.289993      -4.39431318E-08
   212.404999      -4.38107222E-08
   212.520004      -4.36696546E-08
   212.634995      -4.35198828E-08
   212.750000      -4.33613359E-08
   212.865005      -4.31939675E-08
   212.979996      -4.30177245E-08
   213.095001      -4.28325535E-08
   213.210007      -4.26384155E-08
   213.324997      -4.24352677E-08
   213.440002      -4.22230784E-08
   213.554993      -4.20018118E-08
   213.669998      -4.17714396E-08
   213.785004      -4.15319406E-08
   213.899994      -4.12833003E-08
   214.014999      -4.10255012E-08
   214.130005      -4.07585361E-08
   214.244995      -4.04823979E-08
   214.360001      -4.01970901E-08
   214.475006      -3.99026163E-08
   214.589996      -3.95989836E-08
   214.705002      -3.92862098E-08
   214.820007      -3.89643056E-08
   214.934998      -3.86332957E-08
   215.050003      -3.82932051E-08
   215.164993      -3.79440586E-08
   215.279999      -3.75858953E-08
   215.395004      -3.72187436E-08
   215.509995      -3.68426534E-08
   215.625000      -3.64576636E-08
   215.740005      -3.60638204E-08
   215.854996      -3.56611665E-08
   215.970001      -3.52497516E-08
   216.085007      -3.48296290E-08
   216.199997      -3.44008448E-08
   216.315002      -3.39634525E-08
   216.429993      -3.35174981E-08
   216.544998      -3.30630350E-08
   216.660004      -3.26001093E-08
   216.774994      -3.21287708E-08
   216.889999      -3.16490727E-08
   217.005005      -3.11610577E-08
   217.119995      -3.06647792E-08
   217.235001      -3.01602796E-08
   217.350006      -2.96476212E-08
   217.464996      -2.91268503E-08
   217.580002      -2.85980182E-08
   217.695007      -2.80611818E-08
   217.809998      -2.75163998E-08
   217.925003      -2.69637344E-08
   218.039993      -2.64032458E-08
   218.154999      -2.58350052E-08
   218.270004      -2.52590802E-08
   218.384995      -2.46755434E-08
   218.500000      -2.40844713E-08
   218.615005      -2.34859492E-08
   218.729996      -2.28800552E-08
   218.845001      -2.22668817E-08
   218.960007      -2.16465121E-08
   219.074997      -2.10190443E-08
   219.190002      -2.03845705E-08
   219.304993      -1.97431884E-08
   219.419998      -1.90949976E-08
   219.535004      -1.84401010E-08
   219.649994      -1.77786017E-08
   219.764999      -1.71106027E-08
   219.880005      -1.64362159E-08
   219.994995      -1.57555480E-08
   220.110001      -1.50687072E-08
   220.225006      -1.43758090E-08
   220.339996      -1.36769636E-08
   220.455002      -1.29722828E-08
   220.570007      -1.22618795E-08
   220.684998      -1.15458647E-08
   220.800003      -1.08243539E-08
   220.914993      -1.00974571E-08
   221.029999      -9.36528632E-09
   221.145004      -8.62795169E-09
   221.259995      -7.88556420E-09
   221.375000      -7.13823356E-09
   221.490005      -6.38606590E-09
   221.604996      -5.62916957E-09
   221.720001      -4.86764895E-09
   221.835007      -4.10160927E-09
   221.949997      -3.33115335E-09
   222.065002      -2.55638355E-09
   222.179993      -1.77740245E-09
   222.294998      -9.94311633E-10
   222.410004      -2.07212331E-10
   222.524994       5.83793125E-10
   222.639999       1.37860234E-09
   222.755005       2.17711138E-09
   222.869995       2.97921465E-09
   222.985001       3.78480491E-09
   223.100006       4.59377159E-09
   223.214996       5.40600187E-09
   223.330002       6.22137852E-09
   223.445007       7.03978120E-09
   223.559998       7.86108689E-09
   223.675003       8.68516548E-09
   223.789993       9.51188728E-09
   223.904999       1.03411164E-08
   224.020004       1.11727143E-08
   224.134995       1.20065398E-08
   224.250000       1.28424498E-08
   224.365005       1.36803004E-08
   224.479996       1.45199417E-08
   224.595001       1.53612252E-08
   224.710007       1.62040052E-08
   224.824997       1.70481318E-08
   224.940002       1.78934538E-08
   225.054993       1.87398204E-08
   225.169998       1.95870822E-08
   225.285004       2.04350901E-08
   225.399994       2.12836895E-08
   225.514999       2.21327330E-08
   225.630005       2.29820660E-08
   225.744995       2.38315341E-08
   225.860001       2.46809826E-08
   225.975006       2.55302535E-08
   226.089996       2.63791922E-08
   226.205002       2.72276388E-08
   226.320007       2.80754300E-08
   226.434998       2.89224094E-08
   226.550003       2.97684135E-08
   226.664993       3.06132790E-08
   226.779999       3.14568460E-08
   226.895004       3.22989493E-08
   227.009995       3.31394254E-08
   227.125000       3.39781074E-08
   227.240005       3.48148284E-08
   227.354996       3.56494176E-08
   227.470001       3.64817154E-08
   227.585007       3.73115476E-08
   227.699997       3.81387402E-08
   227.815002       3.89631190E-08
   227.929993       3.97845170E-08
   228.044998       4.06027425E-08
   228.160004       4.14176284E-08
   228.274994       4.22289901E-08
   228.389999       4.30366356E-08
   228.505005       4.38403767E-08
   228.619995       4.46400215E-08
   228.735001       4.54353817E-08
   228.850006       4.62262548E-08
   228.964996       4.70124490E-08
   229.080002       4.77937583E-08
   229.195007       4.85699800E-08
   229.309998       4.93409118E-08
   229.425003       5.01063475E-08
   229.539993       5.08660918E-08
   229.654999       5.16199350E-08
   229.770004       5.23676817E-08
   229.884995       5.31091295E-08
   230.000000       5.38440830E-08
   230.115005       5.45723502E-08
   230.229996       5.52937394E-08
   230.345001       5.60080657E-08
   230.460007       5.67151410E-08
   230.574997       5.74147734E-08
   230.690002       5.81067958E-08
   230.804993       5.87910165E-08
   230.919998       5.94672684E-08
   231.035004       6.01353634E-08
   231.149994       6.07951378E-08
   231.264999       6.14464142E-08
   231.380005       6.20890219E-08
   231.494995       6.27227905E-08
   231.610001       6.33475494E-08
   231.725006       6.39631210E-08
   231.839996       6.45693561E-08
   231.955002       6.51660770E-08
   232.070007       6.57531274E-08
   232.184998       6.63303439E-08
   232.300003       6.68975702E-08
   232.414993       6.74546570E-08
   232.529999       6.80014551E-08
   232.645004       6.85378225E-08
   232.759995       6.90636242E-08
   232.875000       6.95787179E-08
   232.990005       7.00829901E-08
   233.104996       7.05763128E-08
   233.220001       7.10585724E-08
   233.335007       7.15296622E-08
   233.449997       7.19894757E-08
   233.565002       7.24379206E-08
   233.679993       7.28748830E-08
   233.794998       7.33002992E-08
   233.910004       7.37140553E-08
   234.024994       7.41160946E-08
   234.139999       7.45063105E-08
   234.255005       7.48846460E-08
   234.369995       7.52510161E-08
   234.485001       7.56053637E-08
   234.600006       7.59476180E-08
   234.714996       7.62777148E-08
   234.830002       7.65955974E-08
   234.945007       7.69012090E-08
   235.059998       7.71945068E-08
   235.175003       7.74754270E-08
   235.289993       7.77439340E-08
   235.404999       7.79999780E-08
   235.520004       7.82435094E-08
   235.634995       7.84744927E-08
   235.750000       7.86928780E-08
   235.865005       7.88986299E-08
   235.979996       7.90916985E-08
   236.095001       7.92720343E-08
   236.210007       7.94395874E-08
   236.324997       7.95943009E-08
   236.440002       7.97361110E-08
   236.554993       7.98649609E-08
   236.669998       7.99807722E-08
   236.785004       8.00834812E-08
   236.899994       8.01730096E-08
   237.014999       8.02492792E-08
   237.130005       8.03121978E-08
   237.244995       8.03617013E-08
   237.360001       8.03976832E-08
   237.475006       8.04200724E-08
   237.589996       8.04287694E-08
   237.705002       8.04236890E-08
   237.820007       8.04047460E-08
   237.934998       8.03718621E-08
   238.050003       8.03249449E-08
   238.164993       8.02639164E-08
   238.279999       8.01887197E-08
   238.395004       8.00992623E-08
   238.509995       7.99954947E-08
   238.625000       7.98773598E-08
   238.740005       7.97448010E-08
   238.854996       7.95977684E-08
   238.970001       7.94362336E-08
   239.085007       7.92601469E-08
   239.199997       7.90694870E-08
   239.315002       7.88642254E-08
   239.429993       7.86443408E-08
   239.544998       7.84098191E-08
   239.660004       7.81606531E-08
   239.774994       7.78968285E-08
   239.889999       7.76183597E-08
   240.005005       7.73252467E-08
   240.119995       7.70174964E-08
   240.235001       7.66951231E-08
   240.350006       7.63581625E-08
   240.464996       7.60066285E-08
   240.580002       7.56405711E-08
   240.695007       7.52600258E-08
   240.809998       7.48650493E-08
   240.925003       7.44556985E-08
   241.039993       7.40320303E-08
   241.154999       7.35941157E-08
   241.270004       7.31420116E-08
   241.384995       7.26758103E-08
   241.500000       7.21955757E-08
   241.615005       7.17013720E-08
   241.729996       7.11932771E-08
   241.845001       7.06713763E-08
   241.960007       7.01357266E-08
   242.074997       6.95864202E-08
   242.190002       6.90235140E-08
   242.304993       6.84470862E-08
   242.419998       6.78572150E-08
   242.535004       6.72539713E-08
   242.649994       6.66374262E-08
   242.764999       6.60076509E-08
   242.880005       6.53647305E-08
   242.994995       6.47087361E-08
   243.110001       6.40397531E-08
   243.225006       6.33578594E-08
   243.339996       6.26631405E-08
   243.455002       6.19556886E-08
   243.570007       6.12355819E-08
   243.684998       6.05029129E-08
   243.800003       5.97577738E-08
   243.914993       5.90002607E-08
   244.029999       5.82304587E-08
   244.145004       5.74484602E-08
   244.259995       5.66543648E-08
   244.375000       5.58482611E-08
   244.490005       5.50302488E-08
   244.604996       5.42004202E-08
   244.720001       5.33588747E-08
   244.835007       5.25057047E-08
   244.949997       5.16410026E-08
   245.065002       5.07648714E-08
   245.179993       4.98774000E-08
   245.294998       4.89786949E-08
   245.410004       4.80688556E-08
   245.524994       4.71479851E-08
   245.639999       4.62161971E-08
   245.755005       4.52736089E-08
   245.869995       4.43203447E-08
   245.985001       4.33565326E-08
   246.100006       4.23823181E-08
   246.214996       4.13978434E-08
   246.330002       4.04032718E-08
   246.445007       3.93987705E-08
   246.559998       3.83845098E-08
   246.675003       3.73606817E-08
   246.789993       3.63274708E-08
   246.904999       3.52850762E-08
   247.020004       3.42337074E-08
   247.134995       3.31735635E-08
   247.250000       3.21048645E-08
   247.365005       3.10278274E-08
   247.479996       2.99426759E-08
   247.595001       2.88496391E-08
   247.710007       2.77489516E-08
   247.824997       2.66408531E-08
   247.940002       2.55255888E-08
   248.054993       2.44034037E-08
   248.169998       2.32745592E-08
   248.285004       2.21393126E-08
   248.399994       2.09979323E-08
   248.514999       1.98506864E-08
   248.630005       1.86978522E-08
   248.744995       1.75397066E-08
   248.860001       1.63765321E-08
   248.975006       1.52086095E-08
   249.089996       1.40362246E-08
   249.205002       1.28596627E-08
   249.320007       1.16792078E-08
   249.434998       1.04951443E-08
   249.550003       9.30775546E-09
   249.664993       8.11732193E-09
   249.779999       6.92412394E-09
   249.895004       5.72843994E-09
   250.009995       4.53054749E-09
   250.125000       3.33072170E-09
   250.240005       2.12923612E-09
   250.354996       9.26365651E-10
   250.470001      -2.77617762E-10
   250.585007      -1.48244328E-09
   250.699997      -2.68783817E-09
   250.815002      -3.89353261E-09
   250.929993      -5.09925391E-09
   251.044998      -6.30473096E-09
   251.160004      -7.50968887E-09
   251.274994      -8.71385275E-09
   251.389999      -9.91694638E-09
   251.505005      -1.11186926E-08
   251.619995      -1.23188100E-08
   251.735001      -1.35170195E-08
   251.850006      -1.47130423E-08
   251.964996      -1.59065969E-08
   252.080002      -1.70974044E-08
   252.195007      -1.82851938E-08
   252.309998      -1.94696863E-08
   252.425003      -2.06506154E-08
   252.539993      -2.18277201E-08
   252.654999      -2.30007426E-08
   252.770004      -2.41694327E-08
   252.884995      -2.53335504E-08
   253.000000      -2.64928559E-08
   253.115005      -2.76471166E-08
   253.229996      -2.87961157E-08
   253.345001      -2.99396277E-08
   253.460007      -3.10774446E-08
   253.574997      -3.22093570E-08
   253.690002      -3.33351586E-08
   253.804993      -3.44546507E-08
   253.919998      -3.55676200E-08
   254.035004      -3.66738782E-08
   254.149994      -3.77732228E-08
   254.264999      -3.88654691E-08
   254.380005      -3.99504110E-08
   254.494995      -4.10278638E-08
   254.610001      -4.20976392E-08
   254.725006      -4.31595524E-08
   254.839996      -4.42134187E-08
   254.955002      -4.52590605E-08
   255.070007      -4.62962966E-08
   255.184998      -4.73249600E-08
   255.300003      -4.83448765E-08
   255.414993      -4.93558687E-08
   255.529999      -5.03577766E-08
   255.645004      -5.13504297E-08
   255.759995      -5.23336645E-08
   255.875000      -5.33073212E-08
   255.990005      -5.42712293E-08
   256.105011      -5.52252146E-08
   256.220001      -5.61691245E-08
   256.334991      -5.71027812E-08
   256.450012      -5.80260213E-08
   256.565002      -5.89386708E-08
   256.679993      -5.98405521E-08
   256.795013      -6.07315016E-08
   256.910004      -6.16113454E-08
   257.024994      -6.24799057E-08
   257.140015      -6.33370050E-08
   257.255005      -6.41824869E-08
   257.369995      -6.50161667E-08
   257.484985      -6.58378738E-08
   257.600006      -6.66474520E-08
   257.714996      -6.74447236E-08
   257.829987      -6.82295322E-08
   257.945007      -6.90017217E-08
   258.059998      -6.97611284E-08
   258.174988      -7.05075891E-08
   258.290009      -7.12409616E-08
   258.404999      -7.19610895E-08
   258.519989      -7.26678095E-08
   258.635010      -7.33609866E-08
   258.750000      -7.40404431E-08
   258.864990      -7.47060298E-08
   258.980011      -7.53575833E-08
   259.095001      -7.59949401E-08
   259.209991      -7.66179298E-08
   259.325012      -7.72263604E-08
   259.440002      -7.78200615E-08
   259.554993      -7.83988412E-08
   259.670013      -7.89624934E-08
   259.785004      -7.95108335E-08
   259.899994      -8.00436624E-08
   260.015015      -8.05607598E-08
   260.130005      -8.10619198E-08
   260.244995      -8.15469292E-08
   260.359985      -8.20155819E-08
   260.475006      -8.24676576E-08
   260.589996      -8.29029503E-08
   260.704987      -8.33212539E-08
   260.820007      -8.37223482E-08
   260.934998      -8.41060555E-08
   261.049988      -8.44721555E-08
   261.165009      -8.48204635E-08
   261.279999      -8.51507806E-08
   261.394989      -8.54629221E-08
   261.510010      -8.57567031E-08
   261.625000      -8.60319531E-08
   261.739990      -8.62884946E-08
   261.855011      -8.65261569E-08
   261.970001      -8.67447909E-08
   262.084991      -8.69442260E-08
   262.200012      -8.71243131E-08
   262.315002      -8.72849242E-08
   262.429993      -8.74259243E-08
   262.545013      -8.75471855E-08
   262.660004      -8.76486013E-08
   262.774994      -8.77300650E-08
   262.890015      -8.77914843E-08
   263.005005      -8.78327597E-08
   263.119995      -8.78538415E-08
   263.234985      -8.78546444E-08
   263.350006      -8.78351187E-08
   263.464996      -8.77952289E-08
   263.579987      -8.77349180E-08
   263.695007      -8.76541719E-08
   263.809998      -8.75529622E-08
   263.924988      -8.74312747E-08
   264.040009      -8.72890951E-08
   264.154999      -8.71264163E-08
   264.269989      -8.69432171E-08
   264.385010      -8.67395258E-08
   264.500000      -8.65153211E-08
   264.614990      -8.62706315E-08
   264.730011      -8.60054570E-08
   264.845001      -8.57198117E-08
   264.959991      -8.54137028E-08
   265.075012      -8.50871658E-08
   265.190002      -8.47402220E-08
   265.304993      -8.43729140E-08
   265.420013      -8.39852987E-08
   265.535004      -8.35774259E-08
   265.649994      -8.31493878E-08
   265.765015      -8.27012485E-08
   265.880005      -8.22331288E-08
   265.994995      -8.17451280E-08
   266.109985      -8.12373884E-08
   266.225006      -8.07100520E-08
   266.339996      -8.01632822E-08
   266.454987      -7.95972497E-08
   266.570007      -7.90121462E-08
   266.684998      -7.84081848E-08
   266.799988      -7.77855789E-08
   266.915009      -7.71445556E-08
   267.029999      -7.64853780E-08
   267.144989      -7.58082876E-08
   267.260010      -7.51135616E-08
   267.375000      -7.44014770E-08
   267.489990      -7.36723251E-08
   267.605011      -7.29264187E-08
   267.720001      -7.21640490E-08
   267.834991      -7.13855357E-08
   267.950012      -7.05912129E-08
   268.065002      -6.97814002E-08
   268.179993      -6.89564317E-08
   268.295013      -6.81166412E-08
   268.410004      -6.72623699E-08
   268.524994      -6.63939588E-08
   268.640015      -6.55117489E-08
   268.755005      -6.46160814E-08
   268.869995      -6.37072759E-08
   268.984985      -6.27856664E-08
   269.100006      -6.18515799E-08
   269.214996      -6.09053288E-08
   269.329987      -5.99472116E-08
   269.445007      -5.89775091E-08
   269.559998      -5.79965089E-08
   269.674988      -5.70044669E-08
   269.790009      -5.60016318E-08
   269.904999      -5.49882309E-08
   270.019989      -5.39644809E-08
   270.135010      -5.29305844E-08
   270.250000      -5.18867154E-08
   270.364990      -5.08330587E-08
   270.480011      -4.97697670E-08
   270.595001      -4.86969896E-08
   270.709991      -4.76148720E-08
   270.825012      -4.65235388E-08
   270.940002      -4.54231177E-08
   271.054993      -4.43137260E-08
   271.170013      -4.31954810E-08
   271.285004      -4.20684998E-08
   271.399994      -4.09328855E-08
   271.515015      -3.97887483E-08
   271.630005      -3.86362018E-08
   271.744995      -3.74753384E-08
   271.859985      -3.63062682E-08
   271.975006      -3.51291050E-08
   272.089996      -3.39439516E-08
   272.204987      -3.27509255E-08
   272.320007      -3.15501332E-08
   272.434998      -3.03416954E-08
   272.549988      -2.91257418E-08
   272.665009      -2.79024022E-08
   272.779999      -2.66718185E-08
   272.894989      -2.54341419E-08
   273.010010      -2.41895322E-08
   273.125000      -2.29381651E-08
   273.239990      -2.16802238E-08
   273.355011      -2.04159107E-08
   273.470001      -1.91454408E-08
   273.584991      -1.78690467E-08
   273.700012      -1.65869753E-08
   273.815002      -1.52994932E-08
   273.929993      -1.40068872E-08
   274.045013      -1.27094593E-08
   274.160004      -1.14075318E-08
   274.274994      -1.01014468E-08
   274.390015      -8.79156392E-09
   274.505005      -7.47825890E-09
   274.619995      -6.16193008E-09
   274.734985      -4.84298646E-09
   274.850006      -3.52185436E-09
   274.964996      -2.19897545E-09
   275.079987      -8.74803230E-10
   275.195007       4.50194410E-10
   275.309998       1.77554238E-09
   275.424988       3.10075432E-09
   275.540009       4.42533432E-09
   275.654999       5.74877657E-09
   275.769989       7.07057168E-09
   275.885010       8.39020409E-09
   276.000000       9.70715153E-09
   276.114990       1.10208935E-08
   276.230011       1.23309034E-08
   276.345001       1.36366660E-08
   276.459991       1.49376600E-08
   276.575012       1.62333755E-08
   276.690002       1.75233126E-08
   276.804993       1.88069809E-08
   276.920013       2.00839079E-08
   277.035004       2.13536371E-08
   277.149994       2.26157280E-08
   277.265015       2.38697702E-08
   277.380005       2.51153676E-08
   277.494995       2.63521631E-08
   277.609985       2.75798140E-08
   277.725006       2.87980093E-08
   277.839996       3.00064684E-08
   277.954987       3.12049302E-08
   278.070007       3.23931779E-08
   278.184998       3.35709984E-08
   278.299988       3.47382212E-08
   278.415009       3.58946899E-08
   278.529999       3.70402731E-08
   278.644989       3.81748677E-08
   278.760010       3.92983885E-08
   278.875000       4.04107503E-08
   278.989990       4.15119068E-08
   279.105011       4.26017976E-08
   279.220001       4.36804015E-08
   279.334991       4.47476793E-08
   279.450012       4.58036133E-08
   279.565002       4.68481787E-08
   279.679993       4.78813575E-08
   279.795013       4.89031287E-08
   279.910004       4.99134671E-08
   280.024994       5.09123375E-08
   280.140015       5.18997041E-08
   280.255005       5.28755244E-08
   280.369995       5.38397416E-08
   280.484985       5.47922987E-08
   280.600006       5.57331212E-08
   280.714996       5.66621274E-08
   280.829987       5.75792214E-08
   280.945007       5.84842965E-08
   281.059998       5.93772391E-08
   281.174988       6.02579107E-08
   281.290009       6.11261797E-08
   281.404999       6.19818792E-08
   281.519989       6.28248458E-08
   281.635010       6.36549018E-08
   281.750000       6.44718483E-08
   281.864990       6.52755006E-08
   281.980011       6.60656454E-08
   282.095001       6.68420910E-08
   282.209991       6.76046028E-08
   282.325012       6.83529819E-08
   282.440002       6.90870223E-08
   282.554993       6.98065179E-08
   282.670013       7.05112697E-08
   282.785004       7.12011001E-08
   282.899994       7.18758315E-08
   283.015015       7.25353004E-08
   283.130005       7.31793577E-08
   283.244995       7.38078683E-08
   283.359985       7.44207185E-08
   283.475006       7.50178089E-08
   283.589996       7.55990470E-08
   283.704987       7.61643619E-08
   283.820007       7.67137109E-08
   283.934998       7.72470514E-08
   284.049988       7.77643763E-08
   284.165009       7.82656784E-08
   284.279999       7.87509649E-08
   284.394989       7.92202783E-08
   284.510010       7.96736614E-08
   284.625000       8.01111781E-08
   284.739990       8.05329066E-08
   284.855011       8.09389320E-08
   284.970001       8.13293468E-08
   285.084991       8.17042718E-08
   285.200012       8.20638277E-08
   285.315002       8.24081283E-08
   285.429993       8.27373228E-08
   285.545013       8.30515319E-08
   285.660004       8.33508977E-08
   285.774994       8.36355696E-08
   285.890015       8.39056824E-08
   286.005005       8.41613712E-08
   286.119995       8.44027781E-08
   286.234985       8.46300381E-08
   286.350006       8.48432791E-08
   286.464996       8.50426005E-08
   286.579987       8.52281374E-08
   286.695007       8.53999609E-08
   286.809998       8.55581561E-08
   286.924988       8.57027871E-08
   287.040009       8.58339249E-08
   287.154999       8.59515907E-08
   287.269989       8.60558131E-08
   287.385010       8.61466063E-08
   287.500000       8.62239631E-08
   287.614990       8.62878693E-08
   287.730011       8.63383036E-08
   287.845001       8.63752305E-08
   287.959991       8.63986074E-08
   288.075012       8.64083916E-08
   288.190002       8.64045475E-08
   288.304993       8.63870184E-08
   288.420013       8.63557617E-08
   288.535004       8.63107417E-08
   288.649994       8.62519229E-08
   288.765015       8.61792842E-08
   288.880005       8.60928040E-08
   288.994995       8.59924754E-08
   289.109985       8.58783054E-08
   289.225006       8.57503153E-08
   289.339996       8.56085336E-08
   289.454987       8.54530242E-08
   289.570007       8.52838369E-08
   289.684998       8.51010782E-08
   289.799988       8.49048476E-08
   289.915009       8.46952730E-08
   290.029999       8.44725037E-08
   290.144989       8.42367172E-08
   290.260010       8.39880983E-08
   290.375000       8.37268601E-08
   290.489990       8.34532372E-08
   290.605011       8.31674924E-08
   290.720001       8.28699100E-08
   290.834991       8.25607671E-08
   290.950012       8.22403976E-08
   291.065002       8.19091355E-08
   291.179993       8.15673360E-08
   291.295013       8.12153544E-08
   291.410004       8.08535745E-08
   291.524994       8.04824012E-08
   291.640015       8.01022324E-08
   291.755005       7.97134803E-08
   291.869995       7.93165711E-08
   291.984985       7.89119170E-08
   292.100006       7.84999585E-08
   292.214996       7.80811007E-08
   292.329987       7.76557769E-08
   292.445007       7.72243922E-08
   292.559998       7.67873729E-08
   292.674988       7.63451240E-08
   292.790009       7.58980505E-08
   292.904999       7.54465290E-08
   293.019989       7.49909503E-08
   293.135010       7.45316981E-08
   293.250000       7.40691206E-08
   293.364990       7.36035801E-08
   293.480011       7.31354106E-08
   293.595001       7.26649674E-08
   293.709991       7.21925630E-08
   293.825012       7.17185031E-08
   293.940002       7.12430932E-08
   294.054993       7.07666388E-08
   294.170013       7.02894027E-08
   294.285004       6.98116551E-08
   294.399994       6.93336659E-08
   294.515015       6.88556625E-08
   294.630005       6.83778936E-08
   294.744995       6.79005723E-08
   294.859985       6.74239260E-08
   294.975006       6.69481466E-08
   295.089996       6.64734401E-08
   295.204987       6.59999841E-08
   295.320007       6.55279777E-08
   295.434998       6.50575842E-08
   295.549988       6.45889813E-08
   295.665009       6.41223394E-08
   295.779999       6.36578221E-08
   295.894989       6.31955999E-08
   296.010010       6.27358290E-08
   296.125000       6.22786658E-08
   296.239990       6.18242879E-08
   296.355011       6.13728304E-08
   296.470001       6.09244779E-08
   296.584991       6.04793726E-08
   296.700012       6.00376850E-08
   296.815002       5.95995715E-08
   296.929993       5.91652132E-08
   297.045013       5.87347628E-08
   297.160004       5.83083875E-08
   297.274994       5.78862540E-08
   297.390015       5.74685153E-08
   297.505005       5.70553489E-08
   297.619995       5.66468934E-08
   297.734985       5.62433193E-08
   297.850006       5.58447759E-08
   297.964996       5.54514124E-08
   298.079987       5.50633779E-08
   298.195007       5.46808110E-08
   298.309998       5.43038503E-08
   298.424988       5.39326344E-08
   298.540009       5.35673053E-08
   298.654999       5.32079909E-08
   298.769989       5.28548370E-08
   298.885010       5.25079749E-08
   299.000000       5.21675503E-08
   299.114990       5.18337053E-08
   299.230011       5.15065892E-08
   299.345001       5.11863583E-08
   299.459991       5.08731652E-08
   299.575012       5.05671558E-08
   299.690002       5.02685005E-08
   299.804993       4.99773520E-08
   299.920013       4.96938739E-08
   300.035004       4.94182295E-08
   300.149994       4.91505823E-08
   300.265015       4.88910814E-08
   300.380005       4.86398868E-08
   300.494995       4.83971547E-08
   300.609985       4.81630380E-08
   300.725006       4.79376858E-08
   300.839996       4.77212332E-08
   300.954987       4.75138187E-08
   301.070007       4.73155808E-08
   301.184998       4.71266333E-08
   301.299988       4.69470933E-08
   301.415009       4.67770604E-08
   301.529999       4.66166199E-08
   301.644989       4.64658463E-08
   301.760010       4.63248071E-08
   301.875000       4.61935414E-08
   301.989990       4.60720919E-08
   302.105011       4.59604657E-08
   302.220001       4.58586555E-08
   302.334991       4.57666616E-08
   302.450012       4.56844411E-08
   302.565002       4.56119622E-08
   302.679993       4.55491609E-08
   302.795013       4.54959661E-08
   302.910004       4.54522890E-08
   303.024994       4.54180338E-08
   303.140015       4.53930902E-08
   303.255005       4.53773374E-08
   303.369995       4.53706477E-08
   303.484985       4.53728788E-08
   303.600006       4.53838780E-08
   303.714996       4.54034925E-08
   303.829987       4.54315838E-08
   303.945007       4.54679849E-08
   304.059998       4.55125502E-08
   304.174988       4.55651090E-08
   304.290009       4.56255158E-08
   304.404999       4.56936284E-08
   304.519989       4.57692941E-08
   304.635010       4.58523850E-08
   304.750000       4.59427554E-08
   304.864990       4.60402880E-08
   304.980011       4.61448693E-08
   305.095001       4.62563783E-08
   305.209991       4.63747014E-08
   305.325012       4.64997107E-08
   305.440002       4.66312997E-08
   305.554993       4.67693617E-08
   305.670013       4.69137866E-08
   305.785004       4.70644466E-08
   305.899994       4.72212314E-08
   306.015015       4.73840203E-08
   306.130005       4.75526853E-08
   306.244995       4.77271023E-08
   306.359985       4.79071289E-08
   306.475006       4.80926481E-08
   306.589996       4.82835176E-08
   306.704987       4.84796097E-08
   306.820007       4.86807608E-08
   306.934998       4.88868217E-08
   307.049988       4.90976397E-08
   307.165009       4.93130585E-08
   307.279999       4.95329218E-08
   307.394989       4.97570412E-08
   307.510010       4.99852568E-08
   307.625000       5.02173734E-08
   307.739990       5.04532345E-08
   307.855011       5.06926483E-08
   307.970001       5.09354159E-08
   308.084991       5.11813560E-08
   308.200012       5.14302947E-08
   308.315002       5.16820187E-08
   308.429993       5.19363290E-08
   308.545013       5.21930374E-08
   308.660004       5.24519379E-08
   308.774994       5.27128101E-08
   308.890015       5.29754409E-08
   309.005005       5.32395994E-08
   309.119995       5.35050617E-08
   309.234985       5.37716041E-08
   309.350006       5.40389884E-08
   309.464996       5.43069802E-08
   309.579987       5.45753487E-08
   309.695007       5.48438415E-08
   309.809998       5.51122312E-08
   309.924988       5.53802764E-08
   310.040009       5.56477247E-08
   310.154999       5.59143487E-08
   310.269989       5.61798927E-08
   310.385010       5.64441436E-08
