   0.00000000       0.00000000    
  0.115000002       0.00000000    
  0.230000004       0.00000000    
  0.344999999       1.00889655E-22
  0.460000008       5.43210629E-22
  0.574999988       1.10904917E-21
  0.689999998      -4.49829491E-22
  0.805000007      -1.03855886E-20
  0.920000017      -3.92807813E-20
   1.03499997      -9.69475517E-20
   1.14999998      -1.76720365E-19
   1.26499999      -2.23939221E-19
   1.38000000      -8.64014125E-20
   1.49500000       5.47519274E-19
   1.61000001       2.20332874E-18
   1.72500002       5.62877299E-18
   1.84000003       1.16993953E-17
   1.95500004       2.11582411E-17
   2.06999993       3.41463300E-17
   2.18499994       4.95385995E-17
   2.29999995       6.41994660E-17
   2.41499996       7.23975471E-17
   2.52999997       6.57332573E-17
   2.64499998       3.39791138E-17
   2.75999999      -3.28509652E-17
   2.87500000      -1.41143535E-16
   2.99000001      -2.89406171E-16
   3.10500002      -4.63963144E-16
   3.22000003      -6.36013006E-16
   3.33500004      -7.61696601E-16
   3.45000005      -7.86662315E-16
   3.56500006      -6.55902133E-16
   3.68000007      -3.28371168E-16
   3.79500008       2.05722492E-16
   3.91000009       9.08701181E-16
   4.02500010       1.68515913E-15
   4.13999987       2.38270177E-15
   4.25500011       2.80752776E-15
   4.36999989       2.75606585E-15
   4.48500013       2.06009890E-15
   4.59999990       6.38576974E-16
   4.71500015      -1.45438871E-15
   4.82999992      -3.99795019E-15
   4.94500017      -6.60155710E-15
   5.05999994      -8.73931834E-15
   5.17500019      -9.82414054E-15
   5.28999996      -9.31574459E-15
   5.40500021      -6.84785650E-15
   5.51999998      -2.35235343E-15
   5.63500023       3.84610853E-15
   5.75000000       1.09910877E-14
   5.86499977       1.79312708E-14
   5.98000002       2.32428179E-14
   6.09499979       2.54320321E-14
   6.21000004       2.31972543E-14
   6.32499981       1.57141163E-14
   6.44000006       2.89766371E-15
   6.55499983      -1.44091384E-14
   6.67000008      -3.43670642E-14
   6.78499985      -5.42264394E-14
   6.90000010      -7.05812497E-14
   7.01499987      -7.97806916E-14
   7.13000011      -7.84604044E-14
   7.24499989      -6.41308973E-14
   7.36000013      -3.57423001E-14
   7.47499990       5.86488366E-15
   7.59000015       5.77092559E-14
   7.70499992       1.14688776E-13
   7.82000017       1.69912695E-13
   7.93499994       2.15347990E-13
   8.05000019       2.42739205E-13
   8.16499996       2.44717170E-13
   8.27999973       2.15974862E-13
   8.39500046       1.54364816E-13
   8.51000023       6.17649852E-14
   8.62500000      -5.54286570E-14
   8.73999977      -1.86291412E-13
   8.85499954      -3.15903147E-13
   8.97000027      -4.26427014E-13
   9.08500004      -4.98672230E-13
   9.19999981      -5.14019437E-13
   9.31499958      -4.56538995E-13
   9.43000031      -3.15102762E-13
   9.54500008      -8.52803478E-14
   9.65999985       2.29176080E-13
   9.77499962       6.15418198E-13
   9.89000034       1.05127040E-12
   10.0050001       1.50573250E-12
   10.1199999       1.94020321E-12
   10.2349997       2.31035547E-12
   10.3500004       2.56854997E-12
   10.4650002       2.66663232E-12
   10.5799999       2.55895804E-12
   10.6949997       2.20547278E-12
   10.8100004       1.57470044E-12
   10.9250002       6.46506557E-13
   11.0400000      -5.85473673E-13
   11.1549997      -2.11182807E-12
   11.2700005      -3.90586131E-12
   11.3850002      -5.92264866E-12
   11.5000000      -8.09872482E-12
   11.6149998      -1.03524880E-11
   11.7299995      -1.25853954E-11
   11.8450003      -1.46840422E-11
   11.9600000      -1.65232064E-11
   12.0749998      -1.79699016E-11
   12.1899996      -1.88884759E-11
   12.3050003      -1.91467033E-11
   12.4200001      -1.86227804E-11
   12.5349998      -1.72130487E-11
   12.6499996      -1.48401551E-11
   12.7650003      -1.14613943E-11
   12.8800001      -7.07677493E-12
   12.9949999      -1.73643912E-12
   13.1099997       4.45306856E-12
   13.2250004       1.13241265E-11
   13.3400002       1.86454237E-11
   13.4549999       2.61218477E-11
   13.5699997       3.33972849E-11
   13.6850004       4.00606319E-11
   13.8000002       4.56552678E-11
   13.9150000       4.96921428E-11
   14.0299997       5.16663934E-11
   14.1450005       5.10773923E-11
   14.2600002       4.74517335E-11
   14.3750000       4.03686112E-11
   14.4899998       2.94867880E-11
   14.6049995       1.45719929E-11
   14.7200003      -4.47636763E-12
   14.8350000      -2.76006700E-11
   14.9499998      -5.45642281E-11
   15.0649996      -8.49354753E-11
   15.1800003      -1.18079019E-10
   15.2950001      -1.53154434E-10
   15.4099998      -1.89124244E-10
   15.5249996      -2.24771549E-10
   15.6400003      -2.58727900E-10
   15.7550001      -2.89511026E-10
   15.8699999      -3.15571930E-10
   15.9849997      -3.35350303E-10
   16.1000004      -3.47336021E-10
   16.2150002      -3.50135476E-10
   16.3299999      -3.42539302E-10
   16.4449997      -3.23589155E-10
   16.5599995      -2.92640467E-10
   16.6749992      -2.49417847E-10
   16.7900009      -1.94060185E-10
   16.9050007      -1.27152969E-10
   17.0200005      -4.97449200E-11
   17.1350002       3.66523860E-11
   17.2500000       1.30083305E-10
   17.3649998       2.28185651E-10
   17.4799995       3.28246152E-10
   17.5949993       4.27272551E-10
   17.7099991       5.22079380E-10
   17.8250008       6.09384820E-10
   17.9400005       6.85913659E-10
   18.0550003       7.48501816E-10
   18.1700001       7.94197930E-10
   18.2849998       8.20356227E-10
   18.3999996       8.24716351E-10
   18.5149994       8.05465972E-10
   18.6299992       7.61282926E-10
   18.7450008       6.91355195E-10
   18.8600006       5.95377692E-10
   18.9750004       4.73526662E-10
   19.0900002       3.26414562E-10
   19.2049999       1.55027824E-10
   19.3199997      -3.93470569E-11
   19.4349995      -2.55205357E-10
   19.5499992      -4.90907037E-10
   19.6650009      -7.44756257E-10
   19.7800007      -1.01507391E-09
   19.8950005      -1.30025635E-09
   20.0100002      -1.59882130E-09
   20.1250000      -1.90943639E-09
   20.2399998      -2.23093255E-09
   20.3549995      -2.56230126E-09
   20.4699993      -2.90267876E-09
   20.5849991      -3.25132143E-09
   20.7000008      -3.60757424E-09
   20.8150005      -3.97083477E-09
   20.9300003      -4.34052128E-09
   21.0450001      -4.71603956E-09
   21.1599998      -5.09676257E-09
   21.2749996      -5.48201085E-09
   21.3899994      -5.87104765E-09
   21.5049992      -6.26307761E-09
   21.6200008      -6.65725564E-09
   21.7350006      -7.05269887E-09
   21.8500004      -7.44850848E-09
   21.9650002      -7.84378340E-09
   22.0799999      -8.23764523E-09
   22.1949997      -8.62924665E-09
   22.3099995      -9.01778563E-09
   22.4249992      -9.40251166E-09
   22.5400009      -9.78271952E-09
   22.6550007      -1.01577387E-08
   22.7700005      -1.05269207E-08
   22.8850002      -1.08896119E-08
   23.0000000      -1.12451284E-08
   23.1149998      -1.15927188E-08
   23.2299995      -1.19315384E-08
   23.3449993      -1.22606121E-08
   23.4599991      -1.25788011E-08
   23.5750008      -1.28847812E-08
   23.6900005      -1.31770150E-08
   23.8050003      -1.34537395E-08
   23.9200001      -1.37129517E-08
   24.0349998      -1.39524063E-08
   24.1499996      -1.41696157E-08
   24.2649994      -1.43618593E-08
   24.3799992      -1.45261936E-08
   24.4950008      -1.46594692E-08
   24.6100006      -1.47583510E-08
   24.7250004      -1.48193360E-08
   24.8400002      -1.48387800E-08
   24.9549999      -1.48129233E-08
   25.0699997      -1.47379167E-08
   25.1849995      -1.46098582E-08
   25.2999992      -1.44248258E-08
   25.4150009      -1.41789238E-08
   25.5300007      -1.38683287E-08
   25.6450005      -1.34893465E-08
   25.7600002      -1.30384743E-08
   25.8750000      -1.25124711E-08
   25.9899998      -1.19084298E-08
   26.1049995      -1.12238538E-08
   26.2199993      -1.04567359E-08
   26.3349991      -9.60562563E-09
   26.4500008      -8.66969163E-09
   26.5650005      -7.64877317E-09
   26.6800003      -6.54340537E-09
   26.7950001      -5.35483125E-09
   26.9099998      -4.08498213E-09
   27.0249996      -2.73643663E-09
   27.1399994      -1.31234734E-09
   27.2549992       1.83654203E-10
   27.3700008       1.74757442E-09
   27.4850006       3.37519412E-09
   27.6000004       5.06221465E-09
   27.7150002       6.80441214E-09
   27.8299999       8.59778293E-09
   27.9449997       1.04386837E-08
   28.0599995       1.23239525E-08
   28.1749992       1.42510057E-08
   28.2900009       1.62179159E-08
   28.4050007       1.82234512E-08
   28.5200005       2.02670840E-08
   28.6350002       2.23489884E-08
   28.7500000       2.44699798E-08
   28.8649998       2.66314668E-08
   28.9799995       2.88353732E-08
   29.0949993       3.10840349E-08
   29.2099991       3.33801324E-08
   29.3250008       3.57265790E-08
   29.4400005       3.81264513E-08
   29.5550003       4.05829148E-08
   29.6700001       4.30991740E-08
   29.7849998       4.56784264E-08
   29.8999996       4.83238480E-08
   30.0149994       5.10385760E-08
   30.1299992       5.38257154E-08
   30.2450008       5.66883429E-08
   30.3600006       5.96295280E-08
   30.4750004       6.26523686E-08
   30.5900002       6.57599415E-08
   30.7049999       6.89554014E-08
   30.8199997       7.22418889E-08
   30.9349995       7.56225447E-08
   31.0499992       7.91005164E-08
   31.1650009       8.26788664E-08
   31.2800007       8.63605223E-08
   31.3950005       9.01482409E-08
   31.5100002       9.40444949E-08
   31.6250000       9.80514372E-08
   31.7399998       1.02170809E-07
   31.8549995       1.06403874E-07
   31.9699993       1.10751365E-07
   32.0849991       1.15213432E-07
   32.2000008       1.19789647E-07
   32.3149986       1.24478944E-07
   32.4300003       1.29279726E-07
   32.5449982       1.34189833E-07
   32.6599998       1.39206577E-07
   32.7750015       1.44326947E-07
   32.8899994       1.49547517E-07
   33.0050011       1.54864708E-07
   33.1199989       1.60274780E-07
   33.2350006       1.65773969E-07
   33.3499985       1.71358550E-07
   33.4650002       1.77024958E-07
   33.5800018       1.82769824E-07
   33.6949997       1.88589979E-07
   33.8100014       1.94482652E-07
   33.9249992       2.00445299E-07
   34.0400009       2.06475733E-07
   34.1549988       2.12572090E-07
   34.2700005       2.18732779E-07
   34.3849983       2.24956580E-07
   34.5000000       2.31242510E-07
   34.6150017       2.37589958E-07
   34.7299995       2.43998642E-07
   34.8450012       2.50468446E-07
   34.9599991       2.56999726E-07
   35.0750008       2.63593023E-07
   35.1899986       2.70249302E-07
   35.3050003       2.76969729E-07
   35.4199982       2.83755895E-07
   35.5349998       2.90609535E-07
   35.6500015       2.97532637E-07
   35.7649994       3.04527390E-07
   35.8800011       3.11596096E-07
   35.9949989       3.18741002E-07
   36.1100006       3.25964322E-07
   36.2249985       3.33268190E-07
   36.3400002       3.40654509E-07
   36.4550018       3.48124843E-07
   36.5699997       3.55680555E-07
   36.6850014       3.63322613E-07
   36.7999992       3.71051726E-07
   36.9150009       3.78868208E-07
   37.0299988       3.86772200E-07
   37.1450005       3.94763646E-07
   37.2599983       4.02842346E-07
   37.3750000       4.11008074E-07
   37.4900017       4.19260601E-07
   37.6049995       4.27599900E-07
   37.7200012       4.36026085E-07
   37.8349991       4.44539609E-07
   37.9500008       4.53141183E-07
   38.0649986       4.61831746E-07
   38.1800003       4.70612406E-07
   38.2949982       4.79484584E-07
   38.4099998       4.88449814E-07
   38.5250015       4.97509404E-07
   38.6399994       5.06664776E-07
   38.7550011       5.15917066E-07
   38.8699989       5.25267069E-07
   38.9850006       5.34715355E-07
   39.0999985       5.44261979E-07
   39.2150002       5.53906773E-07
   39.3300018       5.63649166E-07
   39.4449997       5.73487910E-07
   39.5600014       5.83421922E-07
   39.6749992       5.93449499E-07
   39.7900009       6.03569163E-07
   39.9049988       6.13778923E-07
   40.0200005       6.24077188E-07
   40.1349983       6.34462538E-07
   40.2500000       6.44933493E-07
   40.3650017       6.55488975E-07
   40.4799995       6.66128130E-07
   40.5950012       6.76850505E-07
   40.7099991       6.87655643E-07
   40.8250008       6.98543374E-07
   40.9399986       7.09513529E-07
   41.0550003       7.20565879E-07
   41.1699982       7.31700084E-07
   41.2849998       7.42915290E-07
   41.4000015       7.54210532E-07
   41.5149994       7.65584218E-07
   41.6300011       7.77034188E-07
   41.7449989       7.88557827E-07
   41.8600006       8.00151838E-07
   41.9749985       8.11812583E-07
   42.0900002       8.23535743E-07
   42.2050018       8.35316598E-07
   42.3199997       8.47150602E-07
   42.4350014       8.59032525E-07
   42.5499992       8.70957592E-07
   42.6650009       8.82920801E-07
   42.7799988       8.94917775E-07
   42.8950005       9.06944535E-07
   43.0099983       9.18997671E-07
   43.1250000       9.31074680E-07
   43.2400017       9.43173234E-07
   43.3549995       9.55292080E-07
   43.4700012       9.67430537E-07
   43.5849991       9.79588208E-07
   43.7000008       9.91765432E-07
   43.8149986       1.00396267E-06
   43.9300003       1.01618082E-06
   44.0449982       1.02842034E-06
   44.1599998       1.04068226E-06
   44.2750015       1.05296681E-06
   44.3899994       1.06527443E-06
   44.5050011       1.07760468E-06
   44.6199989       1.08995732E-06
   44.7350006       1.10233123E-06
   44.8499985       1.11472536E-06
   44.9650002       1.12713792E-06
   45.0800018       1.13956730E-06
   45.1949997       1.15201146E-06
   45.3100014       1.16446847E-06
   45.4249992       1.17693617E-06
   45.5400009       1.18941261E-06
   45.6549988       1.20189600E-06
   45.7700005       1.21438450E-06
   45.8849983       1.22687641E-06
   46.0000000       1.23937048E-06
   46.1150017       1.25186511E-06
   46.2299995       1.26435918E-06
   46.3450012       1.27685098E-06
   46.4599991       1.28933891E-06
   46.5750008       1.30182093E-06
   46.6899986       1.31429454E-06
   46.8050003       1.32675677E-06
   46.9199982       1.33920378E-06
   47.0349998       1.35163179E-06
   47.1500015       1.36403560E-06
   47.2649994       1.37640984E-06
   47.3800011       1.38874839E-06
   47.4949989       1.40104464E-06
   47.6100006       1.41329156E-06
   47.7249985       1.42548140E-06
   47.8400002       1.43760622E-06
   47.9550018       1.44965816E-06
   48.0699997       1.46162893E-06
   48.1850014       1.47351102E-06
   48.2999992       1.48529648E-06
   48.4150009       1.49697837E-06
   48.5299988       1.50855010E-06
   48.6450005       1.52000575E-06
   48.7599983       1.53133999E-06
   48.8750000       1.54254781E-06
   48.9900017       1.55362522E-06
   49.1049995       1.56456781E-06
   49.2200012       1.57537272E-06
   49.3349991       1.58603666E-06
   49.4500008       1.59655690E-06
   49.5649986       1.60693082E-06
   49.6800003       1.61715627E-06
   49.7949982       1.62723120E-06
   49.9099998       1.63715322E-06
   50.0250015       1.64692051E-06
   50.1399994       1.65653080E-06
   50.2550011       1.66598170E-06
   50.3699989       1.67527048E-06
   50.4850006       1.68439476E-06
   50.5999985       1.69335135E-06
   50.7150002       1.70213752E-06
   50.8300018       1.71075044E-06
   50.9449997       1.71918748E-06
   51.0600014       1.72744615E-06
   51.1749992       1.73552394E-06
   51.2900009       1.74341812E-06
   51.4049988       1.75112586E-06
   51.5200005       1.75864477E-06
   51.6349983       1.76597166E-06
   51.7500000       1.77310312E-06
   51.8650017       1.78003575E-06
   51.9799995       1.78676578E-06
   52.0950012       1.79328845E-06
   52.2099991       1.79959954E-06
   52.3250008       1.80569452E-06
   52.4399986       1.81156872E-06
   52.5550003       1.81721657E-06
   52.6699982       1.82263307E-06
   52.7849998       1.82781264E-06
   52.9000015       1.83274972E-06
   53.0149994       1.83743828E-06
   53.1300011       1.84187252E-06
   53.2449989       1.84604710E-06
   53.3600006       1.84995656E-06
   53.4749985       1.85359568E-06
   53.5900002       1.85695978E-06
   53.7050018       1.86004445E-06
   53.8199997       1.86284569E-06
   53.9350014       1.86535931E-06
   54.0499992       1.86758166E-06
   54.1650009       1.86950888E-06
   54.2799988       1.87113733E-06
   54.3950005       1.87246292E-06
   54.5099983       1.87348212E-06
   54.6250000       1.87419073E-06
   54.7400017       1.87458556E-06
   54.8549995       1.87466298E-06
   54.9700012       1.87441947E-06
   55.0849991       1.87385160E-06
   55.2000008       1.87295632E-06
   55.3149986       1.87172986E-06
   55.4300003       1.87016883E-06
   55.5449982       1.86826981E-06
   55.6599998       1.86602927E-06
   55.7750015       1.86344357E-06
   55.8899994       1.86050943E-06
   56.0050011       1.85722342E-06
   56.1199989       1.85358249E-06
   56.2350006       1.84958412E-06
   56.3499985       1.84522560E-06
   56.4650002       1.84050509E-06
   56.5800018       1.83542033E-06
   56.6949997       1.82997019E-06
   56.8100014       1.82415283E-06
   56.9249992       1.81796736E-06
   57.0400009       1.81141331E-06
   57.1549988       1.80448978E-06
   57.2700005       1.79719700E-06
   57.3849983       1.78953496E-06
   57.5000000       1.78150424E-06
   57.6150017       1.77310585E-06
   57.7299995       1.76434071E-06
   57.8450012       1.75520984E-06
   57.9599991       1.74571426E-06
   58.0750008       1.73585386E-06
   58.1899986       1.72562909E-06
   58.3050003       1.71503928E-06
   58.4199982       1.70408293E-06
   58.5349998       1.69275825E-06
   58.6500015       1.68106305E-06
   58.7649994       1.66899440E-06
   58.8800011       1.65654899E-06
   58.9949989       1.64372318E-06
   59.1100006       1.63051391E-06
   59.2249985       1.61691730E-06
   59.3400002       1.60293018E-06
   59.4550018       1.58854937E-06
   59.5699997       1.57377201E-06
   59.6850014       1.55859607E-06
   59.7999992       1.54302018E-06
   59.9150009       1.52704422E-06
   60.0299988       1.51066831E-06
   60.1450005       1.49389382E-06
   60.2599983       1.47672256E-06
   60.3750000       1.45915760E-06
   60.4900017       1.44120145E-06
   60.6049995       1.42285808E-06
   60.7200012       1.40413078E-06
   60.8349991       1.38502276E-06
   60.9500008       1.36553672E-06
   61.0649986       1.34567529E-06
   61.1800003       1.32544108E-06
   61.2949982       1.30483545E-06
   61.4099998       1.28386023E-06
   61.5250015       1.26251621E-06
   61.6399994       1.24080452E-06
   61.7550011       1.21872608E-06
   61.8699989       1.19628135E-06
   61.9850006       1.17347088E-06
   62.0999985       1.15029559E-06
   62.2150002       1.12675650E-06
   62.3300018       1.10285509E-06
   62.4449997       1.07859353E-06
   62.5600014       1.05397453E-06
   62.6749992       1.02900106E-06
   62.7900009       1.00367708E-06
   62.9049988       9.78007165E-07
   63.0200005       9.51996014E-07
   63.1349983       9.25648749E-07
   63.2500000       8.98970768E-07
   63.3650017       8.71967188E-07
   63.4799995       8.44642670E-07
   63.5950012       8.17002103E-07
   63.7099991       7.89049523E-07
   63.8250008       7.60788794E-07
   63.9399986       7.32223896E-07
   64.0550003       7.03357500E-07
   64.1699982       6.74192677E-07
   64.2850037       6.44732211E-07
   64.4000015       6.14978376E-07
   64.5149994       5.84933446E-07
   64.6299973       5.54599637E-07
   64.7450027       5.23979338E-07
   64.8600006       4.93075277E-07
   64.9749985       4.61890323E-07
   65.0899963       4.30427974E-07
   65.2050018       3.98692407E-07
   65.3199997       3.66688454E-07
   65.4349976       3.34421543E-07
   65.5500031       3.01898041E-07
   65.6650009       2.69125081E-07
   65.7799988       2.36109955E-07
   65.8949966       2.02860662E-07
   66.0100021       1.69385856E-07
   66.1250000       1.35694506E-07
   66.2399979       1.01795749E-07
   66.3550034       6.76990908E-08
   66.4700012       3.34142776E-08
   66.5849991      -1.04925924E-09
   66.6999969      -3.56818433E-08
   66.8150024      -7.04740799E-08
   66.9300003      -1.05416675E-07
   67.0449982      -1.40500930E-07
   67.1600037      -1.75718810E-07
   67.2750015      -2.11062726E-07
   67.3899994      -2.46525389E-07
   67.5049973      -2.82100729E-07
   67.6200027      -3.17782479E-07
   67.7350006      -3.53565639E-07
   67.8499985      -3.89444835E-07
   67.9649963      -4.25415465E-07
   68.0800018      -4.61472865E-07
   68.1949997      -4.97612348E-07
   68.3099976      -5.33829393E-07
   68.4250031      -5.70118857E-07
   68.5400009      -6.06475908E-07
   68.6549988      -6.42895259E-07
   68.7699966      -6.79370942E-07
   68.8850021      -7.15897329E-07
   69.0000000      -7.52467713E-07
   69.1149979      -7.89074704E-07
   69.2300034      -8.25710686E-07
   69.3450012      -8.62367926E-07
   69.4599991      -8.99037559E-07
   69.5749969      -9.35711057E-07
   69.6900024      -9.72379553E-07
   69.8050003      -1.00903378E-06
   69.9199982      -1.04566561E-06
   70.0350037      -1.08226595E-06
   70.1500015      -1.11882662E-06
   70.2649994      -1.15533987E-06
   70.3799973      -1.19179799E-06
   70.4950027      -1.22819358E-06
   70.6100006      -1.26451903E-06
   70.7249985      -1.30076762E-06
   70.8399963      -1.33693163E-06
   70.9550018      -1.37300378E-06
   71.0699997      -1.40897669E-06
   71.1849976      -1.44484295E-06
   71.3000031      -1.48059462E-06
   71.4150009      -1.51622453E-06
   71.5299988      -1.55172449E-06
   71.6449966      -1.58708644E-06
   71.7600021      -1.62230197E-06
   71.8750000      -1.65736276E-06
   71.9899979      -1.69225984E-06
   72.1050034      -1.72698412E-06
   72.2200012      -1.76152685E-06
   72.3349991      -1.79587880E-06
   72.4499969      -1.83003135E-06
   72.5650024      -1.86397665E-06
   72.6800003      -1.89770628E-06
   72.7949982      -1.93121355E-06
   72.9100037      -1.96449105E-06
   73.0250015      -1.99753231E-06
   73.1399994      -2.03033096E-06
   73.2549973      -2.06288064E-06
   73.3700027      -2.09517498E-06
   73.4850006      -2.12720806E-06
   73.5999985      -2.15897262E-06
   73.7149963      -2.19046228E-06
   73.8300018      -2.22167023E-06
   73.9449997      -2.25258941E-06
   74.0599976      -2.28321323E-06
   74.1750031      -2.31353442E-06
   74.2900009      -2.34354548E-06
   74.4049988      -2.37323866E-06
   74.5199966      -2.40260533E-06
   74.6350021      -2.43163618E-06
   74.7500000      -2.46032209E-06
   74.8649979      -2.48865263E-06
   74.9800034      -2.51661891E-06
   75.0950012      -2.54421047E-06
   75.2099991      -2.57141778E-06
   75.3249969      -2.59823173E-06
   75.4400024      -2.62464300E-06
   75.5550003      -2.65064295E-06
   75.6699982      -2.67622272E-06
   75.7850037      -2.70137411E-06
   75.9000015      -2.72608804E-06
   76.0149994      -2.75035632E-06
   76.1299973      -2.77417098E-06
   76.2450027      -2.79752430E-06
   76.3600006      -2.82040946E-06
   76.4749985      -2.84281987E-06
   76.5899963      -2.86475074E-06
   76.7050018      -2.88619731E-06
   76.8199997      -2.90715525E-06
   76.9349976      -2.92762138E-06
   77.0500031      -2.94759252E-06
   77.1650009      -2.96706594E-06
   77.2799988      -2.98603959E-06
   77.3949966      -3.00451143E-06
   77.5100021      -3.02248009E-06
   77.6250000      -3.03994398E-06
   77.7399979      -3.05690241E-06
   77.8550034      -3.07335449E-06
   77.9700012      -3.08929907E-06
   78.0849991      -3.10473547E-06
   78.1999969      -3.11966301E-06
   78.3150024      -3.13407941E-06
   78.4300003      -3.14798217E-06
   78.5449982      -3.16136880E-06
   78.6600037      -3.17423496E-06
   78.7750015      -3.18657726E-06
   78.8899994      -3.19839069E-06
   79.0049973      -3.20967160E-06
   79.1200027      -3.22041546E-06
   79.2350006      -3.23061772E-06
   79.3499985      -3.24027474E-06
   79.4649963      -3.24938264E-06
   79.5800018      -3.25793758E-06
   79.6949997      -3.26593613E-06
   79.8099976      -3.27337466E-06
   79.9250031      -3.28024930E-06
   80.0400009      -3.28655801E-06
   80.1549988      -3.29229761E-06
   80.2699966      -3.29746535E-06
   80.3850021      -3.30205989E-06
   80.5000000      -3.30607872E-06
   80.6149979      -3.30952093E-06
   80.7300034      -3.31238493E-06
   80.8450012      -3.31466867E-06
   80.9599991      -3.31637034E-06
   81.0749969      -3.31748765E-06
   81.1900024      -3.31801857E-06
   81.3050003      -3.31796127E-06
   81.4199982      -3.31731371E-06
   81.5350037      -3.31607384E-06
   81.6500015      -3.31424121E-06
   81.7649994      -3.31181491E-06
   81.8799973      -3.30879561E-06
   81.9950027      -3.30518333E-06
   82.1100006      -3.30097851E-06
   82.2249985      -3.29618251E-06
   82.3399963      -3.29079580E-06
   82.4550018      -3.28481997E-06
   82.5699997      -3.27825660E-06
   82.6849976      -3.27110638E-06
   82.8000031      -3.26337249E-06
   82.9150009      -3.25505630E-06
   83.0299988      -3.24616053E-06
   83.1449966      -3.23668883E-06
   83.2600021      -3.22664346E-06
   83.3750000      -3.21602806E-06
   83.4899979      -3.20484446E-06
   83.6050034      -3.19309584E-06
   83.7200012      -3.18078423E-06
   83.8349991      -3.16791238E-06
   83.9499969      -3.15448210E-06
   84.0650024      -3.14049544E-06
   84.1800003      -3.12595603E-06
   84.2949982      -3.11086660E-06
   84.4100037      -3.09523057E-06
   84.5250015      -3.07905157E-06
   84.6399994      -3.06233346E-06
   84.7549973      -3.04508012E-06
   84.8700027      -3.02729495E-06
   84.9850006      -3.00898250E-06
   85.0999985      -2.99014687E-06
   85.2149963      -2.97079237E-06
   85.3300018      -2.95092377E-06
   85.4449997      -2.93054677E-06
   85.5599976      -2.90966636E-06
   85.6750031      -2.88828960E-06
   85.7900009      -2.86642239E-06
   85.9049988      -2.84407156E-06
   86.0199966      -2.82124438E-06
   86.1350021      -2.79794699E-06
   86.2500000      -2.77418644E-06
   86.3649979      -2.74996910E-06
   86.4800034      -2.72530156E-06
   86.5950012      -2.70018950E-06
   86.7099991      -2.67463929E-06
   86.8249969      -2.64865707E-06
   86.9400024      -2.62224899E-06
   87.0550003      -2.59542139E-06
   87.1699982      -2.56818021E-06
   87.2850037      -2.54053111E-06
   87.4000015      -2.51248071E-06
   87.5149994      -2.48403467E-06
   87.6299973      -2.45519800E-06
   87.7450027      -2.42597753E-06
   87.8600006      -2.39637779E-06
   87.9749985      -2.36640471E-06
   88.0899963      -2.33606420E-06
   88.2050018      -2.30536352E-06
   88.3199997      -2.27430951E-06
   88.4349976      -2.24290966E-06
   88.5500031      -2.21117261E-06
   88.6650009      -2.17910542E-06
   88.7799988      -2.14671650E-06
   88.8949966      -2.11401357E-06
   89.0100021      -2.08100391E-06
   89.1250000      -2.04769572E-06
   89.2399979      -2.01409557E-06
   89.3550034      -1.98021121E-06
   89.4700012      -1.94605150E-06
   89.5849991      -1.91162417E-06
   89.6999969      -1.87693877E-06
   89.8150024      -1.84200496E-06
   89.9300003      -1.80683162E-06
   90.0449982      -1.77142897E-06
   90.1600037      -1.73580656E-06
   90.2750015      -1.69997395E-06
   90.3899994      -1.66394079E-06
   90.5049973      -1.62771664E-06
   90.6200027      -1.59131127E-06
   90.7350006      -1.55473424E-06
   90.8499985      -1.51799543E-06
   90.9649963      -1.48110462E-06
   91.0800018      -1.44407159E-06
   91.1949997      -1.40690497E-06
   91.3099976      -1.36961387E-06
   91.4250031      -1.33220681E-06
   91.5400009      -1.29469106E-06
   91.6549988      -1.25707368E-06
   91.7699966      -1.21936193E-06
   91.8850021      -1.18156265E-06
   92.0000000      -1.14368356E-06
   92.1149979      -1.10573251E-06
   92.2300034      -1.06771802E-06
   92.3450012      -1.02964941E-06
   92.4599991      -9.91536353E-07
   92.5749969      -9.53389133E-07
   92.6900024      -9.15218266E-07
   92.8050003      -8.77034495E-07
   92.9199982      -8.38847939E-07
   93.0350037      -8.00669682E-07
   93.1500015      -7.62511092E-07
   93.2649994      -7.24382744E-07
   93.3799973      -6.86296517E-07
   93.4950027      -6.48264233E-07
   93.6100006      -6.10297718E-07
   93.7249985      -5.72408226E-07
   93.8399963      -5.34606158E-07
   93.9550018      -4.96901407E-07
   94.0699997      -4.59303124E-07
   94.1849976      -4.21819266E-07
   94.3000031      -3.84456627E-07
   94.4150009      -3.47221516E-07
   94.5299988      -3.10119930E-07
   94.6449966      -2.73158150E-07
   94.7600021      -2.36341862E-07
   94.8750000      -1.99678070E-07
   94.9899979      -1.63173297E-07
   95.1050034      -1.26834877E-07
   95.2200012      -9.06705608E-08
   95.3349991      -5.46881722E-08
   95.4499969      -1.88958413E-08
   95.5650024       1.66980030E-08
   95.6800003       5.20838981E-08
   95.7949982       8.72524382E-08
   95.9100037       1.22193157E-07
   96.0250015       1.56895098E-07
   96.1399994       1.91346970E-07
   96.2549973       2.25537292E-07
   96.3700027       2.59455163E-07
   96.4850006       2.93089784E-07
   96.5999985       3.26431802E-07
   96.7149963       3.59472722E-07
   96.8300018       3.92204868E-07
   96.9449997       4.24621760E-07
   97.0599976       4.56717657E-07
   97.1750031       4.88487331E-07
   97.2900009       5.19925322E-07
   97.4049988       5.51026972E-07
   97.5199966       5.81786765E-07
   97.6350021       6.12199358E-07
   97.7500000       6.42259465E-07
   97.8649979       6.71961573E-07
   97.9800034       7.01299996E-07
   98.0950012       7.30268482E-07
   98.2099991       7.58860892E-07
   98.3249969       7.87070292E-07
   98.4400024       8.14888949E-07
   98.5550003       8.42308339E-07
   98.6699982       8.69319251E-07
   98.7850037       8.95911967E-07
   98.9000015       9.22076708E-07
   99.0149994       9.47803414E-07
   99.1299973       9.73082706E-07
   99.2450027       9.97906000E-07
   99.3600006       1.02226545E-06
   99.4749985       1.04615424E-06
   99.5899963       1.06956634E-06
   99.7050018       1.09249675E-06
   99.8199997       1.11494035E-06
   99.9349976       1.13689305E-06
   100.050003       1.15835087E-06
   100.165001       1.17930938E-06
   100.279999       1.19976551E-06
   100.394997       1.21971573E-06
   100.510002       1.23915686E-06
   100.625000       1.25808617E-06
   100.739998       1.27650105E-06
   100.855003       1.29439888E-06
   100.970001       1.31177740E-06
   101.084999       1.32863397E-06
   101.199997       1.34496599E-06
   101.315002       1.36077051E-06
   101.430000       1.37604525E-06
   101.544998       1.39078770E-06
   101.660004       1.40499583E-06
   101.775002       1.41866883E-06
   101.889999       1.43180648E-06
   102.004997       1.44440901E-06
   102.120003       1.45647766E-06
   102.235001       1.46801403E-06
   102.349998       1.47901960E-06
   102.464996       1.48949562E-06
   102.580002       1.49944299E-06
   102.695000       1.50886183E-06
   102.809998       1.51775157E-06
   102.925003       1.52611142E-06
   103.040001       1.53393944E-06
   103.154999       1.54123313E-06
   103.269997       1.54798977E-06
   103.385002       1.55420651E-06
   103.500000       1.55987993E-06
   103.614998       1.56500641E-06
   103.730003       1.56958185E-06
   103.845001       1.57360262E-06
   103.959999       1.57706472E-06
   104.074997       1.57996476E-06
   104.190002       1.58229977E-06
   104.305000       1.58406795E-06
   104.419998       1.58526939E-06
   104.535004       1.58590478E-06
   104.650002       1.58597629E-06
   104.764999       1.58548744E-06
   104.879997       1.58444175E-06
   104.995003       1.58284331E-06
   105.110001       1.58069702E-06
   105.224998       1.57800673E-06
   105.339996       1.57477621E-06
   105.455002       1.57100885E-06
   105.570000       1.56670694E-06
   105.684998       1.56187320E-06
   105.800003       1.55650957E-06
   105.915001       1.55061866E-06
   106.029999       1.54420172E-06
   106.144997       1.53726046E-06
   106.260002       1.52979669E-06
   106.375000       1.52181167E-06
   106.489998       1.51330732E-06
   106.605003       1.50428525E-06
   106.720001       1.49474772E-06
   106.834999       1.48469735E-06
   106.949997       1.47413766E-06
   107.065002       1.46307332E-06
   107.180000       1.45150921E-06
   107.294998       1.43945192E-06
   107.410004       1.42690772E-06
   107.525002       1.41388375E-06
   107.639999       1.40038742E-06
   107.754997       1.38642577E-06
   107.870003       1.37200550E-06
   107.985001       1.35713276E-06
   108.099998       1.34181346E-06
   108.214996       1.32605351E-06
   108.330002       1.30985779E-06
   108.445000       1.29323121E-06
   108.559998       1.27617920E-06
   108.675003       1.25870656E-06
   108.790001       1.24081839E-06
   108.904999       1.22251947E-06
   109.019997       1.20381480E-06
   109.135002       1.18470950E-06
   109.250000       1.16520891E-06
   109.364998       1.14531849E-06
   109.480003       1.12504415E-06
   109.595001       1.10439282E-06
   109.709999       1.08337179E-06
   109.824997       1.06198854E-06
   109.940002       1.04025173E-06
   110.055000       1.01817022E-06
   110.169998       9.95753226E-07
   110.285004       9.73009037E-07
   110.400002       9.49946468E-07
   110.514999       9.26573648E-07
   110.629997       9.02897284E-07
   110.745003       8.78924993E-07
   110.860001       8.54662858E-07
   110.974998       8.30117131E-07
   111.089996       8.05294007E-07
   111.205002       7.80199855E-07
   111.320000       7.54841210E-07
   111.434998       7.29224382E-07
   111.550003       7.03355795E-07
   111.665001       6.77241815E-07
   111.779999       6.50888978E-07
   111.894997       6.24303198E-07
   112.010002       5.97491066E-07
   112.125000       5.70459292E-07
   112.239998       5.43214696E-07
   112.355003       5.15764782E-07
   112.470001       4.88117280E-07
   112.584999       4.60280887E-07
   112.699997       4.32264557E-07
   112.815002       4.04077298E-07
   112.930000       3.75728604E-07
   113.044998       3.47227143E-07
   113.160004       3.18582607E-07
   113.275002       2.89804234E-07
   113.389999       2.60901572E-07
   113.504997       2.31884144E-07
   113.620003       2.02761967E-07
   113.735001       1.73545885E-07
   113.849998       1.44245803E-07
   113.964996       1.14872890E-07
   114.080002       8.54377404E-08
   114.195000       5.59511548E-08
   114.309998       2.64234163E-08
   114.425003      -3.13581938E-09
   114.540001      -3.27168870E-08
   114.654999      -6.23109102E-08
   114.769997      -9.19095555E-08
   114.885002      -1.21504328E-07
   115.000000      -1.51087079E-07
   115.114998      -1.80650275E-07
   115.230003      -2.10186059E-07
   115.345001      -2.39687608E-07
   115.459999      -2.69147421E-07
   115.574997      -2.98558575E-07
   115.690002      -3.27914563E-07
   115.805000      -3.57208535E-07
   115.919998      -3.86434039E-07
   116.035004      -4.15584452E-07
   116.150002      -4.44652756E-07
   116.264999      -4.73631275E-07
   116.379997      -5.02512250E-07
   116.495003      -5.31287355E-07
   116.610001      -5.59947637E-07
   116.724998      -5.88484113E-07
   116.839996      -6.16887746E-07
   116.955002      -6.45149612E-07
   117.070000      -6.73261468E-07
   117.184998      -7.01214901E-07
   117.300003      -7.29002466E-07
   117.415001      -7.56616828E-07
   117.529999      -7.84051394E-07
   117.644997      -8.11299458E-07
   117.760002      -8.38354708E-07
   117.875000      -8.65210893E-07
   117.989998      -8.91861987E-07
   118.105003      -9.18302248E-07
   118.220001      -9.44526334E-07
   118.334999      -9.70529300E-07
   118.449997      -9.96305857E-07
   118.565002      -1.02185129E-06
   118.680000      -1.04716048E-06
   118.794998      -1.07222763E-06
   118.910004      -1.09704672E-06
   119.025002      -1.12161104E-06
   119.139999      -1.14591330E-06
   119.254997      -1.16994670E-06
   119.370003      -1.19370327E-06
   119.485001      -1.21717540E-06
   119.599998      -1.24035591E-06
   119.714996      -1.26323800E-06
   119.830002      -1.28581496E-06
   119.945000      -1.30808075E-06
   120.059998      -1.33003005E-06
   120.175003      -1.35165726E-06
   120.290001      -1.37295717E-06
   120.404999      -1.39392512E-06
   120.519997      -1.41455666E-06
   120.635002      -1.43484783E-06
   120.750000      -1.45479498E-06
   120.864998      -1.47439516E-06
   120.980003      -1.49364496E-06
   121.095001      -1.51254153E-06
   121.209999      -1.53108215E-06
   121.324997      -1.54926352E-06
   121.440002      -1.56708177E-06
   121.555000      -1.58453270E-06
   121.669998      -1.60161153E-06
   121.785004      -1.61831315E-06
   121.900002      -1.63463176E-06
   122.014999      -1.65056213E-06
   122.129997      -1.66609880E-06
   122.245003      -1.68123711E-06
   122.360001      -1.69597240E-06
   122.474998      -1.71030069E-06
   122.589996      -1.72421858E-06
   122.705002      -1.73772253E-06
   122.820000      -1.75080993E-06
   122.934998      -1.76347817E-06
   123.050003      -1.77572497E-06
   123.165001      -1.78754908E-06
   123.279999      -1.79894914E-06
   123.394997      -1.80992424E-06
   123.510002      -1.82047427E-06
   123.625000      -1.83059933E-06
   123.739998      -1.84029955E-06
   123.855003      -1.84957423E-06
   123.970001      -1.85842293E-06
   124.084999      -1.86684497E-06
   124.199997      -1.87483840E-06
   124.315002      -1.88240119E-06
   124.430000      -1.88953095E-06
   124.544998      -1.89622494E-06
   124.660004      -1.90248090E-06
   124.775002      -1.90829610E-06
   124.889999      -1.91366826E-06
   125.004997      -1.91859476E-06
   125.120003      -1.92307380E-06
   125.235001      -1.92710309E-06
   125.349998      -1.93067945E-06
   125.464996      -1.93380083E-06
   125.580002      -1.93646451E-06
   125.695000      -1.93866799E-06
   125.809998      -1.94040877E-06
   125.925003      -1.94168524E-06
   126.040001      -1.94249560E-06
   126.154999      -1.94283962E-06
   126.269997      -1.94271638E-06
   126.385002      -1.94212680E-06
   126.500000      -1.94107110E-06
   126.614998      -1.93955111E-06
   126.730003      -1.93756864E-06
   126.845001      -1.93512597E-06
   126.959999      -1.93222581E-06
   127.074997      -1.92887296E-06
   127.190002      -1.92507173E-06
   127.305000      -1.92082780E-06
   127.419998      -1.91614822E-06
   127.535004      -1.91103959E-06
   127.650002      -1.90550907E-06
   127.764999      -1.89956404E-06
   127.879997      -1.89321145E-06
   127.995003      -1.88645777E-06
   128.110001      -1.87930925E-06
   128.225006      -1.87177102E-06
   128.339996      -1.86384705E-06
   128.455002      -1.85554222E-06
   128.570007      -1.84686007E-06
   128.684998      -1.83780367E-06
   128.800003      -1.82837630E-06
   128.914993      -1.81858059E-06
   129.029999      -1.80841835E-06
   129.145004      -1.79789083E-06
   129.259995      -1.78699918E-06
   129.375000      -1.77574407E-06
   129.490005      -1.76412618E-06
   129.604996      -1.75214575E-06
   129.720001      -1.73980402E-06
   129.835007      -1.72710190E-06
   129.949997      -1.71404145E-06
   130.065002      -1.70062515E-06
   130.179993      -1.68685608E-06
   130.294998      -1.67273765E-06
   130.410004      -1.65827385E-06
   130.524994      -1.64346864E-06
   130.639999      -1.62832646E-06
   130.755005      -1.61285152E-06
   130.869995      -1.59704791E-06
   130.985001      -1.58091996E-06
   131.100006      -1.56447277E-06
   131.214996      -1.54771101E-06
   131.330002      -1.53063968E-06
   131.445007      -1.51326458E-06
   131.559998      -1.49559162E-06
   131.675003      -1.47762648E-06
   131.789993      -1.45937486E-06
   131.904999      -1.44084231E-06
   132.020004      -1.42203464E-06
   132.134995      -1.40295833E-06
   132.250000      -1.38361929E-06
   132.365005      -1.36402434E-06
   132.479996      -1.34418053E-06
   132.595001      -1.32409593E-06
   132.710007      -1.30377884E-06
   132.824997      -1.28323722E-06
   132.940002      -1.26248028E-06
   133.054993      -1.24151609E-06
   133.169998      -1.22035317E-06
   133.285004      -1.19899960E-06
   133.399994      -1.17746333E-06
   133.514999      -1.15575256E-06
   133.630005      -1.13387500E-06
   133.744995      -1.11183897E-06
   133.860001      -1.08965264E-06
   133.975006      -1.06732443E-06
   134.089996      -1.04486355E-06
   134.205002      -1.02227807E-06
   134.320007      -9.99576741E-07
   134.434998      -9.76768206E-07
   134.550003      -9.53860308E-07
   134.664993      -9.30861347E-07
   134.779999      -9.07778542E-07
   134.895004      -8.84619567E-07
   135.009995      -8.61392095E-07
   135.125000      -8.38103404E-07
   135.240005      -8.14760426E-07
   135.354996      -7.91369985E-07
   135.470001      -7.67938559E-07
   135.585007      -7.44472118E-07
   135.699997      -7.20976175E-07
   135.815002      -6.97455903E-07
   135.929993      -6.73915679E-07
   136.044998      -6.50360221E-07
   136.160004      -6.26793394E-07
   136.274994      -6.03219348E-07
   136.389999      -5.79642347E-07
   136.505005      -5.56066880E-07
   136.619995      -5.32497836E-07
   136.735001      -5.08940218E-07
   136.850006      -4.85399653E-07
   136.964996      -4.61881285E-07
   137.080002      -4.38391140E-07
   137.195007      -4.14934817E-07
   137.309998      -3.91518171E-07
   137.425003      -3.68146999E-07
   137.539993      -3.44826987E-07
   137.654999      -3.21564187E-07
   137.770004      -2.98364313E-07
   137.884995      -2.75233361E-07
   138.000000      -2.52176847E-07
   138.115005      -2.29200509E-07
   138.229996      -2.06309608E-07
   138.345001      -1.83509016E-07
   138.460007      -1.60803637E-07
   138.574997      -1.38197777E-07
   138.690002      -1.15695578E-07
   138.804993      -9.33010611E-08
   138.919998      -7.10186185E-08
   139.035004      -4.88526908E-08
   139.149994      -2.68081699E-08
   139.264999      -4.89011587E-09
   139.380005       1.68959673E-08
   139.494995       3.85441723E-08
   139.610001       6.00483787E-08
   139.725006       8.14022769E-08
   139.839996       1.02599444E-07
   139.955002       1.23633242E-07
   140.070007       1.44497108E-07
   140.184998       1.65184261E-07
   140.300003       1.85688080E-07
   140.414993       2.06001829E-07
   140.529999       2.26118786E-07
   140.645004       2.46032499E-07
   140.759995       2.65737100E-07
   140.875000       2.85227031E-07
   140.990005       3.04497348E-07
   141.104996       3.23543929E-07
   141.220001       3.42363080E-07
   141.335007       3.60951731E-07
   141.449997       3.79307266E-07
   141.565002       3.97427272E-07
   141.679993       4.15309387E-07
   141.794998       4.32951140E-07
   141.910004       4.50350115E-07
   142.024994       4.67503554E-07
   142.139999       4.84408417E-07
   142.255005       5.01061493E-07
   142.369995       5.17459455E-07
   142.485001       5.33598495E-07
   142.600006       5.49474748E-07
   142.714996       5.65083838E-07
   142.830002       5.80421329E-07
   142.945007       5.95482334E-07
   143.059998       6.10261964E-07
   143.175003       6.24755046E-07
   143.289993       6.38956919E-07
   143.404999       6.52862980E-07
   143.520004       6.66469418E-07
   143.634995       6.79773336E-07
   143.750000       6.92772460E-07
   143.865005       7.05465027E-07
   143.979996       7.17850298E-07
   144.095001       7.29927649E-07
   144.210007       7.41697022E-07
   144.324997       7.53158304E-07
   144.440002       7.64311267E-07
   144.554993       7.75155911E-07
   144.669998       7.85692237E-07
   144.785004       7.95920243E-07
   144.899994       8.05840159E-07
   145.014999       8.15452154E-07
   145.130005       8.24756341E-07
   145.244995       8.33752836E-07
   145.360001       8.42441466E-07
   145.475006       8.50821721E-07
   145.589996       8.58892975E-07
   145.705002       8.66654148E-07
   145.820007       8.74104387E-07
   145.934998       8.81242443E-07
   146.050003       8.88067746E-07
   146.164993       8.94579955E-07
   146.279999       9.00779071E-07
   146.395004       9.06665605E-07
   146.509995       9.12240409E-07
   146.625000       9.17504110E-07
   146.740005       9.22457161E-07
   146.854996       9.27099791E-07
   146.970001       9.31432055E-07
   147.085007       9.35453500E-07
   147.199997       9.39163726E-07
   147.315002       9.42562508E-07
   147.429993       9.45649333E-07
   147.544998       9.48424429E-07
   147.660004       9.50887795E-07
   147.774994       9.53039716E-07
   147.889999       9.54880420E-07
   148.005005       9.56410304E-07
   148.119995       9.57629254E-07
   148.235001       9.58537385E-07
   148.350006       9.59134695E-07
   148.464996       9.59421527E-07
   148.580002       9.59398108E-07
   148.695007       9.59065801E-07
   148.809998       9.58425744E-07
   148.925003       9.57479870E-07
   149.039993       9.56230224E-07
   149.154999       9.54678853E-07
   149.270004       9.52827918E-07
   149.384995       9.50679009E-07
   149.500000       9.48233378E-07
   149.615005       9.45492161E-07
   149.729996       9.42456211E-07
   149.845001       9.39126437E-07
   149.960007       9.35503920E-07
   150.074997       9.31590080E-07
   150.190002       9.27386623E-07
   150.304993       9.22895708E-07
   150.419998       9.18120008E-07
   150.535004       9.13062024E-07
   150.649994       9.07724825E-07
   150.764999       9.02111196E-07
   150.880005       8.96224606E-07
   150.994995       8.90068691E-07
   151.110001       8.83647544E-07
   151.225006       8.76965714E-07
   151.339996       8.70028600E-07
   151.455002       8.62841716E-07
   151.570007       8.55411258E-07
   151.684998       8.47743252E-07
   151.800003       8.39843437E-07
   151.914993       8.31717387E-07
   152.029999       8.23369817E-07
   152.145004       8.14804650E-07
   152.259995       8.06025525E-07
   152.375000       7.97035284E-07
   152.490005       7.87836655E-07
   152.604996       7.78431911E-07
   152.720001       7.68823327E-07
   152.835007       7.59013403E-07
   152.949997       7.49004073E-07
   153.065002       7.38798065E-07
   153.179993       7.28397310E-07
   153.294998       7.17804085E-07
   153.410004       7.07020547E-07
   153.524994       6.96049199E-07
   153.639999       6.84892370E-07
   153.755005       6.73553245E-07
   153.869995       6.62035234E-07
   153.985001       6.50341974E-07
   154.100006       6.38477957E-07
   154.214996       6.26447445E-07
   154.330002       6.14255100E-07
   154.445007       6.01905185E-07
   154.559998       5.89401850E-07
   154.675003       5.76748505E-07
   154.789993       5.63948333E-07
   154.904999       5.51004462E-07
   155.020004       5.37919504E-07
   155.134995       5.24696304E-07
   155.250000       5.11337305E-07
   155.365005       4.97845576E-07
   155.479996       4.84223904E-07
   155.595001       4.70475157E-07
   155.710007       4.56602351E-07
   155.824997       4.42608695E-07
   155.940002       4.28497287E-07
   156.054993       4.14272051E-07
   156.169998       3.99936823E-07
   156.285004       3.85496179E-07
   156.399994       3.70955320E-07
   156.514999       3.56320271E-07
   156.630005       3.41597740E-07
   156.744995       3.26794492E-07
   156.860001       3.11918200E-07
   156.975006       2.96976509E-07
   157.089996       2.81976725E-07
   157.205002       2.66926577E-07
   157.320007       2.51833342E-07
   157.434998       2.36703926E-07
   157.550003       2.21545335E-07
   157.664993       2.06364433E-07
   157.779999       1.91167373E-07
   157.895004       1.75960153E-07
   158.009995       1.60748158E-07
   158.125000       1.45536120E-07
   158.240005       1.30327834E-07
   158.354996       1.15126547E-07
   158.470001       9.99344678E-08
   158.585007       8.47532391E-08
   158.699997       6.95839901E-08
   158.815002       5.44271899E-08
   158.929993       3.92834139E-08
   159.044998       2.41531826E-08
   159.160004       9.03719499E-09
   159.274994      -6.06314554E-09
   159.389999      -2.11465387E-08
   159.505005      -3.62108885E-08
   159.619995      -5.12535259E-08
   159.735001      -6.62711059E-08
   159.850006      -8.12599268E-08
   159.964996      -9.62156079E-08
   160.080002      -1.11133012E-07
   160.195007      -1.26006540E-07
   160.309998      -1.40830352E-07
   160.425003      -1.55598130E-07
   160.539993      -1.70303721E-07
   160.654999      -1.84941115E-07
   160.770004      -1.99504655E-07
   160.884995      -2.13989139E-07
   161.000000      -2.28390135E-07
   161.115005      -2.42703720E-07
   161.229996      -2.56926455E-07
   161.345001      -2.71055399E-07
   161.460007      -2.85087964E-07
   161.574997      -2.99021934E-07
   161.690002      -3.12854780E-07
   161.804993      -3.26584285E-07
   161.919998      -3.40208146E-07
   162.035004      -3.53723863E-07
   162.149994      -3.67128990E-07
   162.264999      -3.80420801E-07
   162.380005      -3.93596451E-07
   162.494995      -4.06652759E-07
   162.610001      -4.19586456E-07
   162.725006      -4.32394017E-07
   162.839996      -4.45071464E-07
   162.955002      -4.57614817E-07
   163.070007      -4.70020126E-07
   163.184998      -4.82283212E-07
   163.300003      -4.94400410E-07
   163.414993      -5.06368224E-07
   163.529999      -5.18183526E-07
   163.645004      -5.29843760E-07
   163.759995      -5.41346992E-07
   163.875000      -5.52691404E-07
   163.990005      -5.63875858E-07
   164.104996      -5.74898991E-07
   164.220001      -5.85759949E-07
   164.335007      -5.96457653E-07
   164.449997      -6.06991478E-07
   164.565002      -6.17360456E-07
   164.679993      -6.27563679E-07
   164.794998      -6.37600351E-07
   164.910004      -6.47469506E-07
   165.024994      -6.57170119E-07
   165.139999      -6.66701055E-07
   165.255005      -6.76060438E-07
   165.369995      -6.85246505E-07
   165.485001      -6.94256812E-07
   165.600006      -7.03088688E-07
   165.714996      -7.11738778E-07
   165.830002      -7.20203502E-07
   165.945007      -7.28478994E-07
   166.059998      -7.36561219E-07
   166.175003      -7.44445970E-07
   166.289993      -7.52129154E-07
   166.404999      -7.59606621E-07
   166.520004      -7.66874223E-07
   166.634995      -7.73927979E-07
   166.750000      -7.80763969E-07
   166.865005      -7.87378781E-07
   166.979996      -7.93769175E-07
   167.095001      -7.99932479E-07
   167.210007      -8.05866534E-07
   167.324997      -8.11569976E-07
   167.440002      -8.17042007E-07
   167.554993      -8.22282459E-07
   167.669998      -8.27291956E-07
   167.785004      -8.32071180E-07
   167.899994      -8.36621439E-07
   168.014999      -8.40943869E-07
   168.130005      -8.45039949E-07
   168.244995      -8.48910872E-07
   168.360001      -8.52557946E-07
   168.475006      -8.55982307E-07
   168.589996      -8.59184865E-07
   168.705002      -8.62166701E-07
   168.820007      -8.64928722E-07
   168.934998      -8.67472238E-07
   169.050003      -8.69798214E-07
   169.164993      -8.71907901E-07
   169.279999      -8.73802264E-07
   169.395004      -8.75482726E-07
   169.509995      -8.76950139E-07
   169.625000      -8.78205583E-07
   169.740005      -8.79250251E-07
   169.854996      -8.80085167E-07
   169.970001      -8.80711411E-07
   170.085007      -8.81130291E-07
   170.199997      -8.81342885E-07
   170.315002      -8.81350445E-07
   170.429993      -8.81153881E-07
   170.544998      -8.80754101E-07
   170.660004      -8.80151504E-07
   170.774994      -8.79346430E-07
   170.889999      -8.78338540E-07
   171.005005      -8.77127491E-07
   171.119995      -8.75712601E-07
   171.235001      -8.74093189E-07
   171.350006      -8.72268458E-07
   171.464996      -8.70237898E-07
   171.580002      -8.68001052E-07
   171.695007      -8.65557809E-07
   171.809998      -8.62907996E-07
   171.925003      -8.60051841E-07
   172.039993      -8.56989800E-07
   172.154999      -8.53722497E-07
   172.270004      -8.50250672E-07
   172.384995      -8.46575233E-07
   172.500000      -8.42697375E-07
   172.615005      -8.38618917E-07
   172.729996      -8.34341563E-07
   172.845001      -8.29867815E-07
   172.960007      -8.25200118E-07
   173.074997      -8.20341086E-07
   173.190002      -8.15293447E-07
   173.304993      -8.10059703E-07
   173.419998      -8.04642639E-07
   173.535004      -7.99044528E-07
   173.649994      -7.93267759E-07
   173.764999      -7.87314661E-07
   173.880005      -7.81187680E-07
   173.994995      -7.74889429E-07
   174.110001      -7.68422922E-07
   174.225006      -7.61791057E-07
   174.339996      -7.54997302E-07
   174.455002      -7.48045011E-07
   174.570007      -7.40937480E-07
   174.684998      -7.33678007E-07
   174.800003      -7.26269434E-07
   174.914993      -7.18714830E-07
   175.029999      -7.11016582E-07
   175.145004      -7.03177363E-07
   175.259995      -6.95199276E-07
   175.375000      -6.87084309E-07
   175.490005      -6.78834340E-07
   175.604996      -6.70450902E-07
   175.720001      -6.61935132E-07
   175.835007      -6.53288055E-07
   175.949997      -6.44510010E-07
   176.065002      -6.35601339E-07
   176.179993      -6.26561985E-07
   176.294998      -6.17392004E-07
   176.410004      -6.08091852E-07
   176.524994      -5.98662211E-07
   176.639999      -5.89104445E-07
   176.755005      -5.79420885E-07
   176.869995      -5.69614087E-07
   176.985001      -5.59687351E-07
   177.100006      -5.49644767E-07
   177.214996      -5.39490372E-07
   177.330002      -5.29228714E-07
   177.445007      -5.18864510E-07
   177.559998      -5.08402763E-07
   177.675003      -4.97848589E-07
   177.789993      -4.87207046E-07
   177.904999      -4.76483478E-07
   178.020004      -4.65683087E-07
   178.134995      -4.54810703E-07
   178.250000      -4.43871301E-07
   178.365005      -4.32868774E-07
   178.479996      -4.21806845E-07
   178.595001      -4.10688187E-07
   178.710007      -3.99515130E-07
   178.824997      -3.88289266E-07
   178.940002      -3.77012157E-07
   179.054993      -3.65684997E-07
   179.169998      -3.54309179E-07
   179.285004      -3.42886068E-07
   179.399994      -3.31417198E-07
   179.514999      -3.19904331E-07
   179.630005      -3.08349371E-07
   179.744995      -2.96754138E-07
   179.860001      -2.85120905E-07
   179.975006      -2.73451718E-07
   180.089996      -2.61749051E-07
   180.205002      -2.50015859E-07
   180.320007      -2.38255325E-07
   180.434998      -2.26471343E-07
   180.550003      -2.14668077E-07
   180.664993      -2.02850259E-07
   180.779999      -1.91022750E-07
   180.895004      -1.79190664E-07
   181.009995      -1.67358849E-07
   181.125000      -1.55532121E-07
   181.240005      -1.43714928E-07
   181.354996      -1.31911619E-07
   181.470001      -1.20126046E-07
   181.585007      -1.08362215E-07
   181.699997      -9.66238431E-08
   181.815002      -8.49146176E-08
   181.929993      -7.32377785E-08
   182.044998      -6.15964098E-08
   182.160004      -4.99931545E-08
   182.274994      -3.84299490E-08
   182.389999      -2.69084044E-08
   182.505005      -1.54297677E-08
   182.619995      -3.99475741E-09
   182.735001       7.39585682E-09
   182.850006       1.87413445E-08
   182.964996       3.00406349E-08
   183.080002       4.12923171E-08
   183.195007       5.24946380E-08
   183.309998       6.36456576E-08
   183.425003       7.47431557E-08
   183.539993       8.57847695E-08
   183.654999       9.67679981E-08
   183.770004       1.07690205E-07
   183.884995       1.18548726E-07
   184.000000       1.29340734E-07
   184.115005       1.40062994E-07
   184.229996       1.50712125E-07
   184.345001       1.61284433E-07
   184.460007       1.71776108E-07
   184.574997       1.82183356E-07
   184.690002       1.92502583E-07
   184.804993       2.02730433E-07
   184.919998       2.12863938E-07
   185.035004       2.22900539E-07
   185.149994       2.32837820E-07
   185.264999       2.42673593E-07
   185.380005       2.52405641E-07
   185.494995       2.62031733E-07
   185.610001       2.71549311E-07
   185.725006       2.80955931E-07
   185.839996       2.90248920E-07
   185.955002       2.99425722E-07
   186.070007       3.08484005E-07
   186.184998       3.17421524E-07
   186.300003       3.26236403E-07
   186.414993       3.34926824E-07
   186.529999       3.43491223E-07
   186.645004       3.51928207E-07
   186.759995       3.60236299E-07
   186.875000       3.68414192E-07
   186.990005       3.76460491E-07
   187.104996       3.84374061E-07
   187.220001       3.92154107E-07
   187.335007       3.99799973E-07
   187.449997       4.07311404E-07
   187.565002       4.14688458E-07
   187.679993       4.21931361E-07
   187.794998       4.29040313E-07
   187.910004       4.36015341E-07
   188.024994       4.42856191E-07
   188.139999       4.49562293E-07
   188.255005       4.56132625E-07
   188.369995       4.62565794E-07
   188.485001       4.68860037E-07
   188.600006       4.75013564E-07
   188.714996       4.81024188E-07
   188.830002       4.86889803E-07
   188.945007       4.92608251E-07
   189.059998       4.98177144E-07
   189.175003       5.03594151E-07
   189.289993       5.08856942E-07
   189.404999       5.13962959E-07
   189.520004       5.18910099E-07
   189.634995       5.23696315E-07
   189.750000       5.28320072E-07
   189.865005       5.32780405E-07
   189.979996       5.37076801E-07
   190.095001       5.41209488E-07
   190.210007       5.45179319E-07
   190.324997       5.48987259E-07
   190.440002       5.52634901E-07
   190.554993       5.56123894E-07
   190.669998       5.59455941E-07
   190.785004       5.62632806E-07
   190.899994       5.65656080E-07
   191.014999       5.68527241E-07
   191.130005       5.71247881E-07
   191.244995       5.73819193E-07
   191.360001       5.76242144E-07
   191.475006       5.78517472E-07
   191.589996       5.80645462E-07
   191.705002       5.82626058E-07
   191.820007       5.84458917E-07
   191.934998       5.86143074E-07
   192.050003       5.87677505E-07
   192.164993       5.89061074E-07
   192.279999       5.90292586E-07
   192.395004       5.91370963E-07
   192.509995       5.92295464E-07
   192.625000       5.93065238E-07
   192.740005       5.93680056E-07
   192.854996       5.94139749E-07
   192.970001       5.94444373E-07
   193.085007       5.94594269E-07
   193.199997       5.94590006E-07
   193.315002       5.94432322E-07
   193.429993       5.94121900E-07
   193.544998       5.93659934E-07
   193.660004       5.93047560E-07
   193.774994       5.92286028E-07
   193.889999       5.91376534E-07
   194.005005       5.90320383E-07
   194.119995       5.89118940E-07
   194.235001       5.87773172E-07
   194.350006       5.86284216E-07
   194.464996       5.84653208E-07
   194.580002       5.82881285E-07
   194.695007       5.80969697E-07
   194.809998       5.78919980E-07
   194.925003       5.76733669E-07
   195.039993       5.74412695E-07
   195.154999       5.71958878E-07
   195.270004       5.69374322E-07
   195.384995       5.66660844E-07
   195.500000       5.63820379E-07
   195.615005       5.60854687E-07
   195.729996       5.57765077E-07
   195.845001       5.54553026E-07
   195.960007       5.51219728E-07
   196.074997       5.47766263E-07
   196.190002       5.44193483E-07
   196.304993       5.40502128E-07
   196.419998       5.36692880E-07
   196.535004       5.32765966E-07
   196.649994       5.28721785E-07
   196.764999       5.24560278E-07
   196.880005       5.20281617E-07
   196.994995       5.15885688E-07
   197.110001       5.11372775E-07
   197.225006       5.06743106E-07
   197.339996       5.01997420E-07
   197.455002       4.97136739E-07
   197.570007       4.92162371E-07
   197.684998       4.87076193E-07
   197.800003       4.81880306E-07
   197.914993       4.76576986E-07
   198.029999       4.71169102E-07
   198.145004       4.65659468E-07
   198.259995       4.60051211E-07
   198.375000       4.54347600E-07
   198.490005       4.48551958E-07
   198.604996       4.42667528E-07
   198.720001       4.36697576E-07
   198.835007       4.30645230E-07
   198.949997       4.24513274E-07
   199.065002       4.18304495E-07
   199.179993       4.12021308E-07
   199.294998       4.05665986E-07
   199.410004       3.99240463E-07
   199.524994       3.92746784E-07
   199.639999       3.86186542E-07
   199.755005       3.79561726E-07
   199.869995       3.72874268E-07
   199.985001       3.66126130E-07
   200.100006       3.59319472E-07
   200.214996       3.52456510E-07
   200.330002       3.45539547E-07
   200.445007       3.38570970E-07
   200.559998       3.31553110E-07
   200.675003       3.24488383E-07
   200.789993       3.17379062E-07
   200.904999       3.10227364E-07
   201.020004       3.03035392E-07
   201.134995       2.95805023E-07
   201.250000       2.88538075E-07
   201.365005       2.81236197E-07
   201.479996       2.73901151E-07
   201.595001       2.66534556E-07
   201.710007       2.59138233E-07
   201.824997       2.51714141E-07
   201.940002       2.44264641E-07
   202.054993       2.36792076E-07
   202.169998       2.29299289E-07
   202.285004       2.21789193E-07
   202.399994       2.14264745E-07
   202.514999       2.06729013E-07
   202.630005       1.99184939E-07
   202.744995       1.91635309E-07
   202.860001       1.84082865E-07
   202.975006       1.76529838E-07
   203.089996       1.68978318E-07
   203.205002       1.61430094E-07
   203.320007       1.53886475E-07
   203.434998       1.46348370E-07
   203.550003       1.38816375E-07
   203.664993       1.31290747E-07
   203.779999       1.23771599E-07
   203.895004       1.16258938E-07
   204.009995       1.08752857E-07
   204.125000       1.01253889E-07
   204.240005       9.37627718E-08
   204.354996       8.62811120E-08
   204.470001       7.88111265E-08
   204.585007       7.13557000E-08
   204.699997       6.39183497E-08
   204.815002       5.65029836E-08
   204.929993       4.91136802E-08
   205.044998       4.17547348E-08
   205.160004       3.44300908E-08
   205.274994       2.71435194E-08
   205.389999       1.98985344E-08
   205.505005       1.26979591E-08
   205.619995       5.54417978E-09
   205.735001      -1.56081048E-09
   205.850006      -8.61563265E-09
   205.964996      -1.56193529E-08
   206.080002      -2.25716512E-08
   206.195007      -2.94725186E-08
   206.309998      -3.63222270E-08
   206.425003      -4.31212577E-08
   206.539993      -4.98699286E-08
   206.654999      -5.65683322E-08
   206.770004      -6.32159711E-08
   206.884995      -6.98119464E-08
   207.000000      -7.63544676E-08
   207.115005      -8.28411970E-08
   207.229996      -8.92692142E-08
   207.345001      -9.56352508E-08
   207.460007      -1.01935875E-07
   207.574997      -1.08167555E-07
   207.690002      -1.14326987E-07
   207.804993      -1.20410988E-07
   207.919998      -1.26416623E-07
   208.035004      -1.32341157E-07
   208.149994      -1.38182173E-07
   208.264999      -1.43937513E-07
   208.380005      -1.49605413E-07
   208.494995      -1.55184466E-07
   208.610001      -1.60673693E-07
   208.725006      -1.66072624E-07
   208.839996      -1.71381188E-07
   208.955002      -1.76599599E-07
   209.070007      -1.81728197E-07
   209.184998      -1.86767252E-07
   209.300003      -1.91716708E-07
   209.414993      -1.96576082E-07
   209.529999      -2.01344434E-07
   209.645004      -2.06020431E-07
   209.759995      -2.10602309E-07
   209.875000      -2.15088150E-07
   209.990005      -2.19475979E-07
   210.104996      -2.23763863E-07
   210.220001      -2.27950053E-07
   210.335007      -2.32032960E-07
   210.449997      -2.36011189E-07
   210.565002      -2.39883434E-07
   210.679993      -2.43648543E-07
   210.794998      -2.47305451E-07
   210.910004      -2.50853475E-07
   211.024994      -2.54292246E-07
   211.139999      -2.57621821E-07
   211.255005      -2.60842739E-07
   211.369995      -2.63956167E-07
   211.485001      -2.66963497E-07
   211.600006      -2.69866661E-07
   211.714996      -2.72667364E-07
   211.830002      -2.75367455E-07
   211.945007      -2.77968326E-07
   212.059998      -2.80471056E-07
   212.175003      -2.82876357E-07
   212.289993      -2.85184541E-07
   212.404999      -2.87395807E-07
   212.520004      -2.89510069E-07
   212.634995      -2.91527186E-07
   212.750000      -2.93446988E-07
   212.865005      -2.95269047E-07
   212.979996      -2.96992710E-07
   213.095001      -2.98616925E-07
   213.210007      -3.00140300E-07
   213.324997      -3.01561101E-07
   213.440002      -3.02877282E-07
   213.554993      -3.04086768E-07
   213.669998      -3.05187541E-07
   213.785004      -3.06177839E-07
   213.899994      -3.07056240E-07
   214.014999      -3.07821750E-07
   214.130005      -3.08473545E-07
   214.244995      -3.09010971E-07
   214.360001      -3.09433261E-07
   214.475006      -3.09739676E-07
   214.589996      -3.09929248E-07
   214.705002      -3.10000871E-07
   214.820007      -3.09953379E-07
   214.934998      -3.09785975E-07
   215.050003      -3.09497921E-07
   215.164993      -3.09089017E-07
   215.279999      -3.08559578E-07
   215.395004      -3.07910227E-07
   215.509995      -3.07142102E-07
   215.625000      -3.06256453E-07
   215.740005      -3.05254787E-07
   215.854996      -3.04138638E-07
   215.970001      -3.02909513E-07
   216.085007      -3.01569287E-07
   216.199997      -3.00119865E-07
   216.315002      -2.98563521E-07
   216.429993      -2.96902755E-07
   216.544998      -2.95140410E-07
   216.660004      -2.93279214E-07
   216.774994      -2.91321982E-07
   216.889999      -2.89271156E-07
   217.005005      -2.87128557E-07
   217.119995      -2.84895521E-07
   217.235001      -2.82572813E-07
   217.350006      -2.80160521E-07
   217.464996      -2.77658586E-07
   217.580002      -2.75066611E-07
   217.695007      -2.72384028E-07
   217.809998      -2.69610638E-07
   217.925003      -2.66746213E-07
   218.039993      -2.63790781E-07
   218.154999      -2.60744343E-07
   218.270004      -2.57606985E-07
   218.384995      -2.54378961E-07
   218.500000      -2.51060470E-07
   218.615005      -2.47651940E-07
   218.729996      -2.44154023E-07
   218.845001      -2.40567658E-07
   218.960007      -2.36894323E-07
   219.074997      -2.33135978E-07
   219.190002      -2.29294898E-07
   219.304993      -2.25373782E-07
   219.419998      -2.21375373E-07
   219.535004      -2.17302500E-07
   219.649994      -2.13157747E-07
   219.764999      -2.08943348E-07
   219.880005      -2.04661461E-07
   219.994995      -2.00313607E-07
   220.110001      -1.95901421E-07
   220.225006      -1.91426281E-07
   220.339996      -1.86889864E-07
   220.455002      -1.82293789E-07
   220.570007      -1.77639720E-07
   220.684998      -1.72929447E-07
   220.800003      -1.68164789E-07
   220.914993      -1.63347224E-07
   221.029999      -1.58478329E-07
   221.145004      -1.53559299E-07
   221.259995      -1.48591241E-07
   221.375000      -1.43575249E-07
   221.490005      -1.38512235E-07
   221.604996      -1.33403063E-07
   221.720001      -1.28248814E-07
   221.835007      -1.23050484E-07
   221.949997      -1.17808945E-07
   222.065002      -1.12524866E-07
   222.179993      -1.07198659E-07
   222.294998      -1.01830388E-07
   222.410004      -9.64197184E-08
   222.524994      -9.09660542E-08
   222.639999      -8.54686348E-08
   222.755005      -7.99268065E-08
   222.869995      -7.43400363E-08
   222.985001      -6.87082462E-08
   223.100006      -6.30318553E-08
   223.214996      -5.73117873E-08
   223.330002      -5.15493461E-08
   223.445007      -4.57463081E-08
   223.559998      -3.99045383E-08
   223.675003      -3.40261543E-08
   223.789993      -2.81132415E-08
   223.904999      -2.21680718E-08
   224.020004      -1.61930878E-08
   224.134995      -1.01909645E-08
   224.250000      -4.16469215E-09
   224.365005       1.88228566E-09
   224.479996       7.94610866E-09
   224.595001       1.40227741E-08
   224.710007       2.01080947E-08
   224.824997       2.61980375E-08
   224.940002       3.22887992E-08
   225.054993       3.83769887E-08
   225.169998       4.44596182E-08
   225.285004       5.05341582E-08
   225.399994       5.65983349E-08
   225.514999       6.26501020E-08
   225.630005       6.86875552E-08
   225.744995       7.47088436E-08
   225.860001       8.07121268E-08
   225.975006       8.66959482E-08
   226.089996       9.26589934E-08
   226.205002       9.86004025E-08
   226.320007       1.04519707E-07
   226.434998       1.10416700E-07
   226.550003       1.16291595E-07
   226.664993       1.22144627E-07
   226.779999       1.27975753E-07
   226.895004       1.33784567E-07
   227.009995       1.39570361E-07
   227.125000       1.45331796E-07
   227.240005       1.51067269E-07
   227.354996       1.56774902E-07
   227.470001       1.62452878E-07
   227.585007       1.68099447E-07
   227.699997       1.73713119E-07
   227.815002       1.79292670E-07
   227.929993       1.84836992E-07
   228.044998       1.90344934E-07
   228.160004       1.95815232E-07
   228.274994       2.01246479E-07
   228.389999       2.06637054E-07
   228.505005       2.11985409E-07
   228.619995       2.17290108E-07
   228.735001       2.22550014E-07
   228.850006       2.27764545E-07
   228.964996       2.32933701E-07
   229.080002       2.38057751E-07
   229.195007       2.43137549E-07
   229.309998       2.48173905E-07
   229.425003       2.53167400E-07
   229.539993       2.58118405E-07
   229.654999       2.63026664E-07
   229.770004       2.67891579E-07
   229.884995       2.72712072E-07
   230.000000       2.77487118E-07
   230.115005       2.82215638E-07
   230.229996       2.86896693E-07
   230.345001       2.91529574E-07
   230.460007       2.96113654E-07
   230.574997       3.00648423E-07
   230.690002       3.05133057E-07
   230.804993       3.09566474E-07
   230.919998       3.13947226E-07
   231.035004       3.18273578E-07
   231.149994       3.22543571E-07
   231.264999       3.26755412E-07
   231.380005       3.30907426E-07
   231.494995       3.34998532E-07
   231.610001       3.39028020E-07
   231.725006       3.42995833E-07
   231.839996       3.46901999E-07
   231.955002       3.50746859E-07
   232.070007       3.54530385E-07
   232.184998       3.58252322E-07
   232.300003       3.61911844E-07
   232.414993       3.65507816E-07
   232.529999       3.69038759E-07
   232.645004       3.72503166E-07
   232.759995       3.75899532E-07
   232.875000       3.79226663E-07
   232.990005       3.82483421E-07
   233.104996       3.85668869E-07
   233.220001       3.88782041E-07
   233.335007       3.91821686E-07
   233.449997       3.94786184E-07
   233.565002       3.97673517E-07
   233.679993       4.00481383E-07
   233.794998       4.03207338E-07
   233.910004       4.05849079E-07
   234.024994       4.08404702E-07
   234.139999       4.10872843E-07
   234.255005       4.13252934E-07
   234.369995       4.15544918E-07
   234.485001       4.17749106E-07
   234.600006       4.19866097E-07
   234.714996       4.21896317E-07
   234.830002       4.23840135E-07
   234.945007       4.25697664E-07
   235.059998       4.27468848E-07
   235.175003       4.29153602E-07
   235.289993       4.30752323E-07
   235.404999       4.32265722E-07
   235.520004       4.33694993E-07
   235.634995       4.35041727E-07
   235.750000       4.36307886E-07
   235.865005       4.37495146E-07
   235.979996       4.38605127E-07
   236.095001       4.39638541E-07
   236.210007       4.40595869E-07
   236.324997       4.41476857E-07
   236.440002       4.42280879E-07
   236.554993       4.43007309E-07
   236.669998       4.43655637E-07
   236.785004       4.44225918E-07
   236.899994       4.44718580E-07
   237.014999       4.45134617E-07
   237.130005       4.45475223E-07
   237.244995       4.45741620E-07
   237.360001       4.45934859E-07
   237.475006       4.46055566E-07
   237.589996       4.46104139E-07
   237.705002       4.46080577E-07
   237.820007       4.45984909E-07
   237.934998       4.45817165E-07
   238.050003       4.45577683E-07
   238.164993       4.45267176E-07
   238.279999       4.44886524E-07
   238.395004       4.44436836E-07
   238.509995       4.43919106E-07
   238.625000       4.43333903E-07
   238.740005       4.42681454E-07
   238.854996       4.41961362E-07
   238.970001       4.41172830E-07
   239.085007       4.40315063E-07
   239.199997       4.39387293E-07
   239.315002       4.38389264E-07
   239.429993       4.37321120E-07
   239.544998       4.36183598E-07
   239.660004       4.34977750E-07
   239.774994       4.33704855E-07
   239.889999       4.32365880E-07
   240.005005       4.30961478E-07
   240.119995       4.29491649E-07
   240.235001       4.27955939E-07
   240.350006       4.26353381E-07
   240.464996       4.24683009E-07
   240.580002       4.22944026E-07
   240.695007       4.21135979E-07
   240.809998       4.19258953E-07
   240.925003       4.17313458E-07
   241.039993       4.15300377E-07
   241.154999       4.13220619E-07
   241.270004       4.11074922E-07
   241.384995       4.08864025E-07
   241.500000       4.06588356E-07
   241.615005       4.04248397E-07
   241.729996       4.01844858E-07
   241.845001       3.99378962E-07
   241.960007       3.96852585E-07
   242.074997       3.94268312E-07
   242.190002       3.91629356E-07
   242.304993       3.88939299E-07
   242.419998       3.86201634E-07
   242.535004       3.83419518E-07
   242.649994       3.80595395E-07
   242.764999       3.77730998E-07
   242.880005       3.74827295E-07
   242.994995       3.71884710E-07
   243.110001       3.68903386E-07
   243.225006       3.65883579E-07
   243.339996       3.62825745E-07
   243.455002       3.59730478E-07
   243.570007       3.56598662E-07
   243.684998       3.53431119E-07
   243.800003       3.50228390E-07
   243.914993       3.46990674E-07
   244.029999       3.43717602E-07
   244.145004       3.40408633E-07
   244.259995       3.37063142E-07
   244.375000       3.33680845E-07
   244.490005       3.30261912E-07
   244.604996       3.26807339E-07
   244.720001       3.23318829E-07
   244.835007       3.19798716E-07
   244.949997       3.16249668E-07
   245.065002       3.12674189E-07
   245.179993       3.09074608E-07
   245.294998       3.05452460E-07
   245.410004       3.01808853E-07
   245.524994       2.98144329E-07
   245.639999       2.94459085E-07
   245.755005       2.90753519E-07
   245.869995       2.87028229E-07
   245.985001       2.83284010E-07
   246.100006       2.79521970E-07
   246.214996       2.75743474E-07
   246.330002       2.71949631E-07
   246.445007       2.68141207E-07
   246.559998       2.64318601E-07
   246.675003       2.60481670E-07
   246.789993       2.56630159E-07
   246.904999       2.52763641E-07
   247.020004       2.48882145E-07
   247.134995       2.44986239E-07
   247.250000       2.41077203E-07
   247.365005       2.37157039E-07
   247.479996       2.33228178E-07
   247.595001       2.29293249E-07
   247.710007       2.25354654E-07
   247.824997       2.21414382E-07
   247.940002       2.17473740E-07
   248.054993       2.13533497E-07
   248.169998       2.09593892E-07
   248.285004       2.05655070E-07
   248.399994       2.01717143E-07
   248.514999       1.97780537E-07
   248.630005       1.93846049E-07
   248.744995       1.89914701E-07
   248.860001       1.85987759E-07
   248.975006       1.82066216E-07
   249.089996       1.78150927E-07
   249.205002       1.74242302E-07
   249.320007       1.70340499E-07
   249.434998       1.66445432E-07
   249.550003       1.62557271E-07
   249.664993       1.58676400E-07
   249.779999       1.54803914E-07
   249.895004       1.50941503E-07
   250.009995       1.47091399E-07
   250.125000       1.43256187E-07
   250.240005       1.39438498E-07
   250.354996       1.35640605E-07
   250.470001       1.31864326E-07
   250.585007       1.28110926E-07
   250.699997       1.24381060E-07
   250.815002       1.20675196E-07
   250.929993       1.16993768E-07
   251.044998       1.13337521E-07
   251.160004       1.09707663E-07
   251.274994       1.06106036E-07
   251.389999       1.02534976E-07
   251.505005       9.89970843E-08
   251.619995       9.54950252E-08
   251.735001       9.20311862E-08
   251.850006       8.86074645E-08
   251.964996       8.52251745E-08
   252.080002       8.18850410E-08
   252.195007       7.85875045E-08
   252.309998       7.53327498E-08
   252.425003       7.21209901E-08
   252.539993       6.89524597E-08
   252.654999       6.58275425E-08
   252.770004       6.27464658E-08
   252.884995       5.97092864E-08
   253.000000       5.67155745E-08
   253.115005       5.37643707E-08
   253.229996       5.08541582E-08
   253.345001       4.79830469E-08
   253.460007       4.51490010E-08
   253.574997       4.23501554E-08
   253.690002       3.95852133E-08
   253.804993       3.68536242E-08
   253.919998       3.41556579E-08
   254.035004       3.14923376E-08
   254.149994       2.88651822E-08
   254.264999       2.62759006E-08
   254.380005       2.37260860E-08
   254.494995       2.12169073E-08
   254.610001       1.87490858E-08
   254.725006       1.63228417E-08
   254.839996       1.39381182E-08
   254.955002       1.15948398E-08
   255.070007       9.29301969E-09
   255.184998       7.03301462E-09
   255.300003       4.81542450E-09
   255.414993       2.64108135E-09
   255.529999       5.10792908E-10
   255.645004      -1.57485514E-09
   255.759995      -3.61563912E-09
   255.875000      -5.61170310E-09
   255.990005      -7.56345120E-09
   256.105011      -9.47127177E-09
   256.220001      -1.13352199E-08
   256.334991      -1.31547404E-08
   256.450012      -1.49284105E-08
   256.565002      -1.66539476E-08
   256.679993      -1.83283788E-08
   256.795013      -1.99483239E-08
   256.910004      -2.15104432E-08
   257.024994      -2.30118218E-08
   257.140015      -2.44502729E-08
   257.255005      -2.58244643E-08
   257.369995      -2.71338809E-08
   257.484985      -2.83786310E-08
   257.600006      -2.95591995E-08
   257.714996      -3.06761549E-08
   257.829987      -3.17299857E-08
   257.945007      -3.27210756E-08
   258.059998      -3.36497621E-08
   258.174988      -3.45165390E-08
   258.290009      -3.53222447E-08
   258.404999      -3.60681653E-08
   258.519989      -3.67560453E-08
   258.635010      -3.73878883E-08
   258.750000      -3.79657052E-08
   258.864990      -3.84911303E-08
   258.980011      -3.89651511E-08
   259.095001      -3.93878992E-08
   259.209991      -3.97587065E-08
   259.325012      -4.00762374E-08
   259.440002      -4.03389286E-08
   259.554993      -4.05453449E-08
   259.670013      -4.06945553E-08
   259.785004      -4.07863858E-08
   259.899994      -4.08214298E-08
   260.015015      -4.08009200E-08
   260.130005      -4.07264480E-08
   260.244995      -4.05996268E-08
   260.359985      -4.04218348E-08
   260.475006      -4.01940028E-08
   260.589996      -3.99166602E-08
   260.704987      -3.95900308E-08
   260.820007      -3.92143527E-08
   260.934998      -3.87900165E-08
   261.049988      -3.83177401E-08
   261.165009      -3.77985288E-08
   261.279999      -3.72335656E-08
   261.394989      -3.66239057E-08
   261.510010      -3.59701993E-08
   261.625000      -3.52724534E-08
   261.739990      -3.45299540E-08
   261.855011      -3.37414079E-08
   261.970001      -3.29051950E-08
   262.084991      -3.20197486E-08
   262.200012      -3.10840029E-08
   262.315002      -3.00976524E-08
   262.429993      -2.90613524E-08
   262.545013      -2.79765615E-08
   262.660004      -2.68453064E-08
   262.774994      -2.56699071E-08
   262.890015      -2.44525076E-08
   263.005005      -2.31948345E-08
   263.119995      -2.18980283E-08
   263.234985      -2.05627426E-08
   263.350006      -1.91892102E-08
   263.464996      -1.77775430E-08
   263.579987      -1.63279346E-08
   263.695007      -1.48407180E-08
   263.809998      -1.33163969E-08
   263.924988      -1.17554109E-08
   264.040009      -1.01579323E-08
   264.154999      -8.52364668E-09
   264.269989      -6.85160195E-09
   264.385010      -5.14021536E-09
   264.500000      -3.38753892E-09
   264.614990      -1.59154967E-09
   264.730011       2.49402055E-10
   264.845001       2.13632823E-09
   264.959991       4.06917300E-09
   265.075012       6.04695582E-09
   265.190002       8.06778289E-09
   265.304993       1.01291810E-08
   265.420013       1.22284689E-08
   265.535004       1.43630583E-08
   265.649994       1.65307696E-08
   265.765015       1.87298888E-08
   265.880005       2.09591065E-08
   265.994995       2.32172770E-08
   266.109985       2.55033115E-08
   266.225006       2.78159629E-08
   266.339996       3.01537142E-08
   266.454987       3.25149294E-08
   266.570007       3.48980258E-08
   266.684998       3.73016498E-08
   266.799988       3.97249700E-08
   266.915009       4.21678337E-08
   267.029999       4.46306316E-08
   267.144989       4.71141988E-08
   267.260010       4.96195014E-08
   267.375000       5.21473353E-08
   267.489990       5.46979315E-08
   267.605011       5.72709453E-08
   267.720001       5.98652790E-08
   267.834991       6.24794509E-08
   267.950012       6.51116636E-08
   268.065002       6.77603467E-08
   268.179993       7.04242353E-08
   268.295013       7.31027114E-08
   268.410004       7.57956400E-08
   268.524994       7.85033762E-08
   268.640015       8.12264105E-08
   268.755005       8.39650767E-08
   268.869995       8.67194032E-08
   268.984985       8.94889141E-08
   269.100006       9.22727281E-08
   269.214996       9.50696020E-08
   269.329987       9.78781856E-08
   269.445007       1.00697335E-07
   269.559998       1.03526148E-07
   269.674988       1.06364084E-07
   269.790009       1.09210774E-07
   269.904999       1.12065976E-07
   270.019989       1.14929186E-07
   270.135010       1.17799608E-07
   270.250000       1.20675978E-07
   270.364990       1.23556632E-07
   270.480011       1.26439630E-07
   270.595001       1.29323041E-07
   270.709991       1.32205315E-07
   270.825012       1.35085358E-07
   270.940002       1.37962786E-07
   271.054993       1.40837741E-07
   271.170013       1.43710878E-07
   271.285004       1.46582934E-07
   271.399994       1.49454507E-07
   271.515015       1.52325882E-07
   271.630005       1.55196801E-07
   271.744995       1.58066612E-07
   271.859985       1.60934334E-07
   271.975006       1.63798987E-07
   272.089996       1.66659703E-07
   272.204987       1.69515999E-07
   272.320007       1.72367763E-07
   272.434998       1.75215121E-07
   272.549988       1.78058102E-07
   272.665009       1.80896635E-07
   272.779999       1.83730052E-07
   272.894989       1.86557045E-07
   273.010010       1.89375712E-07
   273.125000       1.92183577E-07
   273.239990       1.94978000E-07
   273.355011       1.97756393E-07
   273.470001       2.00516567E-07
   273.584991       2.03256874E-07
   273.700012       2.05976249E-07
   273.815002       2.08674024E-07
   273.929993       2.11349729E-07
   274.045013       2.14002796E-07
   274.160004       2.16632287E-07
   274.274994       2.19236895E-07
   274.390015       2.21814943E-07
   274.505005       2.24364527E-07
   274.619995       2.26883870E-07
   274.734985       2.29371537E-07
   274.850006       2.31826675E-07
   274.964996       2.34249200E-07
   275.079987       2.36639565E-07
   275.195007       2.38998723E-07
   275.309998       2.41327854E-07
   275.424988       2.43627937E-07
   275.540009       2.45899827E-07
   275.654999       2.48144062E-07
   275.769989       2.50360955E-07
   275.885010       2.52550876E-07
   276.000000       2.54714422E-07
   276.114990       2.56852616E-07
   276.230011       2.58967049E-07
   276.345001       2.61059569E-07
   276.459991       2.63132250E-07
   276.575012       2.65186969E-07
   276.690002       2.67224948E-07
   276.804993       2.69246641E-07
   276.920013       2.71251537E-07
   277.035004       2.73238271E-07
   277.149994       2.75204826E-07
   277.265015       2.77148899E-07
   277.380005       2.79068246E-07
   277.494995       2.80961018E-07
   277.609985       2.82825567E-07
   277.725006       2.84660814E-07
   277.839996       2.86465735E-07
   277.954987       2.88239306E-07
   278.070007       2.89980221E-07
   278.184998       2.91686860E-07
   278.299988       2.93357147E-07
   278.415009       2.94988922E-07
   278.529999       2.96580225E-07
   278.644989       2.98129578E-07
   278.760010       2.99636270E-07
   278.875000       3.01100499E-07
   278.989990       3.02523233E-07
   279.105011       3.03906035E-07
   279.220001       3.05250666E-07
   279.334991       3.06558775E-07
   279.450012       3.07831556E-07
   279.565002       3.09069691E-07
   279.679993       3.10273407E-07
   279.795013       3.11442676E-07
   279.910004       3.12577441E-07
   280.024994       3.13677901E-07
   280.140015       3.14744597E-07
   280.255005       3.15778493E-07
   280.369995       3.16780785E-07
   280.484985       3.17752324E-07
   280.600006       3.18693736E-07
   280.714996       3.19604879E-07
   280.829987       3.20484759E-07
   280.945007       3.21331669E-07
   281.059998       3.22143421E-07
   281.174988       3.22917685E-07
   281.290009       3.23652444E-07
   281.404999       3.24346075E-07
   281.519989       3.24997757E-07
   281.635010       3.25607203E-07
   281.750000       3.26174586E-07
   281.864990       3.26700160E-07
   281.980011       3.27184068E-07
   282.095001       3.27625997E-07
   282.209991       3.28025351E-07
   282.325012       3.28381134E-07
   282.440002       3.28692323E-07
   282.554993       3.28958123E-07
   282.670013       3.29178221E-07
   282.785004       3.29352957E-07
   282.899994       3.29483129E-07
   283.015015       3.29570042E-07
   283.130005       3.29615091E-07
   283.244995       3.29619439E-07
   283.359985       3.29584026E-07
   283.475006       3.29509191E-07
   283.589996       3.29394908E-07
   283.704987       3.29240976E-07
   283.820007       3.29047310E-07
   283.934998       3.28814025E-07
   284.049988       3.28541830E-07
   284.165009       3.28231806E-07
   284.279999       3.27885260E-07
   284.394989       3.27503528E-07
   284.510010       3.27087662E-07
   284.625000       3.26637945E-07
   284.739990       3.26153980E-07
   284.855011       3.25634574E-07
   284.970001       3.25077906E-07
   285.084991       3.24481874E-07
   285.200012       3.23844574E-07
   285.315002       3.23164357E-07
   285.429993       3.22440115E-07
   285.545013       3.21671308E-07
   285.660004       3.20857822E-07
   285.774994       3.19999742E-07
   285.890015       3.19097239E-07
   286.005005       3.18150143E-07
   286.119995       3.17158140E-07
   286.234985       3.16120776E-07
   286.350006       3.15037681E-07
   286.464996       3.13908714E-07
   286.579987       3.12734414E-07
   286.695007       3.11515947E-07
   286.809998       3.10255160E-07
   286.924988       3.08954469E-07
   287.040009       3.07616290E-07
   287.154999       3.06243038E-07
   287.269989       3.04836703E-07
   287.385010       3.03398679E-07
   287.500000       3.01929703E-07
   287.614990       3.00430145E-07
   287.730011       2.98900204E-07
   287.845001       2.97340023E-07
   287.959991       2.95750141E-07
   288.075012       2.94131439E-07
   288.190002       2.92485083E-07
   288.304993       2.90812466E-07
   288.420013       2.89114809E-07
   288.535004       2.87392908E-07
   288.649994       2.85647047E-07
   288.765015       2.83876886E-07
   288.880005       2.82081459E-07
   288.994995       2.80259457E-07
   289.109985       2.78409658E-07
   289.225006       2.76530841E-07
   289.339996       2.74622181E-07
   289.454987       2.72683394E-07
   289.570007       2.70714452E-07
   289.684998       2.68715638E-07
   289.799988       2.66687209E-07
   289.915009       2.64629278E-07
   290.029999       2.62541704E-07
   290.144989       2.60424343E-07
   290.260010       2.58276941E-07
   290.375000       2.56099668E-07
   290.489990       2.53893035E-07
   290.605011       2.51658292E-07
   290.720001       2.49397431E-07
   290.834991       2.47112979E-07
   290.950012       2.44807694E-07
   291.065002       2.42484361E-07
   291.179993       2.40145397E-07
   291.295013       2.37792634E-07
   291.410004       2.35427152E-07
   291.524994       2.33049420E-07
   291.640015       2.30659381E-07
   291.755005       2.28256823E-07
   291.869995       2.25841561E-07
   291.984985       2.23413494E-07
   292.100006       2.20972836E-07
   292.214996       2.18519858E-07
   292.329987       2.16054772E-07
   292.445007       2.13577479E-07
   292.559998       2.11087510E-07
   292.674988       2.08583828E-07
   292.790009       2.06065124E-07
   292.904999       2.03529950E-07
   293.019989       2.00977027E-07
   293.135010       1.98405615E-07
   293.250000       1.95815645E-07
   293.364990       1.93207896E-07
   293.480011       1.90583876E-07
   293.595001       1.87945460E-07
   293.709991       1.85294738E-07
   293.825012       1.82633528E-07
   293.940002       1.79963266E-07
   294.054993       1.77284861E-07
   294.170013       1.74598782E-07
   294.285004       1.71905199E-07
   294.399994       1.69204341E-07
   294.515015       1.66496591E-07
   294.630005       1.63782673E-07
   294.744995       1.61063653E-07
   294.859985       1.58340811E-07
   294.975006       1.55615410E-07
   295.089996       1.52888518E-07
   295.204987       1.50160787E-07
   295.320007       1.47432473E-07
   295.434998       1.44703421E-07
   295.549988       1.41973402E-07
   295.665009       1.39242360E-07
   295.779999       1.36510508E-07
   295.894989       1.33778585E-07
   296.010010       1.31047912E-07
   296.125000       1.28320039E-07
   296.239990       1.25596728E-07
   296.355011       1.22879413E-07
   296.470001       1.20169133E-07
   296.584991       1.17466215E-07
   296.700012       1.14770373E-07
   296.815002       1.12080848E-07
   296.929993       1.09396581E-07
   297.045013       1.06716520E-07
   297.160004       1.04039877E-07
   297.274994       1.01366190E-07
   297.390015       9.86953879E-08
   297.505005       9.60275770E-08
   297.619995       9.33628712E-08
   297.734985       9.07011923E-08
   297.850006       8.80421069E-08
   297.964996       8.53849258E-08
   298.079987       8.27287536E-08
   298.195007       8.00728088E-08
   298.309998       7.74166509E-08
   298.424988       7.47604716E-08
   298.540009       7.21052231E-08
   298.654999       6.94525895E-08
   298.769989       6.68048372E-08
   298.885010       6.41645670E-08
   299.000000       6.15344149E-08
   299.114990       5.89166973E-08
   299.230011       5.63133149E-08
   299.345001       5.37257101E-08
   299.459991       5.11549025E-08
   299.575012       4.86017981E-08
   299.690002       4.60672140E-08
   299.804993       4.35521770E-08
   299.920013       4.10579233E-08
   300.035004       3.85858350E-08
   300.149994       3.61372905E-08
   300.265015       3.37134267E-08
   300.380005       3.13149577E-08
   300.494995       2.89420932E-08
   300.609985       2.65944724E-08
   300.725006       2.42713885E-08
   300.839996       2.19719851E-08
   300.954987       1.96954826E-08
   301.070007       1.74414900E-08
   301.184998       1.52101673E-08
   301.299988       1.30021638E-08
   301.415009       1.08185629E-08
   301.529999       8.66061800E-09
   301.644989       6.52960619E-09
   301.760010       4.42656711E-09
   301.875000       2.35219777E-09
   301.989990       3.06874193E-10
   302.105011      -1.70925119E-09
   302.220001      -3.69605258E-09
   302.334991      -5.65328007E-09
   302.450012      -7.58037189E-09
   302.565002      -9.47649781E-09
   302.679993      -1.13406049E-08
   302.795013      -1.31716043E-08
   302.910004      -1.49686468E-08
   303.024994      -1.67312635E-08
   303.140015      -1.84595716E-08
   303.255005      -2.01542374E-08
   303.369995      -2.18164367E-08
   303.484985      -2.34475621E-08
   303.600006      -2.50490118E-08
   303.714996      -2.66219633E-08
   303.829987      -2.81671664E-08
   303.945007      -2.96849425E-08
   304.059998      -3.11752331E-08
   304.174988      -3.26377823E-08
   304.290009      -3.40723538E-08
   304.404999      -3.54788838E-08
   304.519989      -3.68575961E-08
   304.635010      -3.82089951E-08
   304.750000      -3.95337487E-08
   304.864990      -4.08324503E-08
   304.980011      -4.21054658E-08
   305.095001      -4.33527063E-08
   305.209991      -4.45735964E-08
   305.325012      -4.57670879E-08
   305.440002      -4.69318024E-08
   305.554993      -4.80662408E-08
   305.670013      -4.91690280E-08
   305.785004      -5.02390307E-08
   305.899994      -5.12754497E-08
   306.015015      -5.22777164E-08
   306.130005      -5.32453939E-08
   306.244995      -5.41779777E-08
   306.359985      -5.50747075E-08
   306.475006      -5.59345317E-08
   306.589996      -5.67561251E-08
   306.704987      -5.75380419E-08
   306.820007      -5.82789816E-08
   306.934998      -5.89780100E-08
   307.049988      -5.96348144E-08
   307.165009      -6.02497607E-08
   307.279999      -6.08238935E-08
   307.394989      -6.13586764E-08
   307.510010      -6.18558289E-08
   307.625000      -6.23169711E-08
   307.739990      -6.27433820E-08
   307.855011      -6.31358574E-08
   307.970001      -6.34947313E-08
   308.084991      -6.38199538E-08
   308.200012      -6.41112408E-08
   308.315002      -6.43683506E-08
   308.429993      -6.45911129E-08
   308.545013      -6.47795346E-08
   308.660004      -6.49337153E-08
   308.774994      -6.50536336E-08
   308.890015      -6.51390053E-08
   309.005005      -6.51891199E-08
   309.119995      -6.52027552E-08
   309.234985      -6.51782415E-08
   309.350006      -6.51136460E-08
   309.464996      -6.50070788E-08
   309.579987      -6.48569340E-08
   309.695007      -6.46621032E-08
   309.809998      -6.44221032E-08
   309.924988      -6.41370690E-08
   310.040009      -6.38075122E-08
   310.154999      -6.34341362E-08
   310.269989      -6.30176231E-08
   310.385010      -6.25583283E-08
