   0.00000000       0.00000000    
  0.115000002       0.00000000    
  0.230000004       0.00000000    
  0.344999999      -2.45138321E-23
  0.460000008       1.00471023E-22
  0.574999988       1.55524920E-21
  0.689999998       7.17174396E-21
  0.805000007       1.95961543E-20
  0.920000017       3.42628485E-20
   1.03499997       2.69659926E-20
   1.14999998      -5.84959640E-20
   1.26499999      -3.10254355E-19
   1.38000000      -8.19639672E-19
   1.49500000      -1.61142673E-18
   1.61000001      -2.53530134E-18
   1.72500002      -3.14492477E-18
   1.84000003      -2.61802126E-18
   1.95500004       2.10112445E-19
   2.06999993       6.62874956E-18
   2.18499994       1.76096926E-17
   2.29999995       3.31638446E-17
   2.41499996       5.16044401E-17
   2.52999997       6.89144616E-17
   2.64499998       7.84828370E-17
   2.75999999       7.14911689E-17
   2.87500000       3.81772903E-17
   2.99000001      -2.99373472E-17
   3.10500002      -1.36987727E-16
   3.22000003      -2.79276133E-16
   3.33500004      -4.42041111E-16
   3.45000005      -5.97406091E-16
   3.56500006      -7.04542894E-16
   3.68000007      -7.13007189E-16
   3.79500008      -5.69870109E-16
   3.91000009      -2.30657262E-16
   4.02500010       3.26765115E-16
   4.13999987       1.08725446E-15
   4.25500011       1.98532961E-15
   4.36999989       2.89767600E-15
   4.48500013       3.64514827E-15
   4.59999990       4.00762585E-15
   4.71500015       3.75352232E-15
   4.82999992       2.68320895E-15
   4.94500017       6.82327126E-16
   5.05999994      -2.22262589E-15
   5.17500019      -5.81714742E-15
   5.28999996      -9.67260634E-15
   5.40500021      -1.31534925E-14
   5.51999998      -1.54675433E-14
   5.63500023      -1.57626038E-14
   5.75000000      -1.32659954E-14
   5.86499977      -7.45280404E-15
   5.98000002       1.77991438E-15
   6.09499979       1.39632094E-14
   6.21000004       2.79644590E-14
   6.32499981       4.19855936E-14
   6.44000006       5.36752785E-14
   6.55499983       6.03649211E-14
   6.67000008       5.94195036E-14
   6.78499985       4.86731898E-14
   6.90000010       2.68986256E-14
   7.01499987      -5.75724652E-15
   7.13000011      -4.74470859E-14
   7.24499989      -9.44816735E-14
   7.36000013      -1.41434322E-13
   7.47499990      -1.81527861E-13
   7.59000015      -2.07305324E-13
   7.70499992      -2.11544554E-13
   7.82000017      -1.88333669E-13
   7.93499994      -1.34186824E-13
   8.05000019      -4.90521997E-14
   8.16499996       6.29474297E-14
   8.27999973       1.93190949E-13
   8.39500046       3.28771542E-13
   8.51000023       4.53312762E-13
   8.62500000       5.48386965E-13
   8.73999977       5.95456301E-13
   8.85499954       5.78177317E-13
   8.97000027       4.84840412E-13
   9.08500004       3.10664146E-13
   9.19999981       5.96416091E-14
   9.31499958      -2.54350685E-13
   9.43000031      -6.07424755E-13
   9.54500008      -9.66693631E-13
   9.65999985      -1.29246982E-12
   9.77499962      -1.54157188E-12
   9.89000034      -1.67151991E-12
   10.0050001      -1.64528341E-12
   10.1199999      -1.43614200E-12
   10.2349997      -1.03216285E-12
   10.3500004      -4.39788071E-13
   10.4650002       3.13934236E-13
   10.5799999       1.18085175E-12
   10.6949997       2.09316744E-12
   10.8100004       2.96691794E-12
   10.9250002       3.70734433E-12
   11.0400000       4.21582734E-12
   11.1549997       4.39790955E-12
   11.2700005       4.17178184E-12
   11.3850002       3.47656929E-12
   11.5000000       2.27969965E-12
   11.6149998       5.82732647E-13
   11.7299995      -1.57488540E-12
   11.8450003      -4.11451472E-12
   11.9600000      -6.91964498E-12
   12.0749998      -9.83983641E-12
   12.1899996      -1.26970942E-11
   12.3050003      -1.52943058E-11
   12.4200001      -1.74253112E-11
   12.5349998      -1.88860507E-11
   12.6499996      -1.94862407E-11
   12.7650003      -1.90610704E-11
   12.8800001      -1.74823940E-11
   12.9949999      -1.46690420E-11
   13.1099997      -1.05958228E-11
   13.2250004      -5.30091812E-12
   13.3400002       1.10864811E-12
   13.4549999       8.45379322E-12
   13.5699997       1.64827423E-11
   13.6850004       2.48732909E-11
   13.8000002       3.32383565E-11
   13.9150000       4.11351023E-11
   14.0299997       4.80778195E-11
   14.1450005       5.35546746E-11
   14.2600002       5.70481336E-11
   14.3750000       5.80586135E-11
   14.4899998       5.61306383E-11
   14.6049995       5.08803902E-11
   14.7200003       4.20233189E-11
   14.8350000       2.94000553E-11
   14.9499998       1.29990246E-11
   15.0649996      -7.02619169E-12
   15.1800003      -3.03462741E-11
   15.2950001      -5.64539561E-11
   15.4099998      -8.46709508E-11
   15.5249996      -1.14164636E-10
   15.6400003      -1.43974277E-10
   15.7550001      -1.73046175E-10
   15.8699999      -2.00275893E-10
   15.9849997      -2.24556360E-10
   16.1000004      -2.44828852E-10
   16.2150002      -2.60134331E-10
   16.3299999      -2.69662709E-10
   16.4449997      -2.72796702E-10
   16.5599995      -2.69148426E-10
   16.6749992      -2.58585930E-10
   16.7900009      -2.41248577E-10
   16.9050007      -2.17550006E-10
   17.0200005      -1.88168342E-10
   17.1350002      -1.54024196E-10
   17.2500000      -1.16247172E-10
   17.3649998      -7.61331276E-11
   17.4799995      -3.50935288E-11
   17.5949993       5.39955884E-12
   17.7099991       4.38705357E-11
   17.8250008       7.88964102E-11
   17.9400005       1.09158994E-10
   18.0550003       1.33490607E-10
   18.1700001       1.50911394E-10
   18.2849998       1.60656266E-10
   18.3999996       1.62190816E-10
   18.5149994       1.55215674E-10
   18.6299992       1.39660006E-10
   18.7450008       1.15664804E-10
   18.8600006       8.35574665E-11
   18.9750004       4.38195868E-11
   19.0900002      -2.95055430E-12
   19.2049999      -5.60783538E-11
   19.3199997      -1.14855091E-10
   19.4349995      -1.78579831E-10
   19.5499992      -2.46600518E-10
   19.6650009      -3.18352511E-10
   19.7800007      -3.93396121E-10
   19.8950005      -4.71449380E-10
   20.0100002      -5.52419277E-10
   20.1250000      -6.36428132E-10
   20.2399998      -7.23836546E-10
   20.3549995      -8.15260637E-10
   20.4699993      -9.11583364E-10
   20.5849991      -1.01395736E-09
   20.7000008      -1.12380105E-09
   20.8150005      -1.24278232E-09
   20.9300003      -1.37279343E-09
   21.0450001      -1.51591339E-09
   21.1599998      -1.67435965E-09
   21.2749996      -1.85043159E-09
   21.3899994      -2.04644413E-09
   21.5049992      -2.26465735E-09
   21.6200008      -2.50720578E-09
   21.7350006      -2.77602474E-09
   21.8500004      -3.07278669E-09
   21.9650002      -3.39884232E-09
   22.0799999      -3.75517306E-09
   22.1949997      -4.14235579E-09
   22.3099995      -4.56054261E-09
   22.4249992      -5.00944930E-09
   22.5400009      -5.48836043E-09
   22.6550007      -5.99614358E-09
   22.7700005      -6.53127064E-09
   22.8850002      -7.09184045E-09
   23.0000000      -7.67561392E-09
   23.1149998      -8.28003976E-09
   23.2299995      -8.90228424E-09
   23.3449993      -9.53925827E-09
   23.4599991      -1.01876374E-08
   23.5750008      -1.08438876E-08
   23.6900005      -1.15042731E-08
   23.8050003      -1.21648931E-08
   23.9200001      -1.28216895E-08
   24.0349998      -1.34704745E-08
   24.1499996      -1.41069574E-08
   24.2649994      -1.47267869E-08
   24.3799992      -1.53255879E-08
   24.4950008      -1.58990154E-08
   24.6100006      -1.64428062E-08
   24.7250004      -1.69528427E-08
   24.8400002      -1.74252275E-08
   24.9549999      -1.78563333E-08
   25.0699997      -1.82428916E-08
   25.1849995      -1.85820372E-08
   25.2999992      -1.88713809E-08
   25.4150009      -1.91090574E-08
   25.5300007      -1.92937701E-08
   25.6450005      -1.94248155E-08
   25.7600002      -1.95021137E-08
   25.8750000      -1.95262135E-08
   25.9899998      -1.94982874E-08
   26.1049995      -1.94201242E-08
   26.2199993      -1.92941023E-08
   26.3349991      -1.91231653E-08
   26.4500008      -1.89107681E-08
   26.5650005      -1.86608506E-08
   26.6800003      -1.83777633E-08
   26.7950001      -1.80662223E-08
   26.9099998      -1.77312298E-08
   27.0249996      -1.73780066E-08
   27.1399994      -1.70118977E-08
   27.2549992      -1.66382872E-08
   27.3700008      -1.62624847E-08
   27.4850006      -1.58896185E-08
   27.6000004      -1.55245079E-08
   27.7150002      -1.51715494E-08
   27.8299999      -1.48345674E-08
   27.9449997      -1.45167025E-08
   28.0599995      -1.42202747E-08
   28.1749992      -1.39466758E-08
   28.2900009      -1.36962646E-08
   28.4050007      -1.34682843E-08
   28.5200005      -1.32607987E-08
   28.6350002      -1.30706539E-08
   28.7500000      -1.28934641E-08
   28.8649998      -1.27236142E-08
   28.9799995      -1.25542954E-08
   29.0949993      -1.23775488E-08
   29.2099991      -1.21843309E-08
   29.3250008      -1.19645911E-08
   29.4400005      -1.17073498E-08
   29.5550003      -1.14007772E-08
   29.6700001      -1.10322897E-08
   29.7849998      -1.05886127E-08
   29.8999996      -1.00558761E-08
   30.0149994      -9.41967127E-09
   30.1299992      -8.66511307E-09
   30.2450008      -7.77689468E-09
   30.3600006      -6.73934952E-09
   30.4750004      -5.53651880E-09
   30.5900002      -4.15217860E-09
   30.7049999      -2.56992849E-09
   30.8199997      -7.73224651E-10
   30.9349995       1.25452004E-09
   31.0499992       3.52987173E-09
   31.1650009       6.06931216E-09
   31.2800007       8.88912233E-09
   31.3950005       1.20053176E-08
   31.5100002       1.54335531E-08
   31.6250000       1.91890432E-08
   31.7399998       2.32864767E-08
   31.8549995       2.77399490E-08
   31.9699993       3.25629230E-08
   32.0849991       3.77681566E-08
   32.2000008       4.33676668E-08
   32.3149986       4.93727192E-08
   32.4300003       5.57937483E-08
   32.5449982       6.26404244E-08
   32.6599998       6.99215690E-08
   32.7750015       7.76451188E-08
   32.8899994       8.58181934E-08
   33.0050011       9.44469392E-08
   33.1199989       1.03536586E-07
   33.2350006       1.13091374E-07
   33.3499985       1.23114475E-07
   33.4650002       1.33607998E-07
   33.5800018       1.44572951E-07
   33.6949997       1.56009122E-07
   33.8100014       1.67915246E-07
   33.9249992       1.80288822E-07
   34.0400009       1.93126240E-07
   34.1549988       2.06422925E-07
   34.2700005       2.20173177E-07
   34.3849983       2.34370603E-07
   34.5000000       2.49007968E-07
   34.6150017       2.64077499E-07
   34.7299995       2.79571111E-07
   34.8450012       2.95480248E-07
   34.9599991       3.11796441E-07
   35.0750008       3.28510993E-07
   35.1899986       3.45615518E-07
   35.3050003       3.63101691E-07
   35.4199982       3.80961467E-07
   35.5349998       3.99187144E-07
   35.6500015       4.17771219E-07
   35.7649994       4.36706443E-07
   35.8800011       4.55985969E-07
   35.9949989       4.75602945E-07
   36.1100006       4.95550751E-07
   36.2249985       5.15822933E-07
   36.3400002       5.36412927E-07
   36.4550018       5.57314195E-07
   36.5699997       5.78520144E-07
   36.6850014       6.00024009E-07
   36.7999992       6.21819026E-07
   36.9150009       6.43898090E-07
   37.0299988       6.66253982E-07
   37.1450005       6.88879311E-07
   37.2599983       7.11766290E-07
   37.3750000       7.34907019E-07
   37.4900017       7.58293197E-07
   37.6049995       7.81916299E-07
   37.7200012       8.05767399E-07
   37.8349991       8.29837404E-07
   37.9500008       8.54116649E-07
   38.0649986       8.78595301E-07
   38.1800003       9.03262958E-07
   38.2949982       9.28108932E-07
   38.4099998       9.53122139E-07
   38.5250015       9.78290927E-07
   38.6399994       1.00360353E-06
   38.7550011       1.02904755E-06
   38.8699989       1.05461027E-06
   38.9850006       1.08027871E-06
   39.0999985       1.10603958E-06
   39.2150002       1.13187957E-06
   39.3300018       1.15778516E-06
   39.4449997       1.18374237E-06
   39.5600014       1.20973777E-06
   39.6749992       1.23575762E-06
   39.7900009       1.26178838E-06
   39.9049988       1.28781630E-06
   40.0200005       1.31382831E-06
   40.1349983       1.33981098E-06
   40.2500000       1.36575125E-06
   40.3650017       1.39163581E-06
   40.4799995       1.41745170E-06
   40.5950012       1.44318597E-06
   40.7099991       1.46882530E-06
   40.8250008       1.49435675E-06
   40.9399986       1.51976735E-06
   41.0550003       1.54504392E-06
   41.1699982       1.57017337E-06
   41.2849998       1.59514252E-06
   41.4000015       1.61993887E-06
   41.5149994       1.64454957E-06
   41.6300011       1.66896245E-06
   41.7449989       1.69316559E-06
   41.8600006       1.71714748E-06
   41.9749985       1.74089701E-06
   42.0900002       1.76440392E-06
   42.2050018       1.78765788E-06
   42.3199997       1.81064968E-06
   42.4350014       1.83337022E-06
   42.5499992       1.85581086E-06
   42.6650009       1.87796331E-06
   42.7799988       1.89981915E-06
   42.8950005       1.92137077E-06
   43.0099983       1.94260997E-06
   43.1250000       1.96352880E-06
   43.2400017       1.98411931E-06
   43.3549995       2.00437307E-06
   43.4700012       2.02428191E-06
   43.5849991       2.04383673E-06
   43.7000008       2.06302934E-06
   43.8149986       2.08184997E-06
   43.9300003       2.10028975E-06
   44.0449982       2.11833958E-06
   44.1599998       2.13598969E-06
   44.2750015       2.15323075E-06
   44.3899994       2.17005299E-06
   44.5050011       2.18644709E-06
   44.6199989       2.20240304E-06
   44.7350006       2.21791106E-06
   44.8499985       2.23296115E-06
   44.9650002       2.24754353E-06
   45.0800018       2.26164752E-06
   45.1949997       2.27526266E-06
   45.3100014       2.28837848E-06
   45.4249992       2.30098340E-06
   45.5400009       2.31306603E-06
   45.6549988       2.32461480E-06
   45.7700005       2.33561718E-06
   45.8849983       2.34606046E-06
   46.0000000       2.35593234E-06
   46.1150017       2.36521942E-06
   46.2299995       2.37390850E-06
   46.3450012       2.38198618E-06
   46.4599991       2.38943926E-06
   46.5750008       2.39625388E-06
   46.6899986       2.40241707E-06
   46.8050003       2.40791564E-06
   46.9199982       2.41273710E-06
   47.0349998       2.41686917E-06
   47.1500015       2.42030023E-06
   47.2649994       2.42301917E-06
   47.3800011       2.42501619E-06
   47.4949989       2.42628175E-06
   47.6100006       2.42680699E-06
   47.7249985       2.42658462E-06
   47.8400002       2.42560736E-06
   47.9550018       2.42386932E-06
   48.0699997       2.42136457E-06
   48.1850014       2.41808880E-06
   48.2999992       2.41403768E-06
   48.4150009       2.40920758E-06
   48.5299988       2.40359509E-06
   48.6450005       2.39719770E-06
   48.7599983       2.39001292E-06
   48.8750000       2.38203756E-06
   48.9900017       2.37327004E-06
   49.1049995       2.36370693E-06
   49.2200012       2.35334596E-06
   49.3349991       2.34218419E-06
   49.4500008       2.33021819E-06
   49.5649986       2.31744457E-06
   49.6800003       2.30385922E-06
   49.7949982       2.28945783E-06
   49.9099998       2.27423629E-06
   50.0250015       2.25818962E-06
   50.1399994       2.24131350E-06
   50.2550011       2.22360313E-06
   50.3699989       2.20505353E-06
   50.4850006       2.18566015E-06
   50.5999985       2.16541889E-06
   50.7150002       2.14432589E-06
   50.8300018       2.12237796E-06
   50.9449997       2.09957216E-06
   51.0600014       2.07590665E-06
   51.1749992       2.05137917E-06
   51.2900009       2.02598926E-06
   51.4049988       1.99973670E-06
   51.5200005       1.97262170E-06
   51.6349983       1.94464542E-06
   51.7500000       1.91580943E-06
   51.8650017       1.88611614E-06
   51.9799995       1.85556837E-06
   52.0950012       1.82416954E-06
   52.2099991       1.79192364E-06
   52.3250008       1.75883520E-06
   52.4399986       1.72490957E-06
   52.5550003       1.69015232E-06
   52.6699982       1.65456970E-06
   52.7849998       1.61816831E-06
   52.9000015       1.58095554E-06
   53.0149994       1.54293878E-06
   53.1300011       1.50412632E-06
   53.2449989       1.46452601E-06
   53.3600006       1.42414638E-06
   53.4749985       1.38299606E-06
   53.5900002       1.34108370E-06
   53.7050018       1.29841760E-06
   53.8199997       1.25500640E-06
   53.9350014       1.21085861E-06
   54.0499992       1.16598210E-06
   54.1650009       1.12038515E-06
   54.2799988       1.07407550E-06
   54.3950005       1.02706110E-06
   54.5099983       9.79349466E-07
   54.6250000       9.30949170E-07
   54.7400017       8.81867891E-07
   54.8549995       8.32114324E-07
   54.9700012       7.81696883E-07
   55.0849991       7.30625345E-07
   55.2000008       6.78909430E-07
   55.3149986       6.26559768E-07
   55.4300003       5.73587727E-07
   55.5449982       5.20004960E-07
   55.6599998       4.65824399E-07
   55.7750015       4.11059006E-07
   55.8899994       3.55722875E-07
   56.0050011       2.99830276E-07
   56.1199989       2.43395931E-07
   56.2350006       1.86434889E-07
   56.3499985       1.28962427E-07
   56.4650002       7.09940409E-08
   56.5800018       1.25453692E-08
   56.6949997      -4.63682106E-08
   56.8100014      -1.05731004E-07
   56.9249992      -1.65527567E-07
   57.0400009      -2.25742781E-07
   57.1549988      -2.86361058E-07
   57.2700005      -3.47367433E-07
   57.3849983      -4.08746615E-07
   57.5000000      -4.70483315E-07
   57.6150017      -5.32562581E-07
   57.7299995      -5.94968981E-07
   57.8450012      -6.57687394E-07
   57.9599991      -7.20702531E-07
   58.0750008      -7.83998530E-07
   58.1899986      -8.47560045E-07
   58.3050003      -9.11371330E-07
   58.4199982      -9.75416583E-07
   58.5349998      -1.03967977E-06
   58.6500015      -1.10414499E-06
   58.7649994      -1.16879619E-06
   58.8800011      -1.23361724E-06
   58.9949989      -1.29859166E-06
   59.1100006      -1.36370340E-06
   59.2249985      -1.42893566E-06
   59.3400002      -1.49427183E-06
   59.4550018      -1.55969508E-06
   59.5699997      -1.62518779E-06
   59.6850014      -1.69073269E-06
   59.7999992      -1.75631169E-06
   59.9150009      -1.82190706E-06
   60.0299988      -1.88749993E-06
   60.1450005      -1.95307166E-06
   60.2599983      -2.01860280E-06
   60.3750000      -2.08407482E-06
   60.4900017      -2.14946749E-06
   60.6049995      -2.21476239E-06
   60.7200012      -2.27993974E-06
   60.8349991      -2.34498043E-06
   60.9500008      -2.40986492E-06
   61.0649986      -2.47457410E-06
   61.1800003      -2.53908934E-06
   61.2949982      -2.60339152E-06
   61.4099998      -2.66746133E-06
   61.5250015      -2.73128012E-06
   61.6399994      -2.79482879E-06
   61.7550011      -2.85808846E-06
   61.8699989      -2.92103937E-06
   61.9850006      -2.98366240E-06
   62.0999985      -3.04593755E-06
   62.2150002      -3.10784549E-06
   62.3300018      -3.16936553E-06
   62.4449997      -3.23047766E-06
   62.5600014      -3.29116142E-06
   62.6749992      -3.35139589E-06
   62.7900009      -3.41116061E-06
   62.9049988      -3.47043419E-06
   63.0200005      -3.52919596E-06
   63.1349983      -3.58742454E-06
   63.2500000      -3.64509924E-06
   63.3650017      -3.70219891E-06
   63.4799995      -3.75870286E-06
   63.5950012      -3.81458995E-06
   63.7099991      -3.86984038E-06
   63.8250008      -3.92443326E-06
   63.9399986      -3.97834947E-06
   64.0550003      -4.03156901E-06
   64.1699982      -4.08407368E-06
   64.2850037      -4.13584348E-06
   64.4000015      -4.18686022E-06
   64.5149994      -4.23710571E-06
   64.6299973      -4.28656222E-06
   64.7450027      -4.33521154E-06
   64.8600006      -4.38303732E-06
   64.9749985      -4.43002227E-06
   65.0899963      -4.47614957E-06
   65.2050018      -4.52140375E-06
   65.3199997      -4.56576890E-06
   65.4349976      -4.60922911E-06
   65.5500031      -4.65176981E-06
   65.6650009      -4.69337647E-06
   65.7799988      -4.73403452E-06
   65.8949966      -4.77373032E-06
   66.0100021      -4.81245024E-06
   66.1250000      -4.85018063E-06
   66.2399979      -4.88690875E-06
   66.3550034      -4.92262097E-06
   66.4700012      -4.95730410E-06
   66.5849991      -4.99094540E-06
   66.6999969      -5.02353214E-06
   66.8150024      -5.05505022E-06
   66.9300003      -5.08548646E-06
   67.0449982      -5.11482813E-06
   67.1600037      -5.14306112E-06
   67.2750015      -5.17017179E-06
   67.3899994      -5.19614650E-06
   67.5049973      -5.22097162E-06
   67.6200027      -5.24463303E-06
   67.7350006      -5.26711756E-06
   67.8499985      -5.28841156E-06
   67.9649963      -5.30850184E-06
   68.0800018      -5.32737567E-06
   68.1949997      -5.34502078E-06
   68.3099976      -5.36142443E-06
   68.4250031      -5.37657570E-06
   68.5400009      -5.39046368E-06
   68.6549988      -5.40307883E-06
   68.7699966      -5.41441204E-06
   68.8850021      -5.42445605E-06
   69.0000000      -5.43320357E-06
   69.1149979      -5.44064915E-06
   69.2300034      -5.44678869E-06
   69.3450012      -5.45161856E-06
   69.4599991      -5.45513694E-06
   69.5749969      -5.45734247E-06
   69.6900024      -5.45823468E-06
   69.8050003      -5.45781359E-06
   69.9199982      -5.45608100E-06
   70.0350037      -5.45303692E-06
   70.1500015      -5.44868317E-06
   70.2649994      -5.44302156E-06
   70.3799973      -5.43605211E-06
   70.4950027      -5.42777661E-06
   70.6100006      -5.41819463E-06
   70.7249985      -5.40730662E-06
   70.8399963      -5.39511120E-06
   70.9550018      -5.38160793E-06
   71.0699997      -5.36679408E-06
   71.1849976      -5.35066874E-06
   71.3000031      -5.33322873E-06
   71.4150009      -5.31447222E-06
   71.5299988      -5.29439558E-06
   71.6449966      -5.27299699E-06
   71.7600021      -5.25027372E-06
   71.8750000      -5.22622395E-06
   71.9899979      -5.20084586E-06
   72.1050034      -5.17413764E-06
   72.2200012      -5.14609928E-06
   72.3349991      -5.11672988E-06
   72.4499969      -5.08602943E-06
   72.5650024      -5.05399976E-06
   72.6800003      -5.02064131E-06
   72.7949982      -4.98595591E-06
   72.9100037      -4.94994720E-06
   73.0250015      -4.91261699E-06
   73.1399994      -4.87396937E-06
   73.2549973      -4.83400981E-06
   73.3700027      -4.79274331E-06
   73.4850006      -4.75017578E-06
   73.5999985      -4.70631448E-06
   73.7149963      -4.66116762E-06
   73.8300018      -4.61474474E-06
   73.9449997      -4.56705493E-06
   74.0599976      -4.51811002E-06
   74.1750031      -4.46792183E-06
   74.2900009      -4.41650354E-06
   74.4049988      -4.36386836E-06
   74.5199966      -4.31003173E-06
   74.6350021      -4.25500775E-06
   74.7500000      -4.19881280E-06
   74.8649979      -4.14146143E-06
   74.9800034      -4.08297046E-06
   75.0950012      -4.02335581E-06
   75.2099991      -3.96263340E-06
   75.3249969      -3.90081914E-06
   75.4400024      -3.83792894E-06
   75.5550003      -3.77397896E-06
   75.6699982      -3.70898510E-06
   75.7850037      -3.64296352E-06
   75.9000015      -3.57592990E-06
   76.0149994      -3.50790060E-06
   76.1299973      -3.43889201E-06
   76.2450027      -3.36892094E-06
   76.3600006      -3.29800400E-06
   76.4749985      -3.22615847E-06
   76.5899963      -3.15340185E-06
   76.7050018      -3.07975188E-06
   76.8199997      -3.00522652E-06
   76.9349976      -2.92984396E-06
   77.0500031      -2.85362307E-06
   77.1650009      -2.77658296E-06
   77.2799988      -2.69874249E-06
   77.3949966      -2.62012122E-06
   77.5100021      -2.54073871E-06
   77.6250000      -2.46061495E-06
   77.7399979      -2.37976997E-06
   77.8550034      -2.29822376E-06
   77.9700012      -2.21599703E-06
   78.0849991      -2.13311023E-06
   78.1999969      -2.04958428E-06
   78.3150024      -1.96543988E-06
   78.4300003      -1.88069862E-06
   78.5449982      -1.79538142E-06
   78.6600037      -1.70951023E-06
   78.7750015      -1.62310653E-06
   78.8899994      -1.53619192E-06
   79.0049973      -1.44878868E-06
   79.1200027      -1.36091865E-06
   79.2350006      -1.27260444E-06
   79.3499985      -1.18386811E-06
   79.4649963      -1.09473183E-06
   79.5800018      -1.00521822E-06
   79.6949997      -9.15349517E-07
   79.8099976      -8.25148049E-07
   79.9250031      -7.34636785E-07
   80.0400009      -6.43838234E-07
   80.1549988      -5.52775134E-07
   80.2699966      -4.61470478E-07
   80.3850021      -3.69947259E-07
   80.5000000      -2.78228782E-07
   80.6149979      -1.86338212E-07
   80.7300034      -9.42992742E-08
   80.8450012      -2.13615703E-09
   80.9599991       9.01271306E-08
   81.0749969       1.82465939E-07
   81.1900024       2.74855381E-07
   81.3050003       3.67270928E-07
   81.4199982       4.59686902E-07
   81.5350037       5.52077438E-07
   81.6500015       6.44416957E-07
   81.7649994       7.36678828E-07
   81.8799973       8.28837244E-07
   81.9950027       9.20864863E-07
   82.1100006       1.01273463E-06
   82.2249985       1.10441920E-06
   82.3399963       1.19589060E-06
   82.4550018       1.28712099E-06
   82.5699997       1.37808229E-06
   82.6849976       1.46874595E-06
   82.8000031       1.55908458E-06
   82.9150009       1.64906987E-06
   83.0299988       1.73867397E-06
   83.1449966       1.82787016E-06
   83.2600021       1.91663116E-06
   83.3750000       2.00493150E-06
   83.4899979       2.09274481E-06
   83.6050034       2.18004629E-06
   83.7200012       2.26681186E-06
   83.8349991       2.35301763E-06
   83.9499969       2.43864088E-06
   84.0650024       2.52365862E-06
   84.1800003       2.60804927E-06
   84.2949982       2.69179168E-06
   84.4100037       2.77486424E-06
   84.5250015       2.85724695E-06
   84.6399994       2.93891935E-06
   84.7549973       3.01986142E-06
   84.8700027       3.10005316E-06
   84.9850006       3.17947524E-06
   85.0999985       3.25810811E-06
   85.2149963       3.33593312E-06
   85.3300018       3.41293139E-06
   85.4449997       3.48908407E-06
   85.5599976       3.56437204E-06
   85.6750031       3.63877757E-06
   85.7900009       3.71228111E-06
   85.9049988       3.78486448E-06
   86.0199966       3.85650901E-06
   86.1350021       3.92719585E-06
   86.2500000       3.99690543E-06
   86.3649979       4.06561958E-06
   86.4800034       4.13331873E-06
   86.5950012       4.19998332E-06
   86.7099991       4.26559473E-06
   86.8249969       4.33013383E-06
   86.9400024       4.39358109E-06
   87.0550003       4.45591786E-06
   87.1699982       4.51712503E-06
   87.2850037       4.57718352E-06
   87.4000015       4.63607557E-06
   87.5149994       4.69378256E-06
   87.6299973       4.75028537E-06
   87.7450027       4.80556719E-06
   87.8600006       4.85960982E-06
   87.9749985       4.91239507E-06
   88.0899963       4.96390658E-06
   88.2050018       5.01412751E-06
   88.3199997       5.06304150E-06
   88.4349976       5.11063354E-06
   88.5500031       5.15688771E-06
   88.6650009       5.20178901E-06
   88.7799988       5.24532334E-06
   88.8949966       5.28747705E-06
   89.0100021       5.32823651E-06
   89.1250000       5.36758807E-06
   89.2399979       5.40551946E-06
   89.3550034       5.44201794E-06
   89.4700012       5.47707168E-06
   89.5849991       5.51066933E-06
   89.6999969       5.54279814E-06
   89.8150024       5.57344811E-06
   89.9300003       5.60260742E-06
   90.0449982       5.63026651E-06
   90.1600037       5.65641585E-06
   90.2750015       5.68104633E-06
   90.3899994       5.70415068E-06
   90.5049973       5.72572162E-06
   90.6200027       5.74575279E-06
   90.7350006       5.76424009E-06
   90.8499985       5.78117761E-06
   90.9649963       5.79656262E-06
   91.0800018       5.81039194E-06
   91.1949997       5.82266330E-06
   91.3099976       5.83337351E-06
   91.4250031       5.84252211E-06
   91.5400009       5.85010548E-06
   91.6549988       5.85612315E-06
   91.7699966       5.86057286E-06
   91.8850021       5.86345323E-06
   92.0000000       5.86476290E-06
   92.1149979       5.86450187E-06
   92.2300034       5.86266924E-06
   92.3450012       5.85926455E-06
   92.4599991       5.85428870E-06
   92.5749969       5.84774307E-06
   92.6900024       5.83962992E-06
   92.8050003       5.82995062E-06
   92.9199982       5.81870881E-06
   93.0350037       5.80590859E-06
   93.1500015       5.79155403E-06
   93.2649994       5.77565015E-06
   93.3799973       5.75820286E-06
   93.4950027       5.73921761E-06
   93.6100006       5.71870078E-06
   93.7249985       5.69665963E-06
   93.8399963       5.67310190E-06
   93.9550018       5.64803486E-06
   94.0699997       5.62146670E-06
   94.1849976       5.59340651E-06
   94.3000031       5.56386340E-06
   94.4150009       5.53284599E-06
   94.5299988       5.50036521E-06
   94.6449966       5.46642968E-06
   94.7600021       5.43105079E-06
   94.8750000       5.39423900E-06
   94.9899979       5.35600520E-06
   95.1050034       5.31636124E-06
   95.2200012       5.27531802E-06
   95.3349991       5.23288918E-06
   95.4499969       5.18908655E-06
   95.5650024       5.14392423E-06
   95.6800003       5.09741540E-06
   95.7949982       5.04957552E-06
   95.9100037       5.00041915E-06
   96.0250015       4.94996175E-06
   96.1399994       4.89821969E-06
   96.2549973       4.84520979E-06
   96.3700027       4.79094933E-06
   96.4850006       4.73545515E-06
   96.5999985       4.67874452E-06
   96.7149963       4.62083563E-06
   96.8300018       4.56174530E-06
   96.9449997       4.50149219E-06
   97.0599976       4.44009356E-06
   97.1750031       4.37756762E-06
   97.2900009       4.31393255E-06
   97.4049988       4.24920609E-06
   97.5199966       4.18340778E-06
   97.6350021       4.11655537E-06
   97.7500000       4.04866887E-06
   97.8649979       3.97976783E-06
   97.9800034       3.90987179E-06
   98.0950012       3.83900124E-06
   98.2099991       3.76717526E-06
   98.3249969       3.69441500E-06
   98.4400024       3.62074070E-06
   98.5550003       3.54617259E-06
   98.6699982       3.47073137E-06
   98.7850037       3.39443773E-06
   98.9000015       3.31731235E-06
   99.0149994       3.23937638E-06
   99.1299973       3.16065098E-06
   99.2450027       3.08115750E-06
   99.3600006       3.00091779E-06
   99.4749985       2.91995457E-06
   99.5899963       2.83829013E-06
   99.7050018       2.75594766E-06
   99.8199997       2.67295036E-06
   99.9349976       2.58932141E-06
   100.050003       2.50508447E-06
   100.165001       2.42026340E-06
   100.279999       2.33488163E-06
   100.394997       2.24896257E-06
   100.510002       2.16252943E-06
   100.625000       2.07560515E-06
   100.739998       1.98821340E-06
   100.855003       1.90037622E-06
   100.970001       1.81211726E-06
   101.084999       1.72345904E-06
   101.199997       1.63442462E-06
   101.315002       1.54503721E-06
   101.430000       1.45532033E-06
   101.544998       1.36529729E-06
   101.660004       1.27499197E-06
   101.775002       1.18442813E-06
   101.889999       1.09362963E-06
   102.004997       1.00262071E-06
   102.120003       9.11425388E-07
   102.235001       8.20067896E-07
   102.349998       7.28572502E-07
   102.464996       6.36963989E-07
   102.580002       5.45267085E-07
   102.695000       4.53506885E-07
   102.809998       3.61709027E-07
   102.925003       2.69898891E-07
   103.040001       1.78102809E-07
   103.154999       8.63473701E-08
   103.269997      -5.34071853E-09
   103.385002      -9.69345137E-08
   103.500000      -1.88406872E-07
   103.614998      -2.79730642E-07
   103.730003      -3.70878496E-07
   103.845001      -4.61823305E-07
   103.959999      -5.52538154E-07
   104.074997      -6.42995872E-07
   104.190002      -7.33169713E-07
   104.305000      -8.23032678E-07
   104.419998      -9.12558562E-07
   104.535004      -1.00172088E-06
   104.650002      -1.09049324E-06
   104.764999      -1.17884917E-06
   104.879997      -1.26676230E-06
   104.995003      -1.35420623E-06
   105.110001      -1.44115484E-06
   105.224998      -1.52758184E-06
   105.339996      -1.61346134E-06
   105.455002      -1.69876751E-06
   105.570000      -1.78347489E-06
   105.684998      -1.86755869E-06
   105.800003      -1.95099437E-06
   105.915001      -2.03375839E-06
   106.029999      -2.11582710E-06
   106.144997      -2.19717799E-06
   106.260002      -2.27778901E-06
   106.375000      -2.35763832E-06
   106.489998      -2.43670547E-06
   106.605003      -2.51496908E-06
   106.720001      -2.59240937E-06
   106.834999      -2.66900634E-06
   106.949997      -2.74474087E-06
   107.065002      -2.81959319E-06
   107.180000      -2.89354489E-06
   107.294998      -2.96657731E-06
   107.410004      -3.03867205E-06
   107.525002      -3.10981090E-06
   107.639999      -3.17997637E-06
   107.754997      -3.24915095E-06
   107.870003      -3.31731781E-06
   107.985001      -3.38446011E-06
   108.099998      -3.45056128E-06
   108.214996      -3.51560629E-06
   108.330002      -3.57957902E-06
   108.445000      -3.64246466E-06
   108.559998      -3.70424846E-06
   108.675003      -3.76491585E-06
   108.790001      -3.82445296E-06
   108.904999      -3.88284570E-06
   109.019997      -3.94008066E-06
   109.135002      -3.99614419E-06
   109.250000      -4.05102355E-06
   109.364998      -4.10470557E-06
   109.480003      -4.15717705E-06
   109.595001      -4.20842662E-06
   109.709999      -4.25844109E-06
   109.824997      -4.30720911E-06
   109.940002      -4.35471793E-06
   110.055000      -4.40095664E-06
   110.169998      -4.44591296E-06
   110.285004      -4.48957508E-06
   110.400002      -4.53193206E-06
   110.514999      -4.57297301E-06
   110.629997      -4.61268701E-06
   110.745003      -4.65106314E-06
   110.860001      -4.68809139E-06
   110.974998      -4.72376223E-06
   111.089996      -4.75806746E-06
   111.205002      -4.79099754E-06
   111.320000      -4.82254654E-06
   111.434998      -4.85270675E-06
   111.550003      -4.88147225E-06
   111.665001      -4.90883713E-06
   111.779999      -4.93479683E-06
   111.894997      -4.95934637E-06
   112.010002      -4.98248210E-06
   112.125000      -5.00419901E-06
   112.239998      -5.02449438E-06
   112.355003      -5.04336504E-06
   112.470001      -5.06080687E-06
   112.584999      -5.07681762E-06
   112.699997      -5.09139454E-06
   112.815002      -5.10453492E-06
   112.930000      -5.11623693E-06
   113.044998      -5.12649922E-06
   113.160004      -5.13531995E-06
   113.275002      -5.14269959E-06
   113.389999      -5.14863677E-06
   113.504997      -5.15313286E-06
   113.620003      -5.15618831E-06
   113.735001      -5.15780403E-06
   113.849998      -5.15798183E-06
   113.964996      -5.15672446E-06
   114.080002      -5.15403417E-06
   114.195000      -5.14991370E-06
   114.309998      -5.14436670E-06
   114.425003      -5.13739769E-06
   114.540001      -5.12901170E-06
   114.654999      -5.11921371E-06
   114.769997      -5.10801055E-06
   114.885002      -5.09540905E-06
   115.000000      -5.08141738E-06
   115.114998      -5.06604329E-06
   115.230003      -5.04929767E-06
   115.345001      -5.03119008E-06
   115.459999      -5.01173054E-06
   115.574997      -4.99093039E-06
   115.690002      -4.96880193E-06
   115.805000      -4.94535561E-06
   115.919998      -4.92060326E-06
   116.035004      -4.89455761E-06
   116.150002      -4.86723002E-06
   116.264999      -4.83863323E-06
   116.379997      -4.80877861E-06
   116.495003      -4.77767890E-06
   116.610001      -4.74534545E-06
   116.724998      -4.71179101E-06
   116.839996      -4.67702739E-06
   116.955002      -4.64106688E-06
   117.070000      -4.60392221E-06
   117.184998      -4.56560474E-06
   117.300003      -4.52612812E-06
   117.415001      -4.48550418E-06
   117.529999      -4.44374655E-06
   117.644997      -4.40086797E-06
   117.760002      -4.35688162E-06
   117.875000      -4.31180160E-06
   117.989998      -4.26564247E-06
   118.105003      -4.21841833E-06
   118.220001      -4.17014417E-06
   118.334999      -4.12083546E-06
   118.449997      -4.07050857E-06
   118.565002      -4.01918032E-06
   118.680000      -3.96686755E-06
   118.794998      -3.91358708E-06
   118.910004      -3.85935755E-06
   119.025002      -3.80419579E-06
   119.139999      -3.74812021E-06
   119.254997      -3.69114878E-06
   119.370003      -3.63330014E-06
   119.485001      -3.57459203E-06
   119.599998      -3.51504309E-06
   119.714996      -3.45467197E-06
   119.830002      -3.39349754E-06
   119.945000      -3.33153912E-06
   120.059998      -3.26881650E-06
   120.175003      -3.20534946E-06
   120.290001      -3.14115914E-06
   120.404999      -3.07626647E-06
   120.519997      -3.01069304E-06
   120.635002      -2.94446136E-06
   120.750000      -2.87759372E-06
   120.864998      -2.81011353E-06
   120.980003      -2.74204399E-06
   121.095001      -2.67340874E-06
   121.209999      -2.60423190E-06
   121.324997      -2.53453732E-06
   121.440002      -2.46434911E-06
   121.555000      -2.39369137E-06
   121.669998      -2.32258799E-06
   121.785004      -2.25106305E-06
   121.900002      -2.17913998E-06
   122.014999      -2.10684289E-06
   122.129997      -2.03419518E-06
   122.245003      -1.96121937E-06
   122.360001      -1.88793854E-06
   122.474998      -1.81437565E-06
   122.589996      -1.74055310E-06
   122.705002      -1.66649261E-06
   122.820000      -1.59221645E-06
   122.934998      -1.51774589E-06
   123.050003      -1.44310252E-06
   123.165001      -1.36830727E-06
   123.279999      -1.29338150E-06
   123.394997      -1.21834591E-06
   123.510002      -1.14322120E-06
   123.625000      -1.06802804E-06
   123.739998      -9.92786795E-07
   123.855003      -9.17518321E-07
   123.970001      -8.42243139E-07
   124.084999      -7.66981714E-07
   124.199997      -6.91754906E-07
   124.315002      -6.16583634E-07
   124.430000      -5.41488703E-07
   124.544998      -4.66491116E-07
   124.660004      -3.91611508E-07
   124.775002      -3.16870882E-07
   124.889999      -2.42289900E-07
   125.004997      -1.67888771E-07
   125.120003      -9.36878948E-08
   125.235001      -1.97075423E-08
   125.349998       5.40320002E-08
   125.464996       1.27510972E-07
   125.580002       2.00709124E-07
   125.695000       2.73606048E-07
   125.809998       3.46181309E-07
   125.925003       4.18414146E-07
   126.040001       4.90283242E-07
   126.154999       5.61767081E-07
   126.269997       6.32843467E-07
   126.385002       7.03490286E-07
   126.500000       7.73684349E-07
   126.614998       8.43403029E-07
   126.730003       9.12623022E-07
   126.845001       9.81321023E-07
   126.959999       1.04947333E-06
   127.074997       1.11705708E-06
   127.190002       1.18404887E-06
   127.305000       1.25042561E-06
   127.419998       1.31616468E-06
   127.535004       1.38124335E-06
   127.650002       1.44563887E-06
   127.764999       1.50932908E-06
   127.879997       1.57229192E-06
   127.995003       1.63450613E-06
   128.110001       1.69595035E-06
   128.225006       1.75660375E-06
   128.339996       1.81644577E-06
   128.455002       1.87545731E-06
   128.570007       1.93361916E-06
   128.684998       1.99091346E-06
   128.800003       2.04732282E-06
   128.914993       2.10283133E-06
   129.029999       2.15742352E-06
   129.145004       2.21108508E-06
   129.259995       2.26380280E-06
   129.375000       2.31556464E-06
   129.490005       2.36635969E-06
   129.604996       2.41617772E-06
   129.720001       2.46501031E-06
   129.835007       2.51284951E-06
   129.949997       2.55968894E-06
   130.065002       2.60552315E-06
   130.179993       2.65034782E-06
   130.294998       2.69416000E-06
   130.410004       2.73695719E-06
   130.524994       2.77873824E-06
   130.639999       2.81950292E-06
   130.755005       2.85925148E-06
   130.869995       2.89798413E-06
   130.985001       2.93570224E-06
   131.100006       2.97240695E-06
   131.214996       3.00809893E-06
   131.330002       3.04278001E-06
   131.445007       3.07645109E-06
   131.559998       3.10911287E-06
   131.675003       3.14076624E-06
   131.789993       3.17141144E-06
   131.904999       3.20104937E-06
   132.020004       3.22968026E-06
   132.134995       3.25730480E-06
   132.250000       3.28392366E-06
   132.365005       3.30953753E-06
   132.479996       3.33414687E-06
   132.595001       3.35775326E-06
   132.710007       3.38035738E-06
   132.824997       3.40196038E-06
   132.940002       3.42256408E-06
   133.054993       3.44216915E-06
   133.169998       3.46077695E-06
   133.285004       3.47838863E-06
   133.399994       3.49500579E-06
   133.514999       3.51062909E-06
   133.630005       3.52525990E-06
   133.744995       3.53889891E-06
   133.860001       3.55154702E-06
   133.975006       3.56320538E-06
   134.089996       3.57387466E-06
   134.205002       3.58355555E-06
   134.320007       3.59224873E-06
   134.434998       3.59995511E-06
   134.550003       3.60667536E-06
   134.664993       3.61241041E-06
   134.779999       3.61716138E-06
   134.895004       3.62092919E-06
   135.009995       3.62371543E-06
   135.125000       3.62552214E-06
   135.240005       3.62635137E-06
   135.354996       3.62620563E-06
   135.470001       3.62508854E-06
   135.585007       3.62300420E-06
   135.699997       3.61995671E-06
   135.815002       3.61595175E-06
   135.929993       3.61099455E-06
   136.044998       3.60509148E-06
   136.160004       3.59824912E-06
   136.274994       3.59047431E-06
   136.389999       3.58177317E-06
   136.505005       3.57215276E-06
   136.619995       3.56161991E-06
   136.735001       3.55018074E-06
   136.850006       3.53784208E-06
   136.964996       3.52460984E-06
   137.080002       3.51049084E-06
   137.195007       3.49549123E-06
   137.309998       3.47961804E-06
   137.425003       3.46287720E-06
   137.539993       3.44527621E-06
   137.654999       3.42682210E-06
   137.770004       3.40752263E-06
   137.884995       3.38738528E-06
   138.000000       3.36641824E-06
   138.115005       3.34462970E-06
   138.229996       3.32202762E-06
   138.345001       3.29862064E-06
   138.460007       3.27441671E-06
   138.574997       3.24942425E-06
   138.690002       3.22365122E-06
   138.804993       3.19710625E-06
   138.919998       3.16979686E-06
   139.035004       3.14173167E-06
   139.149994       3.11291865E-06
   139.264999       3.08336689E-06
   139.380005       3.05308504E-06
   139.494995       3.02208241E-06
   139.610001       2.99036833E-06
   139.725006       2.95795280E-06
   139.839996       2.92484629E-06
   139.955002       2.89105924E-06
   140.070007       2.85660258E-06
   140.184998       2.82148790E-06
   140.300003       2.78572702E-06
   140.414993       2.74933177E-06
   140.529999       2.71231488E-06
   140.645004       2.67468840E-06
   140.759995       2.63646530E-06
   140.875000       2.59765829E-06
   140.990005       2.55828036E-06
   141.104996       2.51834444E-06
   141.220001       2.47786352E-06
   141.335007       2.43685031E-06
   141.449997       2.39531778E-06
   141.565002       2.35327889E-06
   141.679993       2.31074614E-06
   141.794998       2.26773227E-06
   141.910004       2.22425001E-06
   142.024994       2.18031209E-06
   142.139999       2.13593194E-06
   142.255005       2.09112227E-06
   142.369995       2.04589651E-06
   142.485001       2.00026852E-06
   142.600006       1.95425196E-06
   142.714996       1.90786068E-06
   142.830002       1.86110901E-06
   142.945007       1.81401128E-06
   143.059998       1.76658148E-06
   143.175003       1.71883391E-06
   143.289993       1.67078258E-06
   143.404999       1.62244123E-06
   143.520004       1.57382374E-06
   143.634995       1.52494363E-06
   143.750000       1.47581477E-06
   143.865005       1.42645069E-06
   143.979996       1.37686504E-06
   144.095001       1.32707225E-06
   144.210007       1.27708654E-06
   144.324997       1.22692245E-06
   144.440002       1.17659511E-06
   144.554993       1.12611986E-06
   144.669998       1.07551239E-06
   144.785004       1.02478873E-06
   144.899994       9.73964916E-07
   145.014999       9.23057200E-07
   145.130005       8.72081500E-07
   145.244995       8.21053732E-07
   145.360001       7.69989697E-07
   145.475006       7.18904857E-07
   145.589996       6.67814220E-07
   145.705002       6.16732336E-07
   145.820007       5.65673361E-07
   145.934998       5.14650935E-07
   146.050003       4.63678106E-07
   146.164993       4.12767463E-07
   146.279999       3.61931200E-07
   146.395004       3.11180855E-07
   146.509995       2.60527599E-07
   146.625000       2.09982190E-07
   146.740005       1.59555299E-07
   146.854996       1.09257272E-07
   146.970001       5.90984754E-08
   147.085007       9.08938436E-09
   147.199997      -4.07594385E-08
   147.315002      -9.04372115E-08
   147.429993      -1.39932524E-07
   147.544998      -1.89233575E-07
   147.660004      -2.38328099E-07
   147.774994      -2.87203136E-07
   147.889999      -3.35845328E-07
   148.005005      -3.84241048E-07
   148.119995      -4.32376197E-07
   148.235001      -4.80236679E-07
   148.350006      -5.27808368E-07
   148.464996      -5.75077365E-07
   148.580002      -6.22029916E-07
   148.695007      -6.68652774E-07
   148.809998      -7.14932924E-07
   148.925003      -7.60857972E-07
   149.039993      -8.06415869E-07
   149.154999      -8.51595019E-07
   149.270004      -8.96384392E-07
   149.384995      -9.40773248E-07
   149.500000      -9.84751296E-07
   149.615005      -1.02830836E-06
   149.729996      -1.07143489E-06
   149.845001      -1.11412123E-06
   149.960007      -1.15635794E-06
   150.074997      -1.19813581E-06
   150.190002      -1.23944540E-06
   150.304993      -1.28027773E-06
   150.419998      -1.32062371E-06
   150.535004      -1.36047436E-06
   150.649994      -1.39982114E-06
   150.764999      -1.43865532E-06
   150.880005      -1.47696915E-06
   150.994995      -1.51475444E-06
   151.110001      -1.55200405E-06
   151.225006      -1.58871080E-06
   151.339996      -1.62486822E-06
   151.455002      -1.66046982E-06
   151.570007      -1.69550981E-06
   151.684998      -1.72998261E-06
   151.800003      -1.76388289E-06
   151.914993      -1.79720575E-06
   152.029999      -1.82994643E-06
   152.145004      -1.86209991E-06
   152.259995      -1.89366176E-06
   152.375000      -1.92462699E-06
   152.490005      -1.95499115E-06
   152.604996      -1.98474913E-06
   152.720001      -2.01389548E-06
   152.835007      -2.04242497E-06
   152.949997      -2.07033236E-06
   153.065002      -2.09761197E-06
   153.179993      -2.12425834E-06
   153.294998      -2.15026603E-06
   153.410004      -2.17562979E-06
   153.524994      -2.20034462E-06
   153.639999      -2.22440553E-06
   153.755005      -2.24780774E-06
   153.869995      -2.27054693E-06
   153.985001      -2.29261855E-06
   154.100006      -2.31401873E-06
   154.214996      -2.33474339E-06
   154.330002      -2.35478956E-06
   154.445007      -2.37415361E-06
   154.559998      -2.39283258E-06
   154.675003      -2.41082421E-06
   154.789993      -2.42812598E-06
   154.904999      -2.44473608E-06
   155.020004      -2.46065269E-06
   155.134995      -2.47587468E-06
   155.250000      -2.49040113E-06
   155.365005      -2.50423091E-06
   155.479996      -2.51736378E-06
   155.595001      -2.52979908E-06
   155.710007      -2.54153701E-06
   155.824997      -2.55257760E-06
   155.940002      -2.56292105E-06
   156.054993      -2.57256715E-06
   156.169998      -2.58151658E-06
   156.285004      -2.58976911E-06
   156.399994      -2.59732496E-06
   156.514999      -2.60418346E-06
   156.630005      -2.61034438E-06
   156.744995      -2.61580658E-06
   156.860001      -2.62056915E-06
   156.975006      -2.62463095E-06
   157.089996      -2.62799063E-06
   157.205002      -2.63064635E-06
   157.320007      -2.63259722E-06
   157.434998      -2.63384186E-06
   157.550003      -2.63437960E-06
   157.664993      -2.63420975E-06
   157.779999      -2.63333277E-06
   157.895004      -2.63174934E-06
   158.009995      -2.62946105E-06
   158.125000      -2.62646995E-06
   158.240005      -2.62277990E-06
   158.354996      -2.61839432E-06
   158.470001      -2.61331775E-06
   158.585007      -2.60755587E-06
   158.699997      -2.60111437E-06
   158.815002      -2.59399917E-06
   158.929993      -2.58621708E-06
   159.044998      -2.57777469E-06
   159.160004      -2.56867907E-06
   159.274994      -2.55893747E-06
   159.389999      -2.54855672E-06
   159.505005      -2.53754456E-06
   159.619995      -2.52590803E-06
   159.735001      -2.51365395E-06
   159.850006      -2.50079006E-06
   159.964996      -2.48732272E-06
   160.080002      -2.47325920E-06
   160.195007      -2.45860565E-06
   160.309998      -2.44336888E-06
   160.425003      -2.42755459E-06
   160.539993      -2.41116891E-06
   160.654999      -2.39421774E-06
   160.770004      -2.37670656E-06
   160.884995      -2.35864081E-06
   161.000000      -2.34002664E-06
   161.115005      -2.32086904E-06
   161.229996      -2.30117416E-06
   161.345001      -2.28094791E-06
   161.460007      -2.26019665E-06
   161.574997      -2.23892675E-06
   161.690002      -2.21714527E-06
   161.804993      -2.19485946E-06
   161.919998      -2.17207662E-06
   162.035004      -2.14880470E-06
   162.149994      -2.12505165E-06
   162.264999      -2.10082567E-06
   162.380005      -2.07613493E-06
   162.494995      -2.05098786E-06
   162.610001      -2.02539309E-06
   162.725006      -1.99935926E-06
   162.839996      -1.97289455E-06
   162.955002      -1.94600784E-06
   163.070007      -1.91870799E-06
   163.184998      -1.89100319E-06
   163.300003      -1.86290254E-06
   163.414993      -1.83441409E-06
   163.529999      -1.80554650E-06
   163.645004      -1.77630750E-06
   163.759995      -1.74670538E-06
   163.875000      -1.71674799E-06
   163.990005      -1.68644328E-06
   164.104996      -1.65579900E-06
   164.220001      -1.62482286E-06
   164.335007      -1.59352328E-06
   164.449997      -1.56190845E-06
   164.565002      -1.52998723E-06
   164.679993      -1.49776849E-06
   164.794998      -1.46526213E-06
   164.910004      -1.43247769E-06
   165.024994      -1.39942597E-06
   165.139999      -1.36611732E-06
   165.255005      -1.33256299E-06
   165.369995      -1.29877435E-06
   165.485001      -1.26476277E-06
   165.600006      -1.23053997E-06
   165.714996      -1.19611730E-06
   165.830002      -1.16150625E-06
   165.945007      -1.12671796E-06
   166.059998      -1.09176347E-06
   166.175003      -1.05665345E-06
   166.289993      -1.02139825E-06
   166.404999      -9.86007763E-07
   166.520004      -9.50491710E-07
   166.634995      -9.14859527E-07
   166.750000      -8.79120194E-07
   166.865005      -8.43282521E-07
   166.979996      -8.07355264E-07
   167.095001      -7.71346606E-07
   167.210007      -7.35264848E-07
   167.324997      -6.99118175E-07
   167.440002      -6.62914545E-07
   167.554993      -6.26662143E-07
   167.669998      -5.90369154E-07
   167.785004      -5.54044163E-07
   167.899994      -5.17695923E-07
   168.014999      -4.81333643E-07
   168.130005      -4.44966901E-07
   168.244995      -4.08605558E-07
   168.360001      -3.72259677E-07
   168.475006      -3.35939745E-07
   168.589996      -2.99656193E-07
   168.705002      -2.63419565E-07
   168.820007      -2.27240292E-07
   168.934998      -1.91128933E-07
   169.050003      -1.55096046E-07
   169.164993      -1.19151984E-07
   169.279999      -8.33072349E-08
   169.395004      -4.75719695E-08
   169.509995      -1.19566304E-08
   169.625000       2.35285782E-08
   169.740005       5.88735887E-08
   169.854996       9.40682483E-08
   169.970001       1.29102744E-07
   170.085007       1.63967400E-07
   170.199997       1.98652828E-07
   170.315002       2.33150018E-07
   170.429993       2.67450247E-07
   170.544998       3.01545356E-07
   170.660004       3.35427643E-07
   170.774994       3.69090003E-07
   170.889999       4.02525558E-07
   171.005005       4.35727912E-07
   171.119995       4.68691127E-07
   171.235001       5.01409147E-07
   171.350006       5.33876175E-07
   171.464996       5.66086044E-07
   171.580002       5.98032443E-07
   171.695007       6.29708666E-07
   171.809998       6.61107606E-07
   171.925003       6.92221818E-07
   172.039993       7.23043684E-07
   172.154999       7.53565303E-07
   172.270004       7.83778830E-07
   172.384995       8.13676422E-07
   172.500000       8.43250461E-07
   172.615005       8.72493899E-07
   172.729996       9.01399687E-07
   172.845001       9.29961573E-07
   172.960007       9.58173814E-07
   173.074997       9.86030727E-07
   173.190002       1.01352771E-06
   173.304993       1.04066009E-06
   173.419998       1.06742414E-06
   173.535004       1.09381563E-06
   173.649994       1.11983138E-06
   173.764999       1.14546765E-06
   173.880005       1.17072113E-06
   173.994995       1.19558808E-06
   174.110001       1.22006475E-06
   174.225006       1.24414714E-06
   174.339996       1.26783095E-06
   174.455002       1.29111174E-06
   174.570007       1.31398463E-06
   174.684998       1.33644460E-06
   174.800003       1.35848632E-06
   174.914993       1.38010444E-06
   175.029999       1.40129350E-06
   175.145004       1.42204772E-06
   175.259995       1.44236185E-06
   175.375000       1.46222987E-06
   175.490005       1.48164668E-06
   175.604996       1.50060669E-06
   175.720001       1.51910513E-06
   175.835007       1.53713722E-06
   175.949997       1.55469843E-06
   176.065002       1.57178499E-06
   176.179993       1.58839282E-06
   176.294998       1.60451850E-06
   176.410004       1.62015886E-06
   176.524994       1.63531092E-06
   176.639999       1.64997209E-06
   176.755005       1.66413963E-06
   176.869995       1.67781138E-06
   176.985001       1.69098496E-06
   177.100006       1.70365865E-06
   177.214996       1.71583019E-06
   177.330002       1.72749799E-06
   177.445007       1.73866033E-06
   177.559998       1.74931552E-06
   177.675003       1.75946218E-06
   177.789993       1.76909862E-06
   177.904999       1.77822358E-06
   178.020004       1.78683581E-06
   178.134995       1.79493395E-06
   178.250000       1.80251720E-06
   178.365005       1.80958455E-06
   178.479996       1.81613552E-06
   178.595001       1.82216979E-06
   178.710007       1.82768736E-06
   178.824997       1.83268833E-06
   178.940002       1.83717316E-06
   179.054993       1.84114299E-06
   179.169998       1.84459873E-06
   179.285004       1.84754174E-06
   179.399994       1.84997373E-06
   179.514999       1.85189651E-06
   179.630005       1.85331214E-06
   179.744995       1.85422255E-06
   179.860001       1.85463023E-06
   179.975006       1.85453746E-06
   180.089996       1.85394663E-06
   180.205002       1.85286024E-06
   180.320007       1.85128056E-06
   180.434998       1.84921043E-06
   180.550003       1.84665203E-06
   180.664993       1.84360817E-06
   180.779999       1.84008150E-06
   180.895004       1.83607483E-06
   181.009995       1.83159102E-06
   181.125000       1.82663314E-06
   181.240005       1.82120436E-06
   181.354996       1.81530800E-06
   181.470001       1.80894767E-06
   181.585007       1.80212658E-06
   181.699997       1.79484891E-06
   181.815002       1.78711821E-06
   181.929993       1.77893867E-06
   182.044998       1.77031416E-06
   182.160004       1.76124877E-06
   182.274994       1.75174625E-06
   182.389999       1.74181071E-06
   182.505005       1.73144554E-06
   182.619995       1.72065404E-06
   182.735001       1.70943963E-06
   182.850006       1.69780526E-06
   182.964996       1.68575389E-06
   183.080002       1.67328847E-06
   183.195007       1.66041207E-06
   183.309998       1.64712810E-06
   183.425003       1.63344021E-06
   183.539993       1.61935225E-06
   183.654999       1.60486866E-06
   183.770004       1.58999444E-06
   183.884995       1.57473482E-06
   184.000000       1.55909549E-06
   184.115005       1.54308236E-06
   184.229996       1.52670145E-06
   184.345001       1.50995902E-06
   184.460007       1.49286166E-06
   184.574997       1.47541562E-06
   184.690002       1.45762738E-06
   184.804993       1.43950297E-06
   184.919998       1.42104875E-06
   185.035004       1.40227087E-06
   185.149994       1.38317569E-06
   185.264999       1.36376946E-06
   185.380005       1.34405889E-06
   185.494995       1.32405069E-06
   185.610001       1.30375179E-06
   185.725006       1.28316981E-06
   185.839996       1.26231191E-06
   185.955002       1.24118594E-06
   186.070007       1.21979963E-06
   186.184998       1.19816048E-06
   186.300003       1.17627633E-06
   186.414993       1.15415446E-06
   186.529999       1.13180226E-06
   186.645004       1.10922713E-06
   186.759995       1.08643621E-06
   186.875000       1.06343680E-06
   186.990005       1.04023604E-06
   187.104996       1.01684145E-06
   187.220001       9.93260642E-07
   187.335007       9.69500775E-07
   187.449997       9.45569695E-07
   187.565002       9.21474793E-07
   187.679993       8.97223686E-07
   187.794998       8.72823762E-07
   187.910004       8.48282184E-07
   188.024994       8.23606172E-07
   188.139999       7.98802716E-07
   188.255005       7.73878867E-07
   188.369995       7.48841217E-07
   188.485001       7.23696587E-07
   188.600006       6.98451686E-07
   188.714996       6.73113107E-07
   188.830002       6.47687273E-07
   188.945007       6.22180721E-07
   189.059998       5.96599818E-07
   189.175003       5.70950760E-07
   189.289993       5.45239686E-07
   189.404999       5.19472508E-07
   189.520004       4.93654738E-07
   189.634995       4.67791722E-07
   189.750000       4.41888574E-07
   189.865005       4.15950126E-07
   189.979996       3.89980983E-07
   190.095001       3.63985691E-07
   190.210007       3.37968800E-07
   190.324997       3.11934997E-07
   190.440002       2.85889371E-07
   190.554993       2.59837265E-07
   190.669998       2.33784633E-07
   190.785004       2.07737799E-07
   190.899994       1.81703584E-07
   191.014999       1.55689150E-07
   191.130005       1.29701974E-07
   191.244995       1.03749677E-07
   191.360001       7.78399851E-08
   191.475006       5.19807166E-08
   191.589996       2.61795865E-08
   191.705002       4.44274395E-10
   191.820007      -2.52175347E-08
   191.934998      -5.07981532E-08
   192.050003      -7.62897585E-08
   192.164993      -1.01684499E-07
   192.279999      -1.26974484E-07
   192.395004      -1.52151571E-07
   192.509995      -1.77207653E-07
   192.625000      -2.02134430E-07
   192.740005      -2.26923746E-07
   192.854996      -2.51567428E-07
   192.970001      -2.76057591E-07
   193.085007      -3.00386489E-07
   193.199997      -3.24546818E-07
   193.315002      -3.48531557E-07
   193.429993      -3.72334085E-07
   193.544998      -3.95948291E-07
   193.660004      -4.19368376E-07
   193.774994      -4.42588856E-07
   193.889999      -4.65604586E-07
   194.005005      -4.88410535E-07
   194.119995      -5.11001929E-07
   194.235001      -5.33373850E-07
   194.350006      -5.55521467E-07
   194.464996      -5.77439948E-07
   194.580002      -5.99124405E-07
   194.695007      -6.20570006E-07
   194.809998      -6.41771919E-07
   194.925003      -6.62725313E-07
   195.039993      -6.83425696E-07
   195.154999      -7.03868466E-07
   195.270004      -7.24049301E-07
   195.384995      -7.43963710E-07
   195.500000      -7.63607432E-07
   195.615005      -7.82976201E-07
   195.729996      -8.02065472E-07
   195.845001      -8.20870980E-07
   195.960007      -8.39388065E-07
   196.074997      -8.57612349E-07
   196.190002      -8.75539286E-07
   196.304993      -8.93164383E-07
   196.419998      -9.10483379E-07
   196.535004      -9.27492067E-07
   196.649994      -9.44186411E-07
   196.764999      -9.60562829E-07
   196.880005      -9.76618026E-07
   196.994995      -9.92349214E-07
   197.110001      -1.00775355E-06
   197.225006      -1.02282888E-06
   197.339996      -1.03757350E-06
   197.455002      -1.05198581E-06
   197.570007      -1.06606456E-06
   197.684998      -1.07980850E-06
   197.800003      -1.09321661E-06
   197.914993      -1.10628764E-06
   198.029999      -1.11902057E-06
   198.145004      -1.13141414E-06
   198.259995      -1.14346665E-06
   198.375000      -1.15517662E-06
   198.490005      -1.16654223E-06
   198.604996      -1.17756144E-06
   198.720001      -1.18823209E-06
   198.835007      -1.19855201E-06
   198.949997      -1.20851860E-06
   199.065002      -1.21812934E-06
   199.179993      -1.22738186E-06
   199.294998      -1.23627319E-06
   199.410004      -1.24480084E-06
   199.524994      -1.25296231E-06
   199.639999      -1.26075497E-06
   199.755005      -1.26817679E-06
   199.869995      -1.27522571E-06
   199.985001      -1.28190015E-06
   200.100006      -1.28819875E-06
   200.214996      -1.29412069E-06
   200.330002      -1.29966543E-06
   200.445007      -1.30483295E-06
   200.559998      -1.30962371E-06
   200.675003      -1.31403840E-06
   200.789993      -1.31807803E-06
   200.904999      -1.32174421E-06
   201.020004      -1.32503840E-06
   201.134995      -1.32796231E-06
   201.250000      -1.33051765E-06
   201.365005      -1.33270623E-06
   201.479996      -1.33452966E-06
   201.595001      -1.33598940E-06
   201.710007      -1.33708670E-06
   201.824997      -1.33782282E-06
   201.940002      -1.33819867E-06
   202.054993      -1.33821550E-06
   202.169998      -1.33787432E-06
   202.285004      -1.33717629E-06
   202.399994      -1.33612275E-06
   202.514999      -1.33471542E-06
   202.630005      -1.33295578E-06
   202.744995      -1.33084620E-06
   202.860001      -1.32838875E-06
   202.975006      -1.32558591E-06
   203.089996      -1.32244031E-06
   203.205002      -1.31895467E-06
   203.320007      -1.31513184E-06
   203.434998      -1.31097488E-06
   203.550003      -1.30648687E-06
   203.664993      -1.30167052E-06
   203.779999      -1.29652904E-06
   203.895004      -1.29106525E-06
   204.009995      -1.28528222E-06
   204.125000      -1.27918258E-06
   204.240005      -1.27276894E-06
   204.354996      -1.26604425E-06
   204.470001      -1.25901090E-06
   204.585007      -1.25167128E-06
   204.699997      -1.24402777E-06
   204.815002      -1.23608265E-06
   204.929993      -1.22783808E-06
   205.044998      -1.21929577E-06
   205.160004      -1.21045741E-06
   205.274994      -1.20132495E-06
   205.389999      -1.19189940E-06
   205.505005      -1.18218247E-06
   205.619995      -1.17217587E-06
   205.735001      -1.16188096E-06
   205.850006      -1.15129967E-06
   205.964996      -1.14043428E-06
   206.080002      -1.12928728E-06
   206.195007      -1.11786153E-06
   206.309998      -1.10616043E-06
   206.425003      -1.09418750E-06
   206.539993      -1.08194661E-06
   206.654999      -1.06944185E-06
   206.770004      -1.05667743E-06
   206.884995      -1.04365790E-06
   207.000000      -1.03038735E-06
   207.115005      -1.01687044E-06
   207.229996      -1.00311161E-06
   207.345001      -9.89115165E-07
   207.460007      -9.74885779E-07
   207.574997      -9.60427769E-07
   207.690002      -9.45745683E-07
   207.804993      -9.30844294E-07
   207.919998      -9.15728094E-07
   208.035004      -9.00401858E-07
   208.149994      -8.84870644E-07
   208.264999      -8.69139456E-07
   208.380005      -8.53213749E-07
   208.494995      -8.37098924E-07
   208.610001      -8.20800665E-07
   208.725006      -8.04324941E-07
   208.839996      -7.87677720E-07
   208.955002      -7.70865199E-07
   209.070007      -7.53893630E-07
   209.184998      -7.36769323E-07
   209.300003      -7.19498871E-07
   209.414993      -7.02088698E-07
   209.529999      -6.84545512E-07
   209.645004      -6.66875906E-07
   209.759995      -6.49086587E-07
   209.875000      -6.31184264E-07
   209.990005      -6.13175416E-07
   210.104996      -5.95066410E-07
   210.220001      -5.76863442E-07
   210.335007      -5.58572253E-07
   210.449997      -5.40198414E-07
   210.565002      -5.21747154E-07
   210.679993      -5.03223305E-07
   210.794998      -4.84631641E-07
   210.910004      -4.65976683E-07
   211.024994      -4.47262750E-07
   211.139999      -4.28494161E-07
   211.255005      -4.09675152E-07
   211.369995      -3.90809987E-07
   211.485001      -3.71902729E-07
   211.600006      -3.52957642E-07
   211.714996      -3.33978704E-07
   211.830002      -3.14969895E-07
   211.945007      -2.95934996E-07
   212.059998      -2.76877671E-07
   212.175003      -2.57801446E-07
   212.289993      -2.38709617E-07
   212.404999      -2.19605411E-07
   212.520004      -2.00491897E-07
   212.634995      -1.81372158E-07
   212.750000      -1.62249322E-07
   212.865005      -1.43126655E-07
   212.979996      -1.24007670E-07
   213.095001      -1.04896209E-07
   213.210007      -8.57964935E-08
   213.324997      -6.67132412E-08
   213.440002      -4.76516249E-08
   213.554993      -2.86172828E-08
   213.669998      -9.61631308E-09
   213.785004       9.34487598E-09
   213.899994       2.82595813E-08
   214.014999       4.71209987E-08
   214.130005       6.59221513E-08
   214.244995       8.46561363E-08
   214.360001       1.03315990E-07
   214.475006       1.21894971E-07
   214.589996       1.40386405E-07
   214.705002       1.58783749E-07
   214.820007       1.77080565E-07
   214.934998       1.95270701E-07
   215.050003       2.13348002E-07
   215.164993       2.31306643E-07
   215.279999       2.49141038E-07
   215.395004       2.66845774E-07
   215.509995       2.84415847E-07
   215.625000       3.01846512E-07
   215.740005       3.19133449E-07
   215.854996       3.36272706E-07
   215.970001       3.53260674E-07
   216.085007       3.70094170E-07
   216.199997       3.86770438E-07
   216.315002       4.03287061E-07
   216.429993       4.19641964E-07
   216.544998       4.35833385E-07
   216.660004       4.51859734E-07
   216.774994       4.67719559E-07
   216.889999       4.83411497E-07
   217.005005       4.98934071E-07
   217.119995       5.14285716E-07
   217.235001       5.29464728E-07
   217.350006       5.44469060E-07
   217.464996       5.59296382E-07
   217.580002       5.73944135E-07
   217.695007       5.88409307E-07
   217.809998       6.02688715E-07
   217.925003       6.16778834E-07
   218.039993       6.30675913E-07
   218.154999       6.44375916E-07
   218.270004       6.57874750E-07
   218.384995       6.71168380E-07
   218.500000       6.84252655E-07
   218.615005       6.97123482E-07
   218.729996       7.09777169E-07
   218.845001       7.22210189E-07
   218.960007       7.34419245E-07
   219.074997       7.46401440E-07
   219.190002       7.58154101E-07
   219.304993       7.69675069E-07
   219.419998       7.80962125E-07
   219.535004       7.92013566E-07
   219.649994       8.02827572E-07
   219.764999       8.13402551E-07
   219.880005       8.23736968E-07
   219.994995       8.33829176E-07
   220.110001       8.43677583E-07
   220.225006       8.53280540E-07
   220.339996       8.62636398E-07
   220.455002       8.71743566E-07
   220.570007       8.80600396E-07
   220.684998       8.89205296E-07
   220.800003       8.97556788E-07
   220.914993       9.05653565E-07
   221.029999       9.13494375E-07
   221.145004       9.21078140E-07
   221.259995       9.28403949E-07
   221.375000       9.35471292E-07
   221.490005       9.42279655E-07
   221.604996       9.48828529E-07
   221.720001       9.55117798E-07
   221.835007       9.61147407E-07
   221.949997       9.66917241E-07
   222.065002       9.72427415E-07
   222.179993       9.77678155E-07
   222.294998       9.82669690E-07
   222.410004       9.87402018E-07
   222.524994       9.91875481E-07
   222.639999       9.96090421E-07
   222.755005       1.00004684E-06
   222.869995       1.00374496E-06
   222.985001       1.00718501E-06
   223.100006       1.01036710E-06
   223.214996       1.01329135E-06
   223.330002       1.01595799E-06
   223.445007       1.01836702E-06
   223.559998       1.02051865E-06
   223.675003       1.02241279E-06
   223.789993       1.02404942E-06
   223.904999       1.02542822E-06
   224.020004       1.02654860E-06
   224.134995       1.02741035E-06
   224.250000       1.02801243E-06
   224.365005       1.02835395E-06
   224.479996       1.02843410E-06
   224.595001       1.02825197E-06
   224.710007       1.02780666E-06
   224.824997       1.02709748E-06
   224.940002       1.02612444E-06
   225.054993       1.02488764E-06
   225.169998       1.02338799E-06
   225.285004       1.02162710E-06
   225.399994       1.01960711E-06
   225.514999       1.01733099E-06
   225.630005       1.01480214E-06
   225.744995       1.01202465E-06
   225.860001       1.00900263E-06
   225.975006       1.00574084E-06
   226.089996       1.00224361E-06
   226.205002       9.98515361E-07
   226.320007       9.94560196E-07
   226.434998       9.90381523E-07
   226.550003       9.85982638E-07
   226.664993       9.81366156E-07
   226.779999       9.76534125E-07
   226.895004       9.71488134E-07
   227.009995       9.66229550E-07
   227.125000       9.60759508E-07
   227.240005       9.55078690E-07
   227.354996       9.49188120E-07
   227.470001       9.43088480E-07
   227.585007       9.36780623E-07
   227.699997       9.30265571E-07
   227.815002       9.23544235E-07
   227.929993       9.16617580E-07
   228.044998       9.09486687E-07
   228.160004       9.02152351E-07
   228.274994       8.94615539E-07
   228.389999       8.86877046E-07
   228.505005       8.78937840E-07
   228.619995       8.70798715E-07
   228.735001       8.62460752E-07
   228.850006       8.53925087E-07
   228.964996       8.45193256E-07
   229.080002       8.36266565E-07
   229.195007       8.27147232E-07
   229.309998       8.17837304E-07
   229.425003       8.08339394E-07
   229.539993       7.98656401E-07
   229.654999       7.88791567E-07
   229.770004       7.78748529E-07
   229.884995       7.68531265E-07
   230.000000       7.58144154E-07
   230.115005       7.47592026E-07
   230.229996       7.36879940E-07
   230.345001       7.26013411E-07
   230.460007       7.14998009E-07
   230.574997       7.03839589E-07
   230.690002       6.92544006E-07
   230.804993       6.81117172E-07
   230.919998       6.69564713E-07
   231.035004       6.57892201E-07
   231.149994       6.46104866E-07
   231.264999       6.34207652E-07
   231.380005       6.22204936E-07
   231.494995       6.10100756E-07
   231.610001       5.97898747E-07
   231.725006       5.85602322E-07
   231.839996       5.73214493E-07
   231.955002       5.60738101E-07
   232.070007       5.48175990E-07
   232.184998       5.35531115E-07
   232.300003       5.22806545E-07
   232.414993       5.10005520E-07
   232.529999       4.97131623E-07
   232.645004       4.84188718E-07
   232.759995       4.71180783E-07
   232.875000       4.58112083E-07
   232.990005       4.44986910E-07
   233.104996       4.31809639E-07
   233.220001       4.18584591E-07
   233.335007       4.05315973E-07
   233.449997       3.92007877E-07
   233.565002       3.78664311E-07
   233.679993       3.65289111E-07
   233.794998       3.51885973E-07
   233.910004       3.38458591E-07
   234.024994       3.25010461E-07
   234.139999       3.11544994E-07
   234.255005       2.98065459E-07
   234.369995       2.84575037E-07
   234.485001       2.71076829E-07
   234.600006       2.57573703E-07
   234.714996       2.44068559E-07
   234.830002       2.30564069E-07
   234.945007       2.17062777E-07
   235.059998       2.03567382E-07
   235.175003       1.90080527E-07
   235.289993       1.76604885E-07
   235.404999       1.63143227E-07
   235.520004       1.49698565E-07
   235.634995       1.36274025E-07
   235.750000       1.22872905E-07
   235.865005       1.09498615E-07
   235.979996       9.61547428E-08
   236.095001       8.28449700E-08
   236.210007       6.95729128E-08
   236.324997       5.63421878E-08
   236.440002       4.31562803E-08
   236.554993       3.00186151E-08
   236.669998       1.69324590E-08
   236.785004       3.90080146E-09
   236.899994      -9.07346287E-09
   237.014999      -2.19876632E-08
   237.130005      -3.48391502E-08
   237.244995      -4.76254414E-08
   237.360001      -6.03439432E-08
   237.475006      -7.29920870E-08
   237.589996      -8.55672582E-08
   237.705002      -9.80667636E-08
   237.820007      -1.10487896E-07
   237.934998      -1.22827856E-07
   238.050003      -1.35083923E-07
   238.164993      -1.47253402E-07
   238.279999      -1.59333652E-07
   238.395004      -1.71322228E-07
   238.509995      -1.83216784E-07
   238.625000      -1.95015062E-07
   238.740005      -2.06715043E-07
   238.854996      -2.18314696E-07
   238.970001      -2.29812144E-07
   239.085007      -2.41205555E-07
   239.199997      -2.52493152E-07
   239.315002      -2.63673286E-07
   239.429993      -2.74744139E-07
   239.544998      -2.85704004E-07
   239.660004      -2.96550951E-07
   239.774994      -3.07283045E-07
   239.889999      -3.17898099E-07
   240.005005      -3.28393782E-07
   240.119995      -3.38767393E-07
   240.235001      -3.49016091E-07
   240.350006      -3.59136692E-07
   240.464996      -3.69125843E-07
   240.580002      -3.78980104E-07
   240.695007      -3.88695923E-07
   240.809998      -3.98269776E-07
   240.925003      -4.07698252E-07
   241.039993      -4.16978139E-07
   241.154999      -4.26106425E-07
   241.270004      -4.35080295E-07
   241.384995      -4.43897449E-07
   241.500000      -4.52555668E-07
   241.615005      -4.61053162E-07
   241.729996      -4.69388340E-07
   241.845001      -4.77559865E-07
   241.960007      -4.85566545E-07
   242.074997      -4.93407356E-07
   242.190002      -5.01081217E-07
   242.304993      -5.08587220E-07
   242.419998      -5.15924569E-07
   242.535004      -5.23092353E-07
   242.649994      -5.30089721E-07
   242.764999      -5.36915991E-07
   242.880005      -5.43570479E-07
   242.994995      -5.50052562E-07
   243.110001      -5.56361840E-07
   243.225006      -5.62497860E-07
   243.339996      -5.68460450E-07
   243.455002      -5.74249100E-07
   243.570007      -5.79863524E-07
   243.684998      -5.85303439E-07
   243.800003      -5.90567993E-07
   243.914993      -5.95656502E-07
   244.029999      -6.00567830E-07
   244.145004      -6.05300613E-07
   244.259995      -6.09853487E-07
   244.375000      -6.14224859E-07
   244.490005      -6.18413139E-07
   244.604996      -6.22416678E-07
   244.720001      -6.26233941E-07
   244.835007      -6.29863621E-07
   244.949997      -6.33304523E-07
   245.065002      -6.36555626E-07
   245.179993      -6.39616303E-07
   245.294998      -6.42486043E-07
   245.410004      -6.45164732E-07
   245.524994      -6.47652485E-07
   245.639999      -6.49949698E-07
   245.755005      -6.52057338E-07
   245.869995      -6.53976542E-07
   245.985001      -6.55708675E-07
   246.100006      -6.57255441E-07
   246.214996      -6.58619001E-07
   246.330002      -6.59801344E-07
   246.445007      -6.60804744E-07
   246.559998      -6.61631475E-07
   246.675003      -6.62283867E-07
   246.789993      -6.62763853E-07
   246.904999      -6.63073422E-07
   247.020004      -6.63214053E-07
   247.134995      -6.63186995E-07
   247.250000      -6.62993102E-07
   247.365005      -6.62632715E-07
   247.479996      -6.62106004E-07
   247.595001      -6.61412457E-07
   247.710007      -6.60551621E-07
   247.824997      -6.59522641E-07
   247.940002      -6.58324495E-07
   248.054993      -6.56956217E-07
   248.169998      -6.55416670E-07
   248.285004      -6.53705058E-07
   248.399994      -6.51820642E-07
   248.514999      -6.49762910E-07
   248.630005      -6.47531692E-07
   248.744995      -6.45127102E-07
   248.860001      -6.42549367E-07
   248.975006      -6.39799453E-07
   249.089996      -6.36878383E-07
   249.205002      -6.33787693E-07
   249.320007      -6.30529314E-07
   249.434998      -6.27105351E-07
   249.550003      -6.23518360E-07
   249.664993      -6.19770958E-07
   249.779999      -6.15865986E-07
   249.895004      -6.11806172E-07
   250.009995      -6.07594302E-07
   250.125000      -6.03232763E-07
   250.240005      -5.98723943E-07
   250.354996      -5.94069775E-07
   250.470001      -5.89272076E-07
   250.585007      -5.84332270E-07
   250.699997      -5.79251662E-07
   250.815002      -5.74031390E-07
   250.929993      -5.68672533E-07
   251.044998      -5.63176116E-07
   251.160004      -5.57543217E-07
   251.274994      -5.51775258E-07
   251.389999      -5.45873547E-07
   251.505005      -5.39839846E-07
   251.619995      -5.33676143E-07
   251.735001      -5.27384714E-07
   251.850006      -5.20968001E-07
   251.964996      -5.14428791E-07
   252.080002      -5.07770039E-07
   252.195007      -5.00994815E-07
   252.309998      -4.94106359E-07
   252.425003      -4.87107968E-07
   252.539993      -4.80002882E-07
   252.654999      -4.72794454E-07
   252.770004      -4.65485840E-07
   252.884995      -4.58080308E-07
   253.000000      -4.50580899E-07
   253.115005      -4.42990597E-07
   253.229996      -4.35312302E-07
   253.345001      -4.27548656E-07
   253.460007      -4.19702133E-07
   253.574997      -4.11775034E-07
   253.690002      -4.03769462E-07
   253.804993      -3.95687294E-07
   253.919998      -3.87530235E-07
   254.035004      -3.79299848E-07
   254.149994      -3.70997611E-07
   254.264999      -3.62624974E-07
   254.380005      -3.54183356E-07
   254.494995      -3.45674209E-07
   254.610001      -3.37099010E-07
   254.725006      -3.28459436E-07
   254.839996      -3.19757078E-07
   254.955002      -3.10993784E-07
   255.070007      -3.02171486E-07
   255.184998      -2.93292260E-07
   255.300003      -2.84358464E-07
   255.414993      -2.75372599E-07
   255.529999      -2.66337480E-07
   255.645004      -2.57256204E-07
   255.759995      -2.48132096E-07
   255.875000      -2.38968738E-07
   255.990005      -2.29769896E-07
   256.105011      -2.20539391E-07
   256.220001      -2.11281105E-07
   256.334991      -2.01998802E-07
   256.450012      -1.92696021E-07
   256.565002      -1.83376017E-07
   256.679993      -1.74041674E-07
   256.795013      -1.64695464E-07
   256.910004      -1.55339364E-07
   257.024994      -1.45974923E-07
   257.140015      -1.36603205E-07
   257.255005      -1.27224936E-07
   257.369995      -1.17840528E-07
   257.484985      -1.08450230E-07
   257.600006      -9.90541764E-08
   257.714996      -8.96525805E-08
   257.829987      -8.02457478E-08
   257.945007      -7.08342327E-08
   258.059998      -6.14188522E-08
   258.174988      -5.20007504E-08
   258.290009      -4.25813589E-08
   258.404999      -3.31624541E-08
   258.519989      -2.37460949E-08
   258.635010      -1.43346233E-08
   258.750000      -4.93063412E-09
   258.864990       4.46303616E-09
   258.980011       1.38433585E-08
   259.095001       2.32071002E-08
   259.209991       3.25509077E-08
   259.325012       4.18713135E-08
   259.440002       5.11648253E-08
   259.554993       6.04279862E-08
   259.670013       6.96574531E-08
   259.785004       7.88500500E-08
   259.899994       8.80028352E-08
   260.015015       9.71131229E-08
   260.130005       1.06178497E-07
   260.244995       1.15196826E-07
   260.359985       1.24166235E-07
   260.475006       1.33085052E-07
   260.589996       1.41951787E-07
   260.704987       1.50765032E-07
   260.820007       1.59523438E-07
   260.934998       1.68225668E-07
   261.049988       1.76870316E-07
   261.165009       1.85455917E-07
   261.279999       1.93980895E-07
   261.394989       2.02443530E-07
   261.510010       2.10842003E-07
   261.625000       2.19174410E-07
   261.739990       2.27438733E-07
   261.855011       2.35632967E-07
   261.970001       2.43755039E-07
   262.084991       2.51802874E-07
   262.200012       2.59774396E-07
   262.315002       2.67667502E-07
   262.429993       2.75480090E-07
   262.545013       2.83209999E-07
   262.660004       2.90855041E-07
   262.774994       2.98412914E-07
   262.890015       3.05881372E-07
   263.005005       3.13258226E-07
   263.119995       3.20541346E-07
   263.234985       3.27728912E-07
   263.350006       3.34819362E-07
   263.464996       3.41811472E-07
   263.579987       3.48704418E-07
   263.695007       3.55497747E-07
   263.809998       3.62191372E-07
   263.924988       3.68785493E-07
   264.040009       3.75280393E-07
   264.154999       3.81676500E-07
   264.269989       3.87974239E-07
   264.385010       3.94173810E-07
   264.500000       4.00275241E-07
   264.614990       4.06278303E-07
   264.730011       4.12182459E-07
   264.845001       4.17986826E-07
   264.959991       4.23690068E-07
   265.075012       4.29290623E-07
   265.190002       4.34786500E-07
   265.304993       4.40175540E-07
   265.420013       4.45455214E-07
   265.535004       4.50622963E-07
   265.649994       4.55676087E-07
   265.765015       4.60611972E-07
   265.880005       4.65428002E-07
   265.994995       4.70121762E-07
   266.109985       4.74690950E-07
   266.225006       4.79133632E-07
   266.339996       4.83447934E-07
   266.454987       4.87632462E-07
   266.570007       4.91686080E-07
   266.684998       4.95607992E-07
   266.799988       4.99397913E-07
   266.915009       5.03055901E-07
   267.029999       5.06582580E-07
   267.144989       5.09979145E-07
   267.260010       5.13247073E-07
   267.375000       5.16388354E-07
   267.489990       5.19405148E-07
   267.605011       5.22299786E-07
   267.720001       5.25074597E-07
   267.834991       5.27731686E-07
   267.950012       5.30272871E-07
   268.065002       5.32699687E-07
   268.179993       5.35013044E-07
   268.295013       5.37213566E-07
   268.410004       5.39301311E-07
   268.524994       5.41275995E-07
   268.640015       5.43136821E-07
   268.755005       5.44882653E-07
   268.869995       5.46512183E-07
   268.984985       5.48023763E-07
   269.100006       5.49415859E-07
   269.214996       5.50686593E-07
   269.329987       5.51834319E-07
   269.445007       5.52857330E-07
   269.559998       5.53754205E-07
   269.674988       5.54523638E-07
   269.790009       5.55164377E-07
   269.904999       5.55675570E-07
   270.019989       5.56056250E-07
   270.135010       5.56305736E-07
   270.250000       5.56423402E-07
   270.364990       5.56408793E-07
   270.480011       5.56261512E-07
   270.595001       5.55981444E-07
   270.709991       5.55568704E-07
   270.825012       5.55023632E-07
   270.940002       5.54346911E-07
   271.054993       5.53539678E-07
   271.170013       5.52603183E-07
   271.285004       5.51539017E-07
   271.399994       5.50348830E-07
   271.515015       5.49034382E-07
   271.630005       5.47597551E-07
   271.744995       5.46040098E-07
   271.859985       5.44363843E-07
   271.975006       5.42570376E-07
   272.089996       5.40661347E-07
   272.204987       5.38638517E-07
   272.320007       5.36503364E-07
   272.434998       5.34257595E-07
   272.549988       5.31902742E-07
   272.665009       5.29440399E-07
   272.779999       5.26872270E-07
   272.894989       5.24199947E-07
   273.010010       5.21424965E-07
   273.125000       5.18549029E-07
   273.239990       5.15573845E-07
   273.355011       5.12500947E-07
   273.470001       5.09332096E-07
   273.584991       5.06068943E-07
   273.700012       5.02713135E-07
   273.815002       4.99266264E-07
   273.929993       4.95729978E-07
   274.045013       4.92105698E-07
   274.160004       4.88394903E-07
   274.274994       4.84598957E-07
   274.390015       4.80719279E-07
   274.505005       4.76757236E-07
   274.619995       4.72714220E-07
   274.734985       4.68591622E-07
   274.850006       4.64390752E-07
   274.964996       4.60112886E-07
   275.079987       4.55759107E-07
   275.195007       4.51330322E-07
   275.309998       4.46827215E-07
   275.424988       4.42250212E-07
   275.540009       4.37599510E-07
   275.654999       4.32875169E-07
   275.769989       4.28077072E-07
   275.885010       4.23205080E-07
   276.000000       4.18259106E-07
   276.114990       4.13239007E-07
   276.230011       4.08144928E-07
   276.345001       4.02977037E-07
   276.459991       3.97735647E-07
   276.575012       3.92421327E-07
   276.690002       3.87034618E-07
   276.804993       3.81576285E-07
   276.920013       3.76047097E-07
   277.035004       3.70447964E-07
   277.149994       3.64779709E-07
   277.265015       3.59043383E-07
   277.380005       3.53239955E-07
   277.494995       3.47370388E-07
   277.609985       3.41435737E-07
   277.725006       3.35437107E-07
   277.839996       3.29375581E-07
   277.954987       3.23252522E-07
   278.070007       3.17069293E-07
   278.184998       3.10827488E-07
   278.299988       3.04528839E-07
   278.415009       2.98175308E-07
   278.529999       2.91769084E-07
   278.644989       2.85312410E-07
   278.760010       2.78807676E-07
   278.875000       2.72257296E-07
   278.989990       2.65663743E-07
   279.105011       2.59029349E-07
   279.220001       2.52356443E-07
   279.334991       2.45647215E-07
   279.450012       2.38903795E-07
   279.565002       2.32128116E-07
   279.679993       2.25322196E-07
   279.795013       2.18487926E-07
   279.910004       2.11627253E-07
   280.024994       2.04742079E-07
   280.140015       1.97834368E-07
   280.255005       1.90906093E-07
   280.369995       1.83959315E-07
   280.484985       1.76996139E-07
   280.600006       1.70018637E-07
   280.714996       1.63028886E-07
   280.829987       1.56028960E-07
   280.945007       1.49020806E-07
   281.059998       1.42006286E-07
   281.174988       1.34987218E-07
   281.290009       1.27965208E-07
   281.404999       1.20941777E-07
   281.519989       1.13918318E-07
   281.635010       1.06896174E-07
   281.750000       9.98765657E-08
   281.864990       9.28607804E-08
   281.980011       8.58499689E-08
   282.095001       7.88453107E-08
   282.209991       7.18479072E-08
   282.325012       6.48587601E-08
   282.440002       5.78788040E-08
   282.554993       5.09088522E-08
   282.670013       4.39495906E-08
   282.785004       3.70015627E-08
   282.899994       3.00652800E-08
   283.015015       2.31411512E-08
   283.130005       1.62296292E-08
   283.244995       9.33116517E-09
   283.359985       2.44634135E-09
   283.475006      -4.42416015E-09
   283.589996      -1.12794902E-08
   283.704987      -1.81185644E-08
   283.820007      -2.49400856E-08
   283.934998      -3.17425197E-08
   284.049988      -3.85240853E-08
   284.165009      -4.52827749E-08
   284.279999      -5.20163219E-08
   284.394989      -5.87222928E-08
   284.510010      -6.53981473E-08
   284.625000      -7.20412388E-08
   284.739990      -7.86489025E-08
   284.855011      -8.52184598E-08
   284.970001      -9.17473244E-08
   285.084991      -9.82329098E-08
   285.200012      -1.04672822E-07
   285.315002      -1.11064693E-07
   285.429993      -1.17406252E-07
   285.545013      -1.23695358E-07
   285.660004      -1.29930115E-07
   285.774994      -1.36108852E-07
   285.890015      -1.42230235E-07
   286.005005      -1.48293353E-07
   286.119995      -1.54297652E-07
   286.234985      -1.60243076E-07
   286.350006      -1.66129965E-07
   286.464996      -1.71958902E-07
   286.579987      -1.77730740E-07
   286.695007      -1.83446389E-07
   286.809998      -1.89106771E-07
   286.924988      -1.94712612E-07
   287.040009      -2.00264381E-07
   287.154999      -2.05762291E-07
   287.269989      -2.11206270E-07
   287.385010      -2.16595922E-07
   287.500000      -2.21930591E-07
   287.614990      -2.27209398E-07
   287.730011      -2.32431276E-07
   287.845001      -2.37594932E-07
   287.959991      -2.42699059E-07
   288.075012      -2.47742122E-07
   288.190002      -2.52722600E-07
   288.304993      -2.57638902E-07
   288.420013      -2.62489408E-07
   288.535004      -2.67272412E-07
   288.649994      -2.71986210E-07
   288.765015      -2.76629095E-07
   288.880005      -2.81199164E-07
   288.994995      -2.85694455E-07
   289.109985      -2.90112951E-07
   289.225006      -2.94452434E-07
   289.339996      -2.98710688E-07
   289.454987      -3.02885553E-07
   289.570007      -3.06974869E-07
   289.684998      -3.10976816E-07
   289.799988      -3.14889945E-07
   289.915009      -3.18713063E-07
   290.029999      -3.22445544E-07
   290.144989      -3.26087246E-07
   290.260010      -3.29638397E-07
   290.375000      -3.33099706E-07
   290.489990      -3.36472112E-07
   290.605011      -3.39756809E-07
   290.720001      -3.42955218E-07
   290.834991      -3.46068930E-07
   290.950012      -3.49099594E-07
   291.065002      -3.52048943E-07
   291.179993      -3.54918768E-07
   291.295013      -3.57710860E-07
   291.410004      -3.60426895E-07
   291.524994      -3.63068438E-07
   291.640015      -3.65636680E-07
   291.755005      -3.68132561E-07
   291.869995      -3.70556535E-07
   291.984985      -3.72908630E-07
   292.100006      -3.75188364E-07
   292.214996      -3.77394827E-07
   292.329987      -3.79526654E-07
   292.445007      -3.81582254E-07
   292.559998      -3.83559666E-07
   292.674988      -3.85456786E-07
   292.790009      -3.87271371E-07
   292.904999      -3.89001173E-07
   293.019989      -3.90643947E-07
   293.135010      -3.92197535E-07
   293.250000      -3.93659974E-07
   293.364990      -3.95029502E-07
   293.480011      -3.96304728E-07
   293.595001      -3.97484399E-07
   293.709991      -3.98567693E-07
   293.825012      -3.99553983E-07
   293.940002      -4.00442900E-07
   294.054993      -4.01234217E-07
   294.170013      -4.01927792E-07
   294.285004      -4.02523540E-07
   294.399994      -4.03021318E-07
   294.515015      -4.03421012E-07
   294.630005      -4.03722481E-07
   294.744995      -4.03925725E-07
   294.859985      -4.04030715E-07
   294.975006      -4.04037593E-07
   295.089996      -4.03946643E-07
   295.204987      -4.03758264E-07
   295.320007      -4.03472995E-07
   295.434998      -4.03091377E-07
   295.549988      -4.02614120E-07
   295.665009      -4.02041849E-07
   295.779999      -4.01375161E-07
   295.894989      -4.00614681E-07
   296.010010      -3.99760864E-07
   296.125000      -3.98814194E-07
   296.239990      -3.97775096E-07
   296.355011      -3.96643884E-07
   296.470001      -3.95420784E-07
   296.584991      -3.94106110E-07
   296.700012      -3.92700031E-07
   296.815002      -3.91202747E-07
   296.929993      -3.89614598E-07
   297.045013      -3.87935927E-07
   297.160004      -3.86167301E-07
   297.274994      -3.84309431E-07
   297.390015      -3.82363254E-07
   297.505005      -3.80329965E-07
   297.619995      -3.78210899E-07
   297.734985      -3.76007478E-07
   297.850006      -3.73721235E-07
   297.964996      -3.71353622E-07
   298.079987      -3.68906029E-07
   298.195007      -3.66379624E-07
   298.309998      -3.63775399E-07
   298.424988      -3.61094152E-07
   298.540009      -3.58336365E-07
   298.654999      -3.55502351E-07
   298.769989      -3.52592252E-07
   298.885010      -3.49606097E-07
   299.000000      -3.46543771E-07
   299.114990      -3.43405162E-07
   299.230011      -3.40190127E-07
   299.345001      -3.36898523E-07
   299.459991      -3.33530380E-07
   299.575012      -3.30085697E-07
   299.690002      -3.26564646E-07
   299.804993      -3.22967509E-07
   299.920013      -3.19294600E-07
   300.035004      -3.15546458E-07
   300.149994      -3.11723682E-07
   300.265015      -3.07826980E-07
   300.380005      -3.03857348E-07
   300.494995      -2.99815810E-07
   300.609985      -2.95703671E-07
   300.725006      -2.91522383E-07
   300.839996      -2.87273565E-07
   300.954987      -2.82958979E-07
   301.070007      -2.78580558E-07
   301.184998      -2.74140120E-07
   301.299988      -2.69639543E-07
   301.415009      -2.65080558E-07
   301.529999      -2.60464674E-07
   301.644989      -2.55793225E-07
   301.760010      -2.51067149E-07
   301.875000      -2.46287158E-07
   301.989990      -2.41453762E-07
   302.105011      -2.36567075E-07
   302.220001      -2.31627197E-07
   302.334991      -2.26634029E-07
   302.450012      -2.21587499E-07
   302.565002      -2.16487550E-07
   302.679993      -2.11334239E-07
   302.795013      -2.06127751E-07
   302.910004      -2.00868513E-07
   303.024994      -1.95557135E-07
   303.140015      -1.90194385E-07
   303.255005      -1.84781300E-07
   303.369995      -1.79318974E-07
   303.484985      -1.73808658E-07
   303.600006      -1.68251603E-07
   303.714996      -1.62649087E-07
   303.829987      -1.57002319E-07
   303.945007      -1.51312506E-07
   304.059998      -1.45580785E-07
   304.174988      -1.39808265E-07
   304.290009      -1.33996053E-07
   304.404999      -1.28145302E-07
   304.519989      -1.22257191E-07
   304.635010      -1.16332920E-07
   304.750000      -1.10373769E-07
   304.864990      -1.04381009E-07
   304.980011      -9.83559190E-08
   305.095001      -9.22997216E-08
   305.209991      -8.62135892E-08
   305.325012      -8.00986442E-08
   305.440002      -7.39559880E-08
   305.554993      -6.77867078E-08
   305.670013      -6.15919191E-08
   305.785004      -5.53727730E-08
   305.899994      -4.91305094E-08
   306.015015      -4.28664251E-08
   306.130005      -3.65818771E-08
   306.244995      -3.02782439E-08
   306.359985      -2.39569324E-08
   306.475006      -1.76193158E-08
   306.589996      -1.12667369E-08
   306.704987      -4.90050045E-09
   306.820007       1.47814605E-09
   306.934998       7.86797827E-09
   307.049988       1.42678234E-08
   307.165009       2.06765431E-08
   307.279999       2.70930514E-08
   307.394989       3.35162973E-08
   307.510010       3.99452809E-08
   307.625000       4.63790286E-08
   307.739990       5.28165565E-08
   307.855011       5.92568128E-08
   307.970001       6.56986643E-08
   308.084991       7.21407787E-08
   308.200012       7.85816283E-08
   308.315002       8.50194581E-08
   308.429993       9.14522928E-08
   308.545013       9.78779582E-08
   308.660004       1.04294166E-07
   308.774994       1.10698544E-07
   308.890015       1.17088732E-07
   309.005005       1.23462456E-07
   309.119995       1.29817579E-07
   309.234985       1.36152096E-07
   309.350006       1.42464174E-07
   309.464996       1.48752235E-07
   309.579987       1.55014845E-07
   309.695007       1.61250796E-07
   309.809998       1.67459064E-07
   309.924988       1.73638796E-07
   310.040009       1.79789325E-07
   310.154999       1.85910082E-07
   310.269989       1.92000627E-07
   310.385010       1.98060533E-07
