   0.00000000       0.00000000    
  0.115000002       0.00000000    
  0.230000004       0.00000000    
  0.344999999      -6.70125197E-22
  0.460000008      -4.36675229E-21
  0.574999988      -1.44104265E-20
  0.689999998      -3.15241375E-20
  0.805000007      -4.91900529E-20
  0.920000017      -5.27242531E-20
   1.03499997      -2.75981606E-20
   1.14999998       2.09781792E-20
   1.26499999       4.28097374E-20
   1.38000000      -7.39592461E-20
   1.49500000      -4.92663241E-19
   1.61000001      -1.37928541E-18
   1.72500002      -2.82330846E-18
   1.84000003      -4.76693310E-18
   1.95500004      -7.01045164E-18
   2.06999993      -9.37124662E-18
   2.18499994      -1.20450145E-17
   2.29999995      -1.61395097E-17
   2.41499996      -2.42301285E-17
   2.52999997      -4.06543191E-17
   2.64499998      -7.11715861E-17
   2.75999999      -1.21633468E-16
   2.87500000      -1.95486416E-16
   2.99000001      -2.90288647E-16
   3.10500002      -3.93913281E-16
   3.22000003      -4.81623093E-16
   3.33500004      -5.15560844E-16
   3.45000005      -4.48209496E-16
   3.56500006      -2.30884241E-16
   3.68000007       1.72735283E-16
   3.79500008       7.69534832E-16
   3.91000009       1.51955011E-15
   4.02500010       2.32283857E-15
   4.13999987       3.01596775E-15
   4.25500011       3.38295621E-15
   4.36999989       3.18357460E-15
   4.48500013       2.19860446E-15
   4.59999990       2.87406458E-16
   4.71500015      -2.55125794E-15
   4.82999992      -6.12774000E-15
   4.94500017      -1.00335872E-14
   5.05999994      -1.36502883E-14
   5.17500019      -1.62035387E-14
   5.28999996      -1.68646903E-14
   5.40500021      -1.48918811E-14
   5.51999998      -9.79361432E-15
   5.63500023      -1.48925237E-15
   5.75000000       9.56437671E-15
   5.86499977       2.23112358E-14
   5.98000002       3.51250570E-14
   6.09499979       4.59436905E-14
   6.21000004       5.25081247E-14
   6.32499981       5.26872111E-14
   6.44000006       4.48512009E-14
   6.55499983       2.82424671E-14
   6.67000008       3.28307090E-15
   6.78499985      -2.82414879E-14
   6.90000010      -6.31735671E-14
   7.01499987      -9.71822923E-14
   7.13000011      -1.25176250E-13
   7.24499989      -1.41904134E-13
   7.36000013      -1.42686481E-13
   7.47499990      -1.24191971E-13
   7.59000015      -8.51536859E-14
   7.70499992      -2.69126626E-14
   7.82000017       4.63154465E-14
   7.93499994       1.27530541E-13
   8.05000019       2.07437732E-13
   8.16499996       2.75329076E-13
   8.27999973       3.20296741E-13
   8.39500046       3.32664072E-13
   8.51000023       3.05477350E-13
   8.62500000       2.35871110E-13
   8.73999977       1.26114722E-13
   8.85499954      -1.58405410E-14
   8.97000027      -1.76451383E-13
   9.08500004      -3.37388320E-13
   9.19999981      -4.77057521E-13
   9.31499958      -5.72752837E-13
   9.43000031      -6.03266352E-13
   9.54500008      -5.51707985E-13
   9.65999985      -4.08231175E-13
   9.77499962      -1.72330547E-13
   9.89000034       1.45615033E-13
   10.0050001       5.23834394E-13
   10.1199999       9.29897001E-13
   10.2349997       1.32277045E-12
   10.3500004       1.65615698E-12
   10.4650002       1.88290833E-12
   10.5799999       1.96017833E-12
   10.6949997       1.85484245E-12
   10.8100004       1.54862592E-12
   10.9250002       1.04234124E-12
   11.0400000       3.58654214E-13
   11.1549997      -4.57124193E-13
   11.2700005      -1.33857682E-12
   11.3850002      -2.20221302E-12
   11.5000000      -2.95393397E-12
   11.6149998      -3.49760932E-12
   11.7299995      -3.74520467E-12
   11.8450003      -3.62768648E-12
   11.9600000      -3.10574982E-12
   12.0749998      -2.17932638E-12
   12.1899996      -8.94793896E-13
   12.3050003       6.51102327E-13
   12.4200001       2.31148347E-12
   12.5349998       3.89430979E-12
   12.6499996       5.17240330E-12
   12.7650003       5.89842194E-12
   12.8800001       5.82432323E-12
   12.9949999       4.72438234E-12
   13.1099997       2.42050564E-12
   13.2250004      -1.19183461E-12
   13.3400002      -6.11893262E-12
   13.4549999      -1.22475554E-11
   13.5699997      -1.93291026E-11
   13.6850004      -2.69712273E-11
   13.8000002      -3.46386357E-11
   13.9150000      -4.16643421E-11
   14.0299997      -4.72720751E-11
   14.1450005      -5.06098462E-11
   14.2600002      -5.07938101E-11
   14.3750000      -4.69609074E-11
   14.4899998      -3.83276882E-11
   14.6049995      -2.42522270E-11
   14.7200003      -4.29536094E-12
   14.8350000       2.17228752E-11
   14.9499998       5.36758277E-11
   15.0649996       9.10958253E-11
   15.1800003       1.33156292E-10
   15.2950001       1.78673173E-10
   15.4099998       2.26127117E-10
   15.5249996       2.73706835E-10
   15.6400003       3.19372806E-10
   15.7550001       3.60938612E-10
   15.8699999       3.96166572E-10
   15.9849997       4.22872654E-10
   16.1000004       4.39035419E-10
   16.2150002       4.42902770E-10
   16.3299999       4.33090702E-10
   16.4449997       4.08668321E-10
   16.5599995       3.69224540E-10
   16.6749992       3.14912207E-10
   16.7900009       2.46467680E-10
   16.9050007       1.65204364E-10
   17.0200005       7.29809685E-11
   17.1350002      -2.78538061E-11
   17.2500000      -1.34537048E-10
   17.3649998      -2.43983889E-10
   17.4799995      -3.52891466E-10
   17.5949993      -4.57849453E-10
   17.7099991      -5.55452240E-10
   17.8250008      -6.42407516E-10
   17.9400005      -7.15637438E-10
   18.0550003      -7.72368391E-10
   18.1700001      -8.10206569E-10
   18.2849998      -8.27197533E-10
   18.3999996      -8.21868518E-10
   18.5149994      -7.93252797E-10
   18.6299992      -7.40896955E-10
   18.7450008      -6.64851230E-10
   18.8600006      -5.65644531E-10
   18.9750004      -4.44244946E-10
   19.0900002      -3.02008474E-10
   19.2049999      -1.40616463E-10
   19.3199997       3.79948607E-11
   19.4349995       2.31712330E-10
   19.5499992       4.38326819E-10
   19.6650009       6.55616839E-10
   19.7800007       8.81430484E-10
   19.8950005       1.11376386E-09
   20.0100002       1.35083167E-09
   20.1250000       1.59112834E-09
   20.2399998       1.83347537E-09
   20.3549995       2.07705231E-09
   20.4699993       2.32140995E-09
   20.5849991       2.56646282E-09
   20.7000008       2.81246182E-09
   20.8150005       3.05994519E-09
   20.9300003       3.30967365E-09
   21.0450001       3.56254959E-09
   21.1599998       3.81952248E-09
   21.2749996       4.08149337E-09
   21.3899994       4.34921743E-09
   21.5049992       4.62321337E-09
   21.6200008       4.90368501E-09
   21.7350006       5.19046672E-09
   21.8500004       5.48298518E-09
   21.9650002       5.78025405E-09
   22.0799999       6.08089534E-09
   22.1949997       6.38318509E-09
   22.3099995       6.68513067E-09
   22.4249992       6.98456448E-09
   22.5400009       7.27925364E-09
   22.6550007       7.56701812E-09
   22.7700005       7.84585286E-09
   22.8850002       8.11403567E-09
   23.0000000       8.37022540E-09
   23.1149998       8.61353922E-09
   23.2299995       8.84360407E-09
   23.3449993       9.06057629E-09
   23.4599991       9.26513533E-09
   23.5750008       9.45844469E-09
   23.6900005       9.64209157E-09
   23.8050003       9.81799797E-09
   23.9200001       9.98831950E-09
   24.0349998       1.01553290E-08
   24.1499996       1.03213011E-08
   24.2649994       1.04883879E-08
   24.3799992       1.06585123E-08
   24.4950008       1.08332658E-08
   24.6100006       1.10138254E-08
   24.7250004       1.12008802E-08
   24.8400002       1.13945919E-08
   24.9549999       1.15945618E-08
   25.0699997       1.17998162E-08
   25.1849995       1.20088126E-08
   25.2999992       1.22194646E-08
   25.4150009       1.24291670E-08
   25.5300007       1.26348372E-08
   25.6450005       1.28329676E-08
   25.7600002       1.30196707E-08
   25.8750000       1.31907330E-08
   25.9899998       1.33416744E-08
   26.1049995       1.34677984E-08
   26.2199993       1.35642457E-08
   26.3349991       1.36260443E-08
   26.4500008       1.36481626E-08
   26.5650005       1.36255540E-08
   26.6800003       1.35532021E-08
   26.7950001       1.34261642E-08
   26.9099998       1.32396103E-08
   27.0249996       1.29888633E-08
   27.1399994       1.26694264E-08
   27.2549992       1.22770176E-08
   27.3700008       1.18075887E-08
   27.4850006       1.12573444E-08
   27.6000004       1.06227551E-08
   27.7150002       9.90055948E-09
   27.8299999       9.08776698E-09
   27.9449997       8.18164914E-09
   28.0599995       7.17973281E-09
   28.1749992       6.07978601E-09
   28.2900009       4.87980456E-09
   28.4050007       3.57800634E-09
   28.5200005       2.17281859E-09
   28.6350002       6.62883637E-10
   28.7500000      -9.52940948E-10
   28.8649998      -2.67556111E-09
   28.9799995      -4.50562876E-09
   29.0949993      -6.44351239E-09
   29.2099991      -8.48925907E-09
   29.3250008      -1.06425642E-08
   29.4400005      -1.29027304E-08
   29.5550003      -1.52686450E-08
   29.6700001      -1.77387562E-08
   29.7849998      -2.03110702E-08
   29.8999996      -2.29831603E-08
   30.0149994      -2.57522057E-08
   30.1299992      -2.86150303E-08
   30.2450008      -3.15681845E-08
   30.3600006      -3.46080320E-08
   30.4750004      -3.77308531E-08
   30.5900002      -4.09329637E-08
   30.7049999      -4.42108430E-08
   30.8199997      -4.75612332E-08
   30.9349995      -5.09812779E-08
   31.0499992      -5.44686110E-08
   31.1650009      -5.80214348E-08
   31.2800007      -6.16385876E-08
   31.3950005      -6.53195755E-08
   31.5100002      -6.90646047E-08
   31.6250000      -7.28745349E-08
   31.7399998      -7.67509007E-08
   31.8549995      -8.06958198E-08
   31.9699993      -8.47119708E-08
   32.0849991      -8.88025227E-08
   32.2000008      -9.29710282E-08
   32.3149986      -9.72214238E-08
   32.4300003      -1.01557923E-07
   32.5449982      -1.05984981E-07
   32.6599998      -1.10507244E-07
   32.7750015      -1.15129524E-07
   32.8899994      -1.19856722E-07
   33.0050011      -1.24693827E-07
   33.1199989      -1.29645898E-07
   33.2350006      -1.34718007E-07
   33.3499985      -1.39915187E-07
   33.4650002      -1.45242453E-07
   33.5800018      -1.50704750E-07
   33.6949997      -1.56306982E-07
   33.8100014      -1.62053880E-07
   33.9249992      -1.67950063E-07
   34.0400009      -1.74000050E-07
   34.1549988      -1.80208218E-07
   34.2700005      -1.86578859E-07
   34.3849983      -1.93116136E-07
   34.5000000      -1.99824200E-07
   34.6150017      -2.06707099E-07
   34.7299995      -2.13768928E-07
   34.8450012      -2.21013707E-07
   34.9599991      -2.28445543E-07
   35.0750008      -2.36068516E-07
   35.1899986      -2.43886660E-07
   35.3050003      -2.51904027E-07
   35.4199982      -2.60124580E-07
   35.5349998      -2.68552157E-07
   35.6500015      -2.77190424E-07
   35.7649994      -2.86042905E-07
   35.8800011      -2.95112869E-07
   35.9949989      -3.04403386E-07
   36.1100006      -3.13917297E-07
   36.2249985      -3.23657247E-07
   36.3400002      -3.33625707E-07
   36.4550018      -3.43824979E-07
   36.5699997      -3.54257452E-07
   36.6850014      -3.64925342E-07
   36.7999992      -3.75831036E-07
   36.9150009      -3.86976922E-07
   37.0299988      -3.98365557E-07
   37.1450005      -4.09999586E-07
   37.2599983      -4.21881765E-07
   37.3750000      -4.34014964E-07
   37.4900017      -4.46401970E-07
   37.6049995      -4.59045594E-07
   37.7200012      -4.71948482E-07
   37.8349991      -4.85113048E-07
   37.9500008      -4.98541283E-07
   38.0649986      -5.12234806E-07
   38.1800003      -5.26194867E-07
   38.2949982      -5.40421922E-07
   38.4099998      -5.54915971E-07
   38.5250015      -5.69676502E-07
   38.6399994      -5.84702263E-07
   38.7550011      -5.99991608E-07
   38.8699989      -6.15542547E-07
   38.9850006      -6.31352748E-07
   39.0999985      -6.47419768E-07
   39.2150002      -6.63741048E-07
   39.3300018      -6.80314372E-07
   39.4449997      -6.97137637E-07
   39.5600014      -7.14209250E-07
   39.6749992      -7.31528303E-07
   39.7900009      -7.49094113E-07
   39.9049988      -7.66907021E-07
   40.0200005      -7.84967824E-07
   40.1349983      -8.03277715E-07
   40.2500000      -8.21838682E-07
   40.3650017      -8.40653001E-07
   40.4799995      -8.59723173E-07
   40.5950012      -8.79051868E-07
   40.7099991      -8.98641645E-07
   40.8250008      -9.18494891E-07
   40.9399986      -9.38613766E-07
   41.0550003      -9.58999749E-07
   41.1699982      -9.79653919E-07
   41.2849998      -1.00057684E-06
   41.4000015      -1.02176818E-06
   41.5149994      -1.04322726E-06
   41.6300011      -1.06495224E-06
   41.7449989      -1.08694132E-06
   41.8600006      -1.10919143E-06
   41.9749985      -1.13169938E-06
   42.0900002      -1.15446130E-06
   42.2050018      -1.17747311E-06
   42.3199997      -1.20072991E-06
   42.4350014      -1.22422659E-06
   42.5499992      -1.24795804E-06
   42.6650009      -1.27191856E-06
   42.7799988      -1.29610237E-06
   42.8950005      -1.32050332E-06
   43.0099983      -1.34511527E-06
   43.1250000      -1.36993185E-06
   43.2400017      -1.39494659E-06
   43.3549995      -1.42015290E-06
   43.4700012      -1.44554451E-06
   43.5849991      -1.47111462E-06
   43.7000008      -1.49685695E-06
   43.8149986      -1.52276516E-06
   43.9300003      -1.54883298E-06
   44.0449982      -1.57505440E-06
   44.1599998      -1.60142383E-06
   44.2750015      -1.62793549E-06
   44.3899994      -1.65458380E-06
   44.5050011      -1.68136398E-06
   44.6199989      -1.70827059E-06
   44.7350006      -1.73529884E-06
   44.8499985      -1.76244373E-06
   44.9650002      -1.78970038E-06
   45.0800018      -1.81706366E-06
   45.1949997      -1.84452858E-06
   45.3100014      -1.87209002E-06
   45.4249992      -1.89974230E-06
   45.5400009      -1.92747962E-06
   45.6549988      -1.95529606E-06
   45.7700005      -1.98318548E-06
   45.8849983      -2.01114085E-06
   46.0000000      -2.03915579E-06
   46.1150017      -2.06722279E-06
   46.2299995      -2.09533459E-06
   46.3450012      -2.12348368E-06
   46.4599991      -2.15166187E-06
   46.5750008      -2.17986099E-06
   46.6899986      -2.20807306E-06
   46.8050003      -2.23628945E-06
   46.9199982      -2.26450152E-06
   47.0349998      -2.29269995E-06
   47.1500015      -2.32087586E-06
   47.2649994      -2.34901950E-06
   47.3800011      -2.37712175E-06
   47.4949989      -2.40517284E-06
   47.6100006      -2.43316276E-06
   47.7249985      -2.46108198E-06
   47.8400002      -2.48892070E-06
   47.9550018      -2.51666938E-06
   48.0699997      -2.54431802E-06
   48.1850014      -2.57185775E-06
   48.2999992      -2.59927924E-06
   48.4150009      -2.62657363E-06
   48.5299988      -2.65373183E-06
   48.6450005      -2.68074609E-06
   48.7599983      -2.70760779E-06
   48.8750000      -2.73430874E-06
   48.9900017      -2.76084143E-06
   49.1049995      -2.78719813E-06
   49.2200012      -2.81337088E-06
   49.3349991      -2.83935196E-06
   49.4500008      -2.86513318E-06
   49.5649986      -2.89070613E-06
   49.6800003      -2.91606261E-06
   49.7949982      -2.94119332E-06
   49.9099998      -2.96608914E-06
   50.0250015      -2.99074054E-06
   50.1399994      -3.01513774E-06
   50.2550011      -3.03927050E-06
   50.3699989      -3.06312836E-06
   50.4850006      -3.08669996E-06
   50.5999985      -3.10997461E-06
   50.7150002      -3.13294117E-06
   50.8300018      -3.15558759E-06
   50.9449997      -3.17790318E-06
   51.0600014      -3.19987612E-06
   51.1749992      -3.22149549E-06
   51.2900009      -3.24274970E-06
   51.4049988      -3.26362829E-06
   51.5200005      -3.28412079E-06
   51.6349983      -3.30421653E-06
   51.7500000      -3.32390528E-06
   51.8650017      -3.34317747E-06
   51.9799995      -3.36202311E-06
   52.0950012      -3.38043378E-06
   52.2099991      -3.39840017E-06
   52.3250008      -3.41591340E-06
   52.4399986      -3.43296483E-06
   52.5550003      -3.44954628E-06
   52.6699982      -3.46564934E-06
   52.7849998      -3.48126559E-06
   52.9000015      -3.49638731E-06
   53.0149994      -3.51100562E-06
   53.1300011      -3.52511302E-06
   53.2449989      -3.53870041E-06
   53.3600006      -3.55175894E-06
   53.4749985      -3.56428041E-06
   53.5900002      -3.57625504E-06
   53.7050018      -3.58767397E-06
   53.8199997      -3.59852720E-06
   53.9350014      -3.60880540E-06
   54.0499992      -3.61849857E-06
   54.1650009      -3.62759647E-06
   54.2799988      -3.63608910E-06
   54.3950005      -3.64396601E-06
   54.5099983      -3.65121741E-06
   54.6250000      -3.65783330E-06
   54.7400017      -3.66380482E-06
   54.8549995      -3.66912309E-06
   54.9700012      -3.67377856E-06
   55.0849991      -3.67776352E-06
   55.2000008      -3.68107021E-06
   55.3149986      -3.68369092E-06
   55.4300003      -3.68561928E-06
   55.5449982      -3.68684846E-06
   55.6599998      -3.68737210E-06
   55.7750015      -3.68718361E-06
   55.8899994      -3.68627684E-06
   56.0050011      -3.68464521E-06
   56.1199989      -3.68228234E-06
   56.2350006      -3.67918165E-06
   56.3499985      -3.67533653E-06
   56.4650002      -3.67074063E-06
   56.5800018      -3.66538688E-06
   56.6949997      -3.65926803E-06
   56.8100014      -3.65237747E-06
   56.9249992      -3.64470861E-06
   57.0400009      -3.63625486E-06
   57.1549988      -3.62700962E-06
   57.2700005      -3.61696698E-06
   57.3849983      -3.60612080E-06
   57.5000000      -3.59446562E-06
   57.6150017      -3.58199577E-06
   57.7299995      -3.56870669E-06
   57.8450012      -3.55459315E-06
   57.9599991      -3.53965152E-06
   58.0750008      -3.52387724E-06
   58.1899986      -3.50726714E-06
   58.3050003      -3.48981735E-06
   58.4199982      -3.47152536E-06
   58.5349998      -3.45238823E-06
   58.6500015      -3.43240367E-06
   58.7649994      -3.41156942E-06
   58.8800011      -3.38988411E-06
   58.9949989      -3.36734593E-06
   59.1100006      -3.34395395E-06
   59.2249985      -3.31970773E-06
   59.3400002      -3.29460659E-06
   59.4550018      -3.26865120E-06
   59.5699997      -3.24184202E-06
   59.6850014      -3.21418020E-06
   59.7999992      -3.18566799E-06
   59.9150009      -3.15630746E-06
   60.0299988      -3.12610177E-06
   60.1450005      -3.09505413E-06
   60.2599983      -3.06316906E-06
   60.3750000      -3.03045044E-06
   60.4900017      -2.99690350E-06
   60.6049995      -2.96253302E-06
   60.7200012      -2.92734376E-06
   60.8349991      -2.89134073E-06
   60.9500008      -2.85452893E-06
   61.0649986      -2.81691291E-06
   61.1800003      -2.77849722E-06
   61.2949982      -2.73928572E-06
   61.4099998      -2.69928228E-06
   61.5250015      -2.65849076E-06
   61.6399994      -2.61691434E-06
   61.7550011      -2.57455622E-06
   61.8699989      -2.53141934E-06
   61.9850006      -2.48750666E-06
   62.0999985      -2.44282069E-06
   62.2150002      -2.39736482E-06
   62.3300018      -2.35114135E-06
   62.4449997      -2.30415367E-06
   62.5600014      -2.25640474E-06
   62.6749992      -2.20789752E-06
   62.7900009      -2.15863565E-06
   62.9049988      -2.10862231E-06
   63.0200005      -2.05786182E-06
   63.1349983      -2.00635782E-06
   63.2500000      -1.95411508E-06
   63.3650017      -1.90113826E-06
   63.4799995      -1.84743283E-06
   63.5950012      -1.79300446E-06
   63.7099991      -1.73785952E-06
   63.8250008      -1.68200461E-06
   63.9399986      -1.62544745E-06
   64.0550003      -1.56819590E-06
   64.1699982      -1.51025870E-06
   64.2850037      -1.45164495E-06
   64.4000015      -1.39236442E-06
   64.5149994      -1.33242770E-06
   64.6299973      -1.27184558E-06
   64.7450027      -1.21062965E-06
   64.8600006      -1.14879185E-06
   64.9749985      -1.08634492E-06
   65.0899963      -1.02330171E-06
   65.2050018      -9.59675845E-07
   65.3199997      -8.95481207E-07
   65.4349976      -8.30732006E-07
   65.5500031      -7.65442849E-07
   65.6650009      -6.99628345E-07
   65.7799988      -6.33303500E-07
   65.8949966      -5.66483266E-07
   66.0100021      -4.99182363E-07
   66.1250000      -4.31415799E-07
   66.2399979      -3.63197842E-07
   66.3550034      -2.94542758E-07
   66.4700012      -2.25464447E-07
   66.5849991      -1.55976167E-07
   66.6999969      -8.60912621E-08
   66.8150024      -1.58220317E-08
   66.9300003       5.48191217E-08
   67.0449982       1.25820250E-07
   67.1600037       1.97170081E-07
   67.2750015       2.68857264E-07
   67.3899994       3.40870685E-07
   67.5049973       4.13199018E-07
   67.6200027       4.85831038E-07
   67.7350006       5.58755289E-07
   67.8499985       6.31959836E-07
   67.9649963       7.05432171E-07
   68.0800018       7.79159450E-07
   68.1949997       8.53127972E-07
   68.3099976       9.27323015E-07
   68.4250031       1.00172929E-06
   68.5400009       1.07633070E-06
   68.6549988       1.15111004E-06
   68.7699966       1.22604990E-06
   68.8850021       1.30113153E-06
   69.0000000       1.37633606E-06
   69.1149979       1.45164404E-06
   69.2300034       1.52703603E-06
   69.3450012       1.60249238E-06
   69.4599991       1.67799362E-06
   69.5749969       1.75352034E-06
   69.6900024       1.82905376E-06
   69.8050003       1.90457524E-06
   69.9199982       1.98006637E-06
   70.0350037       2.05550964E-06
   70.1500015       2.13088697E-06
   70.2649994       2.20618153E-06
   70.3799973       2.28137492E-06
   70.4950027       2.35644984E-06
   70.6100006       2.43138811E-06
   70.7249985       2.50617131E-06
   70.8399963       2.58078080E-06
   70.9550018       2.65519679E-06
   71.0699997       2.72939997E-06
   71.1849976       2.80337031E-06
   71.3000031       2.87708713E-06
   71.4150009       2.95052996E-06
   71.5299988       3.02367835E-06
   71.6449966       3.09651182E-06
   71.7600021       3.16901082E-06
   71.8750000       3.24115558E-06
   71.9899979       3.31292790E-06
   72.1050034       3.38430891E-06
   72.2200012       3.45528179E-06
   72.3349991       3.52582992E-06
   72.4499969       3.59593764E-06
   72.5650024       3.66558947E-06
   72.6800003       3.73477133E-06
   72.7949982       3.80346887E-06
   72.9100037       3.87166801E-06
   73.0250015       3.93935488E-06
   73.1399994       4.00651516E-06
   73.2549973       4.07313564E-06
   73.3700027       4.13920179E-06
   73.4850006       4.20469951E-06
   73.5999985       4.26961333E-06
   73.7149963       4.33392916E-06
   73.8300018       4.39763244E-06
   73.9449997       4.46070726E-06
   74.0599976       4.52313861E-06
   74.1750031       4.58491149E-06
   74.2900009       4.64600953E-06
   74.4049988       4.70641771E-06
   74.5199966       4.76612058E-06
   74.6350021       4.82510177E-06
   74.7500000       4.88334672E-06
   74.8649979       4.94083906E-06
   74.9800034       4.99756288E-06
   75.0950012       5.05350317E-06
   75.2099991       5.10864356E-06
   75.3249969       5.16296859E-06
   75.4400024       5.21646189E-06
   75.5550003       5.26910708E-06
   75.6699982       5.32088870E-06
   75.7850037       5.37178994E-06
   75.9000015       5.42179532E-06
   76.0149994       5.47088803E-06
   76.1299973       5.51905350E-06
   76.2450027       5.56627629E-06
   76.3600006       5.61254183E-06
   76.4749985       5.65783648E-06
   76.5899963       5.70214706E-06
   76.7050018       5.74546084E-06
   76.8199997       5.78776644E-06
   76.9349976       5.82905386E-06
   77.0500031       5.86931219E-06
   77.1650009       5.90853369E-06
   77.2799988       5.94670837E-06
   77.3949966       5.98382894E-06
   77.5100021       6.01988722E-06
   77.6250000       6.05487412E-06
   77.7399979       6.08878281E-06
   77.8550034       6.12160466E-06
   77.9700012       6.15333056E-06
   78.0849991       6.18395234E-06
   78.1999969       6.21345998E-06
   78.3150024       6.24184531E-06
   78.4300003       6.26909832E-06
   78.5449982       6.29520946E-06
   78.6600037       6.32017009E-06
   78.7750015       6.34397156E-06
   78.8899994       6.36660479E-06
   79.0049973       6.38806205E-06
   79.1200027       6.40833559E-06
   79.2350006       6.42741770E-06
   79.3499985       6.44530246E-06
   79.4649963       6.46198259E-06
   79.5800018       6.47745310E-06
   79.6949997       6.49170897E-06
   79.8099976       6.50474385E-06
   79.9250031       6.51655409E-06
   80.0400009       6.52713470E-06
   80.1549988       6.53648112E-06
   80.2699966       6.54459018E-06
   80.3850021       6.55145777E-06
   80.5000000       6.55707981E-06
   80.6149979       6.56145357E-06
   80.7300034       6.56457496E-06
   80.8450012       6.56644124E-06
   80.9599991       6.56704970E-06
   81.0749969       6.56639713E-06
   81.1900024       6.56448083E-06
   81.3050003       6.56129987E-06
   81.4199982       6.55685153E-06
   81.5350037       6.55113490E-06
   81.6500015       6.54414862E-06
   81.7649994       6.53589314E-06
   81.8799973       6.52636845E-06
   81.9950027       6.51557502E-06
   82.1100006       6.50351512E-06
   82.2249985       6.49019057E-06
   82.3399963       6.47560501E-06
   82.4550018       6.45976115E-06
   82.5699997       6.44266447E-06
   82.6849976       6.42431951E-06
   82.8000031       6.40473172E-06
   82.9150009       6.38390611E-06
   83.0299988       6.36184950E-06
   83.1449966       6.33856689E-06
   83.2600021       6.31406556E-06
   83.3750000       6.28835141E-06
   83.4899979       6.26143083E-06
   83.6050034       6.23330970E-06
   83.7200012       6.20399442E-06
   83.8349991       6.17349087E-06
   83.9499969       6.14180544E-06
   84.0650024       6.10894404E-06
   84.1800003       6.07491211E-06
   84.2949982       6.03971648E-06
   84.4100037       6.00336307E-06
   84.5250015       5.96585824E-06
   84.6399994       5.92720789E-06
   84.7549973       5.88741887E-06
   84.8700027       5.84649797E-06
   84.9850006       5.80445158E-06
   85.0999985       5.76128832E-06
   85.2149963       5.71701548E-06
   85.3300018       5.67164261E-06
   85.4449997       5.62517835E-06
   85.5599976       5.57763360E-06
   85.6750031       5.52901884E-06
   85.7900009       5.47934678E-06
   85.9049988       5.42863017E-06
   86.0199966       5.37688265E-06
   86.1350021       5.32411877E-06
   86.2500000       5.27035445E-06
   86.3649979       5.21560514E-06
   86.4800034       5.15988813E-06
   86.5950012       5.10321979E-06
   86.7099991       5.04561785E-06
   86.8249969       4.98709960E-06
   86.9400024       4.92768277E-06
   87.0550003       4.86738463E-06
   87.1699982       4.80622248E-06
   87.2850037       4.74421358E-06
   87.4000015       4.68137432E-06
   87.5149994       4.61772242E-06
   87.6299973       4.55327199E-06
   87.7450027       4.48803985E-06
   87.8600006       4.42204100E-06
   87.9749985       4.35528909E-06
   88.0899963       4.28779822E-06
   88.2050018       4.21958202E-06
   88.3199997       4.15065369E-06
   88.4349976       4.08102596E-06
   88.5500031       4.01071156E-06
   88.6650009       3.93972277E-06
   88.7799988       3.86807233E-06
   88.8949966       3.79577273E-06
   89.0100021       3.72283716E-06
   89.1250000       3.64927928E-06
   89.2399979       3.57511317E-06
   89.3550034       3.50035452E-06
   89.4700012       3.42501971E-06
   89.5849991       3.34912647E-06
   89.6999969       3.27269368E-06
   89.8150024       3.19574110E-06
   89.9300003       3.11829035E-06
   90.0449982       3.04036303E-06
   90.1600037       2.96198232E-06
   90.2750015       2.88317142E-06
   90.3899994       2.80395420E-06
   90.5049973       2.72435409E-06
   90.6200027       2.64439495E-06
   90.7350006       2.56410021E-06
   90.8499985       2.48349238E-06
   90.9649963       2.40259374E-06
   91.0800018       2.32142565E-06
   91.1949997       2.24000905E-06
   91.3099976       2.15836417E-06
   91.4250031       2.07651033E-06
   91.5400009       1.99446617E-06
   91.6549988       1.91225081E-06
   91.7699966       1.82988197E-06
   91.8850021       1.74737795E-06
   92.0000000       1.66475718E-06
   92.1149979       1.58203807E-06
   92.2300034       1.49923926E-06
   92.3450012       1.41637975E-06
   92.4599991       1.33347896E-06
   92.5749969       1.25055681E-06
   92.6900024       1.16763374E-06
   92.8050003       1.08473046E-06
   92.9199982       1.00186799E-06
   93.0350037       9.19068384E-07
   93.1500015       8.36354104E-07
   93.2649994       7.53747713E-07
   93.3799973       6.71272574E-07
   93.4950027       5.88952162E-07
   93.6100006       5.06810522E-07
   93.7249985       4.24871303E-07
   93.8399963       3.43158604E-07
   93.9550018       2.61695874E-07
   94.0699997       1.80506532E-07
   94.1849976       9.96136507E-08
   94.3000031       1.90395841E-08
   94.4150009      -6.11937523E-08
   94.5299988      -1.41064859E-07
   94.6449966      -2.20552778E-07
   94.7600021      -2.99636866E-07
   94.8750000      -3.78296960E-07
   94.9899979      -4.56513163E-07
   95.1050034      -5.34266007E-07
   95.2200012      -6.11536279E-07
   95.3349991      -6.88304965E-07
   95.4499969      -7.64553135E-07
   95.5650024      -8.40262601E-07
   95.6800003      -9.15415455E-07
   95.7949982      -9.89993850E-07
   95.9100037      -1.06398056E-06
   96.0250015      -1.13735916E-06
   96.1399994      -1.21011306E-06
   96.2549973      -1.28222666E-06
   96.3700027      -1.35368452E-06
   96.4850006      -1.42447118E-06
   96.5999985      -1.49457151E-06
   96.7149963      -1.56397061E-06
   96.8300018      -1.63265304E-06
   96.9449997      -1.70060389E-06
   97.0599976      -1.76780748E-06
   97.1750031      -1.83424777E-06
   97.2900009      -1.89990885E-06
   97.4049988      -1.96477481E-06
   97.5199966      -2.02882961E-06
   97.6350021      -2.09205746E-06
   97.7500000      -2.15444220E-06
   97.8649979      -2.21596861E-06
   97.9800034      -2.27662144E-06
   98.0950012      -2.33638548E-06
   98.2099991      -2.39524616E-06
   98.3249969      -2.45318870E-06
   98.4400024      -2.51019924E-06
   98.5550003      -2.56626345E-06
   98.6699982      -2.62136746E-06
   98.7850037      -2.67549785E-06
   98.9000015      -2.72864077E-06
   99.0149994      -2.78078369E-06
   99.1299973      -2.83191366E-06
   99.2450027      -2.88201818E-06
   99.3600006      -2.93108519E-06
   99.4749985      -2.97910333E-06
   99.5899963      -3.02606099E-06
   99.7050018      -3.07194705E-06
   99.8199997      -3.11675149E-06
   99.9349976      -3.16046317E-06
   100.050003      -3.20307186E-06
   100.165001      -3.24456801E-06
   100.279999      -3.28494070E-06
   100.394997      -3.32418017E-06
   100.510002      -3.36227595E-06
   100.625000      -3.39921803E-06
   100.739998      -3.43499642E-06
   100.855003      -3.46960178E-06
   100.970001      -3.50302480E-06
   101.084999      -3.53525638E-06
   101.199997      -3.56628834E-06
   101.315002      -3.59611363E-06
   101.430000      -3.62472497E-06
   101.544998      -3.65211713E-06
   101.660004      -3.67828488E-06
   101.775002      -3.70322346E-06
   101.889999      -3.72692921E-06
   102.004997      -3.74939918E-06
   102.120003      -3.77063043E-06
   102.235001      -3.79062089E-06
   102.349998      -3.80936876E-06
   102.464996      -3.82687267E-06
   102.580002      -3.84313216E-06
   102.695000      -3.85814610E-06
   102.809998      -3.87191494E-06
   102.925003      -3.88443868E-06
   103.040001      -3.89571824E-06
   103.154999      -3.90575497E-06
   103.269997      -3.91455023E-06
   103.385002      -3.92210495E-06
   103.500000      -3.92842048E-06
   103.614998      -3.93349910E-06
   103.730003      -3.93734172E-06
   103.845001      -3.93994969E-06
   103.959999      -3.94132394E-06
   104.074997      -3.94146628E-06
   104.190002      -3.94037761E-06
   104.305000      -3.93805931E-06
   104.419998      -3.93451273E-06
   104.535004      -3.92973971E-06
   104.650002      -3.92374295E-06
   104.764999      -3.91652475E-06
   104.879997      -3.90808782E-06
   104.995003      -3.89843626E-06
   105.110001      -3.88757371E-06
   105.224998      -3.87550563E-06
   105.339996      -3.86223610E-06
   105.455002      -3.84777150E-06
   105.570000      -3.83211818E-06
   105.684998      -3.81528298E-06
   105.800003      -3.79727248E-06
   105.915001      -3.77809511E-06
   106.029999      -3.75775903E-06
   106.144997      -3.73627267E-06
   106.260002      -3.71364558E-06
   106.375000      -3.68988754E-06
   106.489998      -3.66500876E-06
   106.605003      -3.63901904E-06
   106.720001      -3.61192974E-06
   106.834999      -3.58375109E-06
   106.949997      -3.55449515E-06
   107.065002      -3.52417260E-06
   107.180000      -3.49279526E-06
   107.294998      -3.46037496E-06
   107.410004      -3.42692306E-06
   107.525002      -3.39245139E-06
   107.639999      -3.35697246E-06
   107.754997      -3.32049785E-06
   107.870003      -3.28303986E-06
   107.985001      -3.24461030E-06
   108.099998      -3.20522190E-06
   108.214996      -3.16488627E-06
   108.330002      -3.12361590E-06
   108.445000      -3.08142307E-06
   108.559998      -3.03832007E-06
   108.675003      -2.99431917E-06
   108.790001      -2.94943356E-06
   108.904999      -2.90367598E-06
   109.019997      -2.85705914E-06
   109.135002      -2.80959671E-06
   109.250000      -2.76130254E-06
   109.364998      -2.71219142E-06
   109.480003      -2.66227789E-06
   109.595001      -2.61157743E-06
   109.709999      -2.56010662E-06
   109.824997      -2.50788162E-06
   109.940002      -2.45491947E-06
   110.055000      -2.40123768E-06
   110.169998      -2.34685353E-06
   110.285004      -2.29178477E-06
   110.400002      -2.23604934E-06
   110.514999      -2.17966431E-06
   110.629997      -2.12264717E-06
   110.745003      -2.06501477E-06
   110.860001      -2.00678392E-06
   110.974998      -1.94797076E-06
   111.089996      -1.88859121E-06
   111.205002      -1.82866120E-06
   111.320000      -1.76819606E-06
   111.434998      -1.70721114E-06
   111.550003      -1.64572168E-06
   111.665001      -1.58374291E-06
   111.779999      -1.52129019E-06
   111.894997      -1.45837919E-06
   112.010002      -1.39502595E-06
   112.125000      -1.33124729E-06
   112.239998      -1.26706050E-06
   112.355003      -1.20248342E-06
   112.470001      -1.13753435E-06
   112.584999      -1.07223275E-06
   112.699997      -1.00659804E-06
   112.815002      -9.40650352E-07
   112.930000      -8.74410034E-07
   113.044998      -8.07897550E-07
   113.160004      -7.41133590E-07
   113.275002      -6.74139073E-07
   113.389999      -6.06934861E-07
   113.504997      -5.39541929E-07
   113.620003      -4.71981195E-07
   113.735001      -4.04273720E-07
   113.849998      -3.36440536E-07
   113.964996      -2.68502504E-07
   114.080002      -2.00480684E-07
   114.195000      -1.32396167E-07
   114.309998      -6.42697771E-08
   114.425003       3.87771903E-09
   114.540001       7.20256210E-08
   114.654999       1.40153773E-07
   114.769997       2.08241929E-07
   114.885002       2.76270583E-07
   115.000000       3.44220354E-07
   115.114998       4.12072183E-07
   115.230003       4.79807397E-07
   115.345001       5.47407922E-07
   115.459999       6.14855423E-07
   115.574997       6.82131940E-07
   115.690002       7.49219680E-07
   115.805000       8.16101021E-07
   115.919998       8.82757774E-07
   116.035004       9.49172204E-07
   116.150002       1.01532601E-06
   116.264999       1.08120150E-06
   116.379997       1.14678028E-06
   116.495003       1.21204391E-06
   116.610001       1.27697444E-06
   116.724998       1.34155403E-06
   116.839996       1.40576458E-06
   116.955002       1.46958860E-06
   117.070000       1.53300857E-06
   117.184998       1.59600711E-06
   117.300003       1.65856750E-06
   117.415001       1.72067348E-06
   117.529999       1.78230835E-06
   117.644997       1.84345708E-06
   117.760002       1.90410390E-06
   117.875000       1.96423457E-06
   117.989998       2.02383490E-06
   118.105003       2.08289134E-06
   118.220001       2.14139004E-06
   118.334999       2.19931826E-06
   118.449997       2.25666327E-06
   118.565002       2.31341210E-06
   118.680000       2.36955293E-06
   118.794998       2.42507190E-06
   118.910004       2.47995695E-06
   119.025002       2.53419512E-06
   119.139999       2.58777345E-06
   119.254997       2.64067808E-06
   119.370003       2.69289649E-06
   119.485001       2.74441504E-06
   119.599998       2.79522033E-06
   119.714996       2.84529960E-06
   119.830002       2.89463924E-06
   119.945000       2.94322649E-06
   120.059998       2.99104840E-06
   120.175003       3.03809270E-06
   120.290001       3.08434710E-06
   120.404999       3.12979978E-06
   120.519997       3.17443869E-06
   120.635002       3.21825246E-06
   120.750000       3.26122927E-06
   120.864998       3.30335820E-06
   120.980003       3.34462811E-06
   121.095001       3.38502855E-06
   121.209999       3.42454950E-06
   121.324997       3.46318120E-06
   121.440002       3.50091432E-06
   121.555000       3.53774067E-06
   121.669998       3.57365207E-06
   121.785004       3.60864101E-06
   121.900002       3.64270068E-06
   122.014999       3.67582538E-06
   122.129997       3.70800899E-06
   122.245003       3.73924627E-06
   122.360001       3.76953244E-06
   122.474998       3.79886296E-06
   122.589996       3.82723374E-06
   122.705002       3.85464091E-06
   122.820000       3.88108037E-06
   122.934998       3.90654895E-06
   123.050003       3.93104392E-06
   123.165001       3.95456209E-06
   123.279999       3.97710073E-06
   123.394997       3.99865758E-06
   123.510002       4.01923080E-06
   123.625000       4.03881904E-06
   123.739998       4.05742048E-06
   123.855003       4.07503421E-06
   123.970001       4.09165841E-06
   124.084999       4.10729217E-06
   124.199997       4.12193458E-06
   124.315002       4.13558519E-06
   124.430000       4.14824262E-06
   124.544998       4.15990689E-06
   124.660004       4.17057618E-06
   124.775002       4.18025047E-06
   124.889999       4.18892887E-06
   125.004997       4.19661092E-06
   125.120003       4.20329616E-06
   125.235001       4.20898323E-06
   125.349998       4.21367167E-06
   125.464996       4.21736195E-06
   125.580002       4.22005360E-06
   125.695000       4.22174617E-06
   125.809998       4.22244011E-06
   125.925003       4.22213634E-06
   126.040001       4.22083531E-06
   126.154999       4.21853792E-06
   126.269997       4.21524555E-06
   126.385002       4.21096047E-06
   126.500000       4.20568449E-06
   126.614998       4.19942080E-06
   126.730003       4.19217122E-06
   126.845001       4.18394029E-06
   126.959999       4.17473075E-06
   127.074997       4.16454668E-06
   127.190002       4.15339218E-06
   127.305000       4.14127271E-06
   127.419998       4.12819236E-06
   127.535004       4.11415704E-06
   127.650002       4.09917266E-06
   127.764999       4.08324468E-06
   127.879997       4.06637992E-06
   127.995003       4.04858520E-06
   128.110001       4.02986780E-06
   128.225006       4.01023408E-06
   128.339996       3.98969269E-06
   128.455002       3.96825089E-06
   128.570007       3.94591689E-06
   128.684998       3.92270022E-06
   128.800003       3.89860952E-06
   128.914993       3.87365435E-06
   129.029999       3.84784471E-06
   129.145004       3.82119197E-06
   129.259995       3.79370681E-06
   129.375000       3.76540106E-06
   129.490005       3.73628700E-06
   129.604996       3.70637736E-06
   129.720001       3.67568509E-06
   129.835007       3.64422363E-06
   129.949997       3.61200705E-06
   130.065002       3.57904923E-06
   130.179993       3.54536496E-06
   130.294998       3.51096833E-06
   130.410004       3.47587411E-06
   130.524994       3.44009732E-06
   130.639999       3.40365227E-06
   130.755005       3.36655398E-06
   130.869995       3.32881632E-06
   130.985001       3.29045429E-06
   131.100006       3.25148130E-06
   131.214996       3.21191169E-06
   131.330002       3.17175886E-06
   131.445007       3.13103578E-06
   131.559998       3.08975541E-06
   131.675003       3.04793048E-06
   131.789993       3.00557326E-06
   131.904999       2.96269536E-06
   132.020004       2.91930951E-06
   132.134995       2.87542730E-06
   132.250000       2.83106078E-06
   132.365005       2.78622292E-06
   132.479996       2.74092554E-06
   132.595001       2.69518227E-06
   132.710007       2.64900632E-06
   132.824997       2.60241086E-06
   132.940002       2.55540976E-06
   133.054993       2.50801759E-06
   133.169998       2.46024797E-06
   133.285004       2.41211546E-06
   133.399994       2.36363462E-06
   133.514999       2.31481999E-06
   133.630005       2.26568591E-06
   133.744995       2.21624759E-06
   133.860001       2.16651961E-06
   133.975006       2.11651741E-06
   134.089996       2.06625623E-06
   134.205002       2.01575108E-06
   134.320007       1.96501810E-06
   134.434998       1.91407230E-06
   134.550003       1.86292959E-06
   134.664993       1.81160522E-06
   134.779999       1.76011474E-06
   134.895004       1.70847306E-06
   135.009995       1.65669553E-06
   135.125000       1.60479703E-06
   135.240005       1.55279190E-06
   135.354996       1.50069468E-06
   135.470001       1.44851958E-06
   135.585007       1.39628082E-06
   135.699997       1.34399238E-06
   135.815002       1.29166835E-06
   135.929993       1.23932273E-06
   136.044998       1.18696937E-06
   136.160004       1.13462249E-06
   136.274994       1.08229608E-06
   136.389999       1.03000400E-06
   136.505005       9.77760237E-07
   136.619995       9.25578547E-07
   136.735001       8.73472743E-07
   136.850006       8.21456354E-07
   136.964996       7.69542851E-07
   137.080002       7.17745479E-07
   137.195007       6.66077426E-07
   137.309998       6.14551709E-07
   137.425003       5.63181061E-07
   137.539993       5.11978101E-07
   137.654999       4.60955135E-07
   137.770004       4.10124471E-07
   137.884995       3.59497790E-07
   138.000000       3.09086829E-07
   138.115005       2.58902929E-07
   138.229996       2.08957204E-07
   138.345001       1.59260622E-07
   138.460007       1.09824121E-07
   138.574997       6.06586639E-08
   138.690002       1.17752448E-08
   138.804993      -3.68148037E-08
   138.919998      -8.51000195E-08
   139.035004      -1.33068767E-07
   139.149994      -1.80708966E-07
   139.264999      -2.28008545E-07
   139.380005      -2.74955369E-07
   139.494995      -3.21537328E-07
   139.610001      -3.67742473E-07
   139.725006      -4.13559405E-07
   139.839996      -4.58976928E-07
   139.955002      -5.03984722E-07
   140.070007      -5.48572700E-07
   140.184998      -5.92731681E-07
   140.300003      -6.36453080E-07
   140.414993      -6.79728771E-07
   140.529999      -7.22551306E-07
   140.645004      -7.64913523E-07
   140.759995      -8.06808544E-07
   140.875000      -8.48229718E-07
   140.990005      -8.89170451E-07
   141.104996      -9.29624207E-07
   141.220001      -9.69584789E-07
   141.335007      -1.00904560E-06
   141.449997      -1.04800006E-06
   141.565002      -1.08644144E-06
   141.679993      -1.12436260E-06
   141.794998      -1.16175670E-06
   141.910004      -1.19861625E-06
   142.024994      -1.23493362E-06
   142.139999      -1.27070086E-06
   142.255005      -1.30590979E-06
   142.369995      -1.34055188E-06
   142.485001      -1.37461836E-06
   142.600006      -1.40810027E-06
   142.714996      -1.44098851E-06
   142.830002      -1.47327432E-06
   142.945007      -1.50494850E-06
   143.059998      -1.53600217E-06
   143.175003      -1.56642682E-06
   143.289993      -1.59621413E-06
   143.404999      -1.62535639E-06
   143.520004      -1.65384643E-06
   143.634995      -1.68167719E-06
   143.750000      -1.70884232E-06
   143.865005      -1.73533601E-06
   143.979996      -1.76115259E-06
   144.095001      -1.78628761E-06
   144.210007      -1.81073676E-06
   144.324997      -1.83449617E-06
   144.440002      -1.85756312E-06
   144.554993      -1.87993498E-06
   144.669998      -1.90161029E-06
   144.785004      -1.92258767E-06
   144.899994      -1.94286667E-06
   145.014999      -1.96244719E-06
   145.130005      -1.98132921E-06
   145.244995      -1.99951364E-06
   145.360001      -2.01700118E-06
   145.475006      -2.03379273E-06
   145.589996      -2.04988896E-06
   145.705002      -2.06529080E-06
   145.820007      -2.07999915E-06
   145.934998      -2.09401423E-06
   146.050003      -2.10733651E-06
   146.164993      -2.11996644E-06
   146.279999      -2.13190356E-06
   146.395004      -2.14314787E-06
   146.509995      -2.15369937E-06
   146.625000      -2.16355693E-06
   146.740005      -2.17272054E-06
   146.854996      -2.18118930E-06
   146.970001      -2.18896207E-06
   147.085007      -2.19603749E-06
   147.199997      -2.20241463E-06
   147.315002      -2.20809147E-06
   147.429993      -2.21306664E-06
   147.544998      -2.21733853E-06
   147.660004      -2.22090489E-06
   147.774994      -2.22376457E-06
   147.889999      -2.22591621E-06
   148.005005      -2.22735889E-06
   148.119995      -2.22809172E-06
   148.235001      -2.22811468E-06
   148.350006      -2.22742869E-06
   148.464996      -2.22603467E-06
   148.580002      -2.22393442E-06
   148.695007      -2.22113067E-06
   148.809998      -2.21762684E-06
   148.925003      -2.21342634E-06
   149.039993      -2.20853417E-06
   149.154999      -2.20295556E-06
   149.270004      -2.19669573E-06
   149.384995      -2.18976129E-06
   149.500000      -2.18215837E-06
   149.615005      -2.17389356E-06
   149.729996      -2.16497392E-06
   149.845001      -2.15540626E-06
   149.960007      -2.14519810E-06
   150.074997      -2.13435601E-06
   150.190002      -2.12288683E-06
   150.304993      -2.11079760E-06
   150.419998      -2.09809491E-06
   150.535004      -2.08478559E-06
   150.649994      -2.07087555E-06
   150.764999      -2.05637184E-06
   150.880005      -2.04128060E-06
   150.994995      -2.02560886E-06
   151.110001      -2.00936256E-06
   151.225006      -1.99254873E-06
   151.339996      -1.97517443E-06
   151.455002      -1.95724670E-06
   151.570007      -1.93877304E-06
   151.684998      -1.91976142E-06
   151.800003      -1.90021979E-06
   151.914993      -1.88015645E-06
   152.029999      -1.85958038E-06
   152.145004      -1.83850034E-06
   152.259995      -1.81692576E-06
   152.375000      -1.79486631E-06
   152.490005      -1.77233187E-06
   152.604996      -1.74933245E-06
   152.720001      -1.72587852E-06
   152.835007      -1.70198030E-06
   152.949997      -1.67764836E-06
   153.065002      -1.65289293E-06
   153.179993      -1.62772437E-06
   153.294998      -1.60215268E-06
   153.410004      -1.57618740E-06
   153.524994      -1.54983786E-06
   153.639999      -1.52311281E-06
   153.755005      -1.49602056E-06
   153.869995      -1.46856928E-06
   153.985001      -1.44076614E-06
   154.100006      -1.41261842E-06
   154.214996      -1.38413304E-06
   154.330002      -1.35531661E-06
   154.445007      -1.32617583E-06
   154.559998      -1.29671719E-06
   154.675003      -1.26694704E-06
   154.789993      -1.23687221E-06
   154.904999      -1.20649918E-06
   155.020004      -1.17583488E-06
   155.134995      -1.14488637E-06
   155.250000      -1.11366080E-06
   155.365005      -1.08216580E-06
   155.479996      -1.05040908E-06
   155.595001      -1.01839885E-06
   155.710007      -9.86143391E-07
   155.824997      -9.53651465E-07
   155.940002      -9.20932166E-07
   156.054993      -8.87994929E-07
   156.169998      -8.54849588E-07
   156.285004      -8.21506092E-07
   156.399994      -7.87974841E-07
   156.514999      -7.54266580E-07
   156.630005      -7.20392052E-07
   156.744995      -6.86362284E-07
   156.860001      -6.52188476E-07
   156.975006      -6.17881938E-07
   157.089996      -5.83453698E-07
   157.205002      -5.48914954E-07
   157.320007      -5.14276906E-07
   157.434998      -4.79550295E-07
   157.550003      -4.44746064E-07
   157.664993      -4.09874900E-07
   157.779999      -3.74947177E-07
   157.895004      -3.39973298E-07
   158.009995      -3.04963152E-07
   158.125000      -2.69926431E-07
   158.240005      -2.34872459E-07
   158.354996      -1.99810088E-07
   158.470001      -1.64747604E-07
   158.585007      -1.29693035E-07
   158.699997      -9.46537355E-08
   158.815002      -5.96366689E-08
   158.929993      -2.46486689E-08
   159.044998       1.03037188E-08
   159.160004       4.52139588E-08
   159.274994       8.00751323E-08
   159.389999       1.14880173E-07
   159.505005       1.49621513E-07
   159.619995       1.84290968E-07
   159.735001       2.18879805E-07
   159.850006       2.53378715E-07
   159.964996       2.87777567E-07
   160.080002       3.22065802E-07
   160.195007       3.56232363E-07
   160.309998       3.90265967E-07
   160.425003       4.24154820E-07
   160.539993       4.57887211E-07
   160.654999       4.91451146E-07
   160.770004       5.24834945E-07
   160.884995       5.58026954E-07
   161.000000       5.91015862E-07
   161.115005       6.23790470E-07
   161.229996       6.56339807E-07
   161.345001       6.88653643E-07
   161.460007       7.20721800E-07
   161.574997       7.52534788E-07
   161.690002       7.84083568E-07
   161.804993       8.15359670E-07
   161.919998       8.46355306E-07
   162.035004       8.77063314E-07
   162.149994       9.07477101E-07
   162.264999       9.37590869E-07
   162.380005       9.67399160E-07
   162.494995       9.96897256E-07
   162.610001       1.02608067E-06
   162.725006       1.05494530E-06
   162.839996       1.08348718E-06
   162.955002       1.11170220E-06
   163.070007       1.13958629E-06
   163.184998       1.16713500E-06
   163.300003       1.19434344E-06
   163.414993       1.22120673E-06
   163.529999       1.24771941E-06
   163.645004       1.27387568E-06
   163.759995       1.29966941E-06
   163.875000       1.32509444E-06
   163.990005       1.35014432E-06
   164.104996       1.37481254E-06
   164.220001       1.39909230E-06
   164.335007       1.42297733E-06
   164.449997       1.44646117E-06
   164.565002       1.46953755E-06
   164.679993       1.49220045E-06
   164.794998       1.51444408E-06
   164.910004       1.53626308E-06
   165.024994       1.55765224E-06
   165.139999       1.57860666E-06
   165.255005       1.59912202E-06
   165.369995       1.61919434E-06
   165.485001       1.63881987E-06
   165.600006       1.65799531E-06
   165.714996       1.67671760E-06
   165.830002       1.69498401E-06
   165.945007       1.71279203E-06
   166.059998       1.73013905E-06
   166.175003       1.74702268E-06
   166.289993       1.76344031E-06
   166.404999       1.77938932E-06
   166.520004       1.79486676E-06
   166.634995       1.80986979E-06
   166.750000       1.82439555E-06
   166.865005       1.83844099E-06
   166.979996       1.85200327E-06
   167.095001       1.86507964E-06
   167.210007       1.87766761E-06
   167.324997       1.88976469E-06
   167.440002       1.90136916E-06
   167.554993       1.91247909E-06
   167.669998       1.92309335E-06
   167.785004       1.93321057E-06
   167.899994       1.94282984E-06
   168.014999       1.95195071E-06
   168.130005       1.96057226E-06
   168.244995       1.96869405E-06
   168.360001       1.97631562E-06
   168.475006       1.98343650E-06
   168.589996       1.99005626E-06
   168.705002       1.99617398E-06
   168.820007       2.00178965E-06
   168.934998       2.00690283E-06
   169.050003       2.01151283E-06
   169.164993       2.01561988E-06
   169.279999       2.01922421E-06
   169.395004       2.02232582E-06
   169.509995       2.02492606E-06
   169.625000       2.02702563E-06
   169.740005       2.02862589E-06
   169.854996       2.02972865E-06
   169.970001       2.03033596E-06
   170.085007       2.03044988E-06
   170.199997       2.03007289E-06
   170.315002       2.02920705E-06
   170.429993       2.02785509E-06
   170.544998       2.02601950E-06
   170.660004       2.02370234E-06
   170.774994       2.02090632E-06
   170.889999       2.01763305E-06
   171.005005       2.01388480E-06
   171.119995       2.00966338E-06
   171.235001       2.00496993E-06
   171.350006       1.99980673E-06
   171.464996       1.99417514E-06
   171.580002       1.98807675E-06
   171.695007       1.98151338E-06
   171.809998       1.97448708E-06
   171.925003       1.96700012E-06
   172.039993       1.95905545E-06
   172.154999       1.95065581E-06
   172.270004       1.94180461E-06
   172.384995       1.93250571E-06
   172.500000       1.92276298E-06
   172.615005       1.91258073E-06
   172.729996       1.90196329E-06
   172.845001       1.89091531E-06
   172.960007       1.87944147E-06
   173.074997       1.86754630E-06
   173.190002       1.85523459E-06
   173.304993       1.84251098E-06
   173.419998       1.82938038E-06
   173.535004       1.81584721E-06
   173.649994       1.80191626E-06
   173.764999       1.78759228E-06
   173.880005       1.77288030E-06
   173.994995       1.75778530E-06
   174.110001       1.74231252E-06
   174.225006       1.72646776E-06
   174.339996       1.71025636E-06
   174.455002       1.69368468E-06
   174.570007       1.67675887E-06
   174.684998       1.65948541E-06
   174.800003       1.64187088E-06
   174.914993       1.62392234E-06
   175.029999       1.60564616E-06
   175.145004       1.58704938E-06
   175.259995       1.56813883E-06
   175.375000       1.54892075E-06
   175.490005       1.52940174E-06
   175.604996       1.50958817E-06
   175.720001       1.48948584E-06
   175.835007       1.46910099E-06
   175.949997       1.44843909E-06
   176.065002       1.42750582E-06
   176.179993       1.40630641E-06
   176.294998       1.38484620E-06
   176.410004       1.36313020E-06
   176.524994       1.34116362E-06
   176.639999       1.31895149E-06
   176.755005       1.29649891E-06
   176.869995       1.27381088E-06
   176.985001       1.25089241E-06
   177.100006       1.22774873E-06
   177.214996       1.20438460E-06
   177.330002       1.18080516E-06
   177.445007       1.15701505E-06
   177.559998       1.13301940E-06
   177.675003       1.10882297E-06
   177.789993       1.08443066E-06
   177.904999       1.05984770E-06
   178.020004       1.03507932E-06
   178.134995       1.01013120E-06
   178.250000       9.85009819E-07
   178.365005       9.59721774E-07
   178.479996       9.34274510E-07
   178.595001       9.08675872E-07
   178.710007       8.82934501E-07
   178.824997       8.57059376E-07
   178.940002       8.31060163E-07
   179.054993       8.04946694E-07
   179.169998       7.78729202E-07
   179.285004       7.52417918E-07
   179.399994       7.26023245E-07
   179.514999       6.99555301E-07
   179.630005       6.73024260E-07
   179.744995       6.46439673E-07
   179.860001       6.19811033E-07
   179.975006       5.93147206E-07
   180.089996       5.66456777E-07
   180.205002       5.39747703E-07
   180.320007       5.13027430E-07
   180.434998       4.86303122E-07
   180.550003       4.59581088E-07
   180.664993       4.32867466E-07
   180.779999       4.06167771E-07
   180.895004       3.79487091E-07
   181.009995       3.52830142E-07
   181.125000       3.26201246E-07
   181.240005       2.99604437E-07
   181.354996       2.73043582E-07
   181.470001       2.46522433E-07
   181.585007       2.20044697E-07
   181.699997       1.93614298E-07
   181.815002       1.67235285E-07
   181.929993       1.40912121E-07
   182.044998       1.14649559E-07
   182.160004       8.84527651E-08
   182.274994       6.23273309E-08
   182.389999       3.62793067E-08
   182.505005       1.03151345E-08
   182.619995      -1.55583937E-08
   182.735001      -4.13342214E-08
   182.850006      -6.70050611E-08
   182.964996      -9.25634538E-08
   183.080002      -1.18001779E-07
   183.195007      -1.43312448E-07
   183.309998      -1.68487958E-07
   183.425003      -1.93520918E-07
   183.539993      -2.18404210E-07
   183.654999      -2.43130870E-07
   183.770004      -2.67694418E-07
   183.884995      -2.92088828E-07
   184.000000      -3.16308359E-07
   184.115005      -3.40347867E-07
   184.229996      -3.64202663E-07
   184.345001      -3.87868511E-07
   184.460007      -4.11341603E-07
   184.574997      -4.34618300E-07
   184.690002      -4.57695251E-07
   184.804993      -4.80569213E-07
   184.919998      -5.03237061E-07
   185.035004      -5.25695327E-07
   185.149994      -5.47940658E-07
   185.264999      -5.69969018E-07
   185.380005      -5.91776370E-07
   185.494995      -6.13357940E-07
   185.610001      -6.34708726E-07
   185.725006      -6.55823044E-07
   185.839996      -6.76694981E-07
   185.955002      -6.97318228E-07
   186.070007      -7.17686021E-07
   186.184998      -7.37791538E-07
   186.300003      -7.57627674E-07
   186.414993      -7.77187381E-07
   186.529999      -7.96463553E-07
   186.645004      -8.15449255E-07
   186.759995      -8.34137609E-07
   186.875000      -8.52522021E-07
   186.990005      -8.70596239E-07
   187.104996      -8.88354293E-07
   187.220001      -9.05790785E-07
   187.335007      -9.22900597E-07
   187.449997      -9.39679239E-07
   187.565002      -9.56122676E-07
   187.679993      -9.72227440E-07
   187.794998      -9.87990688E-07
   187.910004      -1.00340992E-06
   188.024994      -1.01848343E-06
   188.139999      -1.03320986E-06
   188.255005      -1.04758874E-06
   188.369995      -1.06161986E-06
   188.485001      -1.07530343E-06
   188.600006      -1.08864037E-06
   188.714996      -1.10163160E-06
   188.830002      -1.11427835E-06
   188.945007      -1.12658222E-06
   189.059998      -1.13854435E-06
   189.175003      -1.15016610E-06
   189.289993      -1.16144849E-06
   189.404999      -1.17239210E-06
   189.520004      -1.18299727E-06
   189.634995      -1.19326364E-06
   189.750000      -1.20319055E-06
   189.865005      -1.21277662E-06
   189.979996      -1.22202016E-06
   190.095001      -1.23091911E-06
   190.210007      -1.23947109E-06
   190.324997      -1.24767359E-06
   190.440002      -1.25552401E-06
   190.554993      -1.26301995E-06
   190.669998      -1.27015915E-06
   190.785004      -1.27693988E-06
   190.899994      -1.28336069E-06
   191.014999      -1.28942065E-06
   191.130005      -1.29511955E-06
   191.244995      -1.30045726E-06
   191.360001      -1.30543469E-06
   191.475006      -1.31005265E-06
   191.589996      -1.31431273E-06
   191.705002      -1.31821650E-06
   191.820007      -1.32176604E-06
   191.934998      -1.32496348E-06
   192.050003      -1.32781099E-06
   192.164993      -1.33031074E-06
   192.279999      -1.33246522E-06
   192.395004      -1.33427625E-06
   192.509995      -1.33574599E-06
   192.625000      -1.33687604E-06
   192.740005      -1.33766798E-06
   192.854996      -1.33812318E-06
   192.970001      -1.33824244E-06
   193.085007      -1.33802655E-06
   193.199997      -1.33747585E-06
   193.315002      -1.33659057E-06
   193.429993      -1.33537048E-06
   193.544998      -1.33381559E-06
   193.660004      -1.33192520E-06
   193.774994      -1.32969888E-06
   193.889999      -1.32713592E-06
   194.005005      -1.32423577E-06
   194.119995      -1.32099797E-06
   194.235001      -1.31742172E-06
   194.350006      -1.31350703E-06
   194.464996      -1.30925366E-06
   194.580002      -1.30466162E-06
   194.695007      -1.29973159E-06
   194.809998      -1.29446448E-06
   194.925003      -1.28886154E-06
   195.039993      -1.28292470E-06
   195.154999      -1.27665635E-06
   195.270004      -1.27005910E-06
   195.384995      -1.26313671E-06
   195.500000      -1.25589293E-06
   195.615005      -1.24833207E-06
   195.729996      -1.24045914E-06
   195.845001      -1.23227915E-06
   195.960007      -1.22379743E-06
   196.074997      -1.21501932E-06
   196.190002      -1.20595053E-06
   196.304993      -1.19659614E-06
   196.419998      -1.18696141E-06
   196.535004      -1.17705122E-06
   196.649994      -1.16687011E-06
   196.764999      -1.15642263E-06
   196.880005      -1.14571287E-06
   196.994995      -1.13474505E-06
   197.110001      -1.12352313E-06
   197.225006      -1.11205100E-06
   197.339996      -1.10033261E-06
   197.455002      -1.08837230E-06
   197.570007      -1.07617427E-06
   197.684998      -1.06374284E-06
   197.800003      -1.05108268E-06
   197.914993      -1.03819832E-06
   198.029999      -1.02509489E-06
   198.145004      -1.01177739E-06
   198.259995      -9.98251153E-07
   198.375000      -9.84521421E-07
   198.490005      -9.70593874E-07
   198.604996      -9.56474082E-07
   198.720001      -9.42167730E-07
   198.835007      -9.27680730E-07
   198.949997      -9.13018937E-07
   199.065002      -8.98188262E-07
   199.179993      -8.83194673E-07
   199.294998      -8.68043969E-07
   199.410004      -8.52742005E-07
   199.524994      -8.37294408E-07
   199.639999      -8.21706578E-07
   199.755005      -8.05983746E-07
   199.869995      -7.90130741E-07
   199.985001      -7.74151943E-07
   200.100006      -7.58051328E-07
   200.214996      -7.41832480E-07
   200.330002      -7.25498637E-07
   200.445007      -7.09052358E-07
   200.559998      -6.92496258E-07
   200.675003      -6.75832496E-07
   200.789993      -6.59063176E-07
   200.904999      -6.42190628E-07
   201.020004      -6.25216956E-07
   201.134995      -6.08144717E-07
   201.250000      -5.90976697E-07
   201.365005      -5.73715909E-07
   201.479996      -5.56365876E-07
   201.595001      -5.38930408E-07
   201.710007      -5.21413710E-07
   201.824997      -5.03820445E-07
   201.940002      -4.86155557E-07
   202.054993      -4.68424247E-07
   202.169998      -4.50632086E-07
   202.285004      -4.32784816E-07
   202.399994      -4.14888348E-07
   202.514999      -3.96948735E-07
   202.630005      -3.78972089E-07
   202.744995      -3.60964634E-07
   202.860001      -3.42932594E-07
   202.975006      -3.24882251E-07
   203.089996      -3.06819828E-07
   203.205002      -2.88751664E-07
   203.320007      -2.70683955E-07
   203.434998      -2.52622982E-07
   203.550003      -2.34574912E-07
   203.664993      -2.16545899E-07
   203.779999      -1.98541997E-07
   203.895004      -1.80569202E-07
   204.009995      -1.62633384E-07
   204.125000      -1.44740312E-07
   204.240005      -1.26895600E-07
   204.354996      -1.09104818E-07
   204.470001      -9.13733587E-08
   204.585007      -7.37065236E-08
   204.699997      -5.61095135E-08
   204.815002      -3.85874195E-08
   204.929993      -2.11451638E-08
   205.044998      -3.78750853E-09
   205.160004       1.34808964E-08
   205.274994       3.06555918E-08
   205.389999       4.77321862E-08
   205.505005       6.47065477E-08
   205.619995       8.15746120E-08
   205.735001       9.83324711E-08
   205.850006       1.14976281E-07
   205.964996       1.31502247E-07
   206.080002       1.47906604E-07
   206.195007       1.64185678E-07
   206.309998       1.80335647E-07
   206.425003       1.96352730E-07
   206.539993       2.12233076E-07
   206.654999       2.27972862E-07
   206.770004       2.43568252E-07
   206.884995       2.59015366E-07
   207.000000       2.74310565E-07
   207.115005       2.89450242E-07
   207.229996       3.04431126E-07
   207.345001       3.19250091E-07
   207.460007       3.33904381E-07
   207.574997       3.48391524E-07
   207.690002       3.62709443E-07
   207.804993       3.76856178E-07
   207.919998       3.90830195E-07
   208.035004       4.04630100E-07
   208.149994       4.18254558E-07
   208.264999       4.31702261E-07
   208.380005       4.44971789E-07
   208.494995       4.58061720E-07
   208.610001       4.70970321E-07
   208.725006       4.83695658E-07
   208.839996       4.96235543E-07
   208.955002       5.08587391E-07
   209.070007       5.20748472E-07
   209.184998       5.32715603E-07
   209.300003       5.44485431E-07
   209.414993       5.56054260E-07
   209.529999       5.67418283E-07
   209.645004       5.78573463E-07
   209.759995       5.89515594E-07
   209.875000       6.00240355E-07
   209.990005       6.10743484E-07
   210.104996       6.21020604E-07
   210.220001       6.31067451E-07
   210.335007       6.40879989E-07
   210.449997       6.50454297E-07
   210.565002       6.59786792E-07
   210.679993       6.68874179E-07
   210.794998       6.77713786E-07
   210.910004       6.86303224E-07
   211.024994       6.94640676E-07
   211.139999       7.02724719E-07
   211.255005       7.10554559E-07
   211.369995       7.18129684E-07
   211.485001       7.25450150E-07
   211.600006       7.32516185E-07
   211.714996       7.39328357E-07
   211.830002       7.45887235E-07
   211.945007       7.52193671E-07
   212.059998       7.58248405E-07
   212.175003       7.64052174E-07
   212.289993       7.69605549E-07
   212.404999       7.74909154E-07
   212.520004       7.79963216E-07
   212.634995       7.84768190E-07
   212.750000       7.89324076E-07
   212.865005       7.93631102E-07
   212.979996       7.97689211E-07
   213.095001       8.01498345E-07
   213.210007       8.05058164E-07
   213.324997       8.08368611E-07
   213.440002       8.11429175E-07
   213.554993       8.14239399E-07
   213.669998       8.16798661E-07
   213.785004       8.19106106E-07
   213.899994       8.21160711E-07
   214.014999       8.22961397E-07
   214.130005       8.24507083E-07
   214.244995       8.25796405E-07
   214.360001       8.26828341E-07
   214.475006       8.27601752E-07
   214.589996       8.28115958E-07
   214.705002       8.28370219E-07
   214.820007       8.28364250E-07
   214.934998       8.28098223E-07
   215.050003       8.27572421E-07
   215.164993       8.26787470E-07
   215.279999       8.25744451E-07
   215.395004       8.24444555E-07
   215.509995       8.22889263E-07
   215.625000       8.21080107E-07
   215.740005       8.19018908E-07
   215.854996       8.16707313E-07
   215.970001       8.14147143E-07
   216.085007       8.11340044E-07
   216.199997       8.08287723E-07
   216.315002       8.04991828E-07
   216.429993       8.01453723E-07
   216.544998       7.97674886E-07
   216.660004       7.93656739E-07
   216.774994       7.89400531E-07
   216.889999       7.84907741E-07
   217.005005       7.80179732E-07
   217.119995       7.75218211E-07
   217.235001       7.70024826E-07
   217.350006       7.64601452E-07
   217.464996       7.58950137E-07
   217.580002       7.53073209E-07
   217.695007       7.46973171E-07
   217.809998       7.40652695E-07
   217.925003       7.34114622E-07
   218.039993       7.27362078E-07
   218.154999       7.20398191E-07
   218.270004       7.13226257E-07
   218.384995       7.05849743E-07
   218.500000       6.98271947E-07
   218.615005       6.90496449E-07
   218.729996       6.82526661E-07
   218.845001       6.74366049E-07
   218.960007       6.66017968E-07
   219.074997       6.57485828E-07
   219.190002       6.48772925E-07
   219.304993       6.39882444E-07
   219.419998       6.30817567E-07
   219.535004       6.21581421E-07
   219.649994       6.12177018E-07
   219.764999       6.02607315E-07
   219.880005       5.92875040E-07
   219.994995       5.82982921E-07
   220.110001       5.72933345E-07
   220.225006       5.62728587E-07
   220.339996       5.52370636E-07
   220.455002       5.41861311E-07
   220.570007       5.31202261E-07
   220.684998       5.20394849E-07
   220.800003       5.09440667E-07
   220.914993       4.98341080E-07
   221.029999       4.87097566E-07
   221.145004       4.75711857E-07
   221.259995       4.64185860E-07
   221.375000       4.52521846E-07
   221.490005       4.40722374E-07
   221.604996       4.28790344E-07
   221.720001       4.16729080E-07
   221.835007       4.04542220E-07
   221.949997       3.92233829E-07
   222.065002       3.79808171E-07
   222.179993       3.67269934E-07
   222.294998       3.54623893E-07
   222.410004       3.41875051E-07
   222.524994       3.29028552E-07
   222.639999       3.16089455E-07
   222.755005       3.03062933E-07
   222.869995       2.89953960E-07
   222.985001       2.76767423E-07
   223.100006       2.63508014E-07
   223.214996       2.50180307E-07
   223.330002       2.36788537E-07
   223.445007       2.23336784E-07
   223.559998       2.09828855E-07
   223.675003       1.96268374E-07
   223.789993       1.82658795E-07
   223.904999       1.69003442E-07
   224.020004       1.55305557E-07
   224.134995       1.41568307E-07
   224.250000       1.27794962E-07
   224.365005       1.13988762E-07
   224.479996       1.00153137E-07
   224.595001       8.62915854E-08
   224.710007       7.24077935E-08
   224.824997       5.85055382E-08
   224.940002       4.45887309E-08
   225.054993       3.06613046E-08
   225.169998       1.67272916E-08
   225.285004       2.79063950E-09
   225.399994      -1.11447296E-08
   225.514999      -2.50749483E-08
   225.630005      -3.89962835E-08
   225.744995      -5.29051327E-08
   225.860001      -6.67981013E-08
   225.975006      -8.06718674E-08
   226.089996      -9.45234149E-08
   226.205002      -1.08349859E-07
   226.320007      -1.22148606E-07
   226.434998      -1.35917418E-07
   226.550003      -1.49654227E-07
   226.664993      -1.63357313E-07
   226.779999      -1.77025228E-07
   226.895004      -1.90656777E-07
   227.009995      -2.04250895E-07
   227.125000      -2.17806686E-07
   227.240005      -2.31323227E-07
   227.354996      -2.44799423E-07
   227.470001      -2.58234081E-07
   227.585007      -2.71625623E-07
   227.699997      -2.84972145E-07
   227.815002      -2.98271289E-07
   227.929993      -3.11520182E-07
   228.044998      -3.24715614E-07
   228.160004      -3.37853862E-07
   228.274994      -3.50930833E-07
   228.389999      -3.63942291E-07
   228.505005      -3.76883662E-07
   228.619995      -3.89750312E-07
   228.735001      -4.02537552E-07
   228.850006      -4.15240862E-07
   228.964996      -4.27855610E-07
   229.080002      -4.40377391E-07
   229.195007      -4.52801828E-07
   229.309998      -4.65124771E-07
   229.425003      -4.77342098E-07
   229.539993      -4.89449917E-07
   229.654999      -5.01444333E-07
   229.770004      -5.13321595E-07
   229.884995      -5.25078065E-07
   230.000000      -5.36710331E-07
   230.115005      -5.48215098E-07
   230.229996      -5.59589239E-07
   230.345001      -5.70829798E-07
   230.460007      -5.81934160E-07
   230.574997      -5.92899653E-07
   230.690002      -6.03724118E-07
   230.804993      -6.14405167E-07
   230.919998      -6.24940810E-07
   231.035004      -6.35329172E-07
   231.149994      -6.45568321E-07
   231.264999      -6.55656493E-07
   231.380005      -6.65592154E-07
   231.494995      -6.75373769E-07
   231.610001      -6.85000089E-07
   231.725006      -6.94469918E-07
   231.839996      -7.03782462E-07
   231.955002      -7.12936981E-07
   232.070007      -7.21933077E-07
   232.184998      -7.30770296E-07
   232.300003      -7.39448581E-07
   232.414993      -7.47967647E-07
   232.529999      -7.56327609E-07
   232.645004      -7.64527954E-07
   232.759995      -7.72568455E-07
   232.875000      -7.80448488E-07
   232.990005      -7.88167256E-07
   233.104996      -7.95723906E-07
   233.220001      -8.03117189E-07
   233.335007      -8.10345796E-07
   233.449997      -8.17408363E-07
   233.565002      -8.24303640E-07
   233.679993      -8.31030150E-07
   233.794998      -8.37586470E-07
   233.910004      -8.43971293E-07
   234.024994      -8.50183312E-07
   234.139999      -8.56221163E-07
   234.255005      -8.62083482E-07
   234.369995      -8.67768847E-07
   234.485001      -8.73275894E-07
   234.600006      -8.78603089E-07
   234.714996      -8.83748896E-07
   234.830002      -8.88711781E-07
   234.945007      -8.93490153E-07
   235.059998      -8.98082760E-07
   235.175003      -9.02488239E-07
   235.289993      -9.06705509E-07
   235.404999      -9.10733718E-07
   235.520004      -9.14572240E-07
   235.634995      -9.18220849E-07
   235.750000      -9.21679487E-07
   235.865005      -9.24948324E-07
   235.979996      -9.28027873E-07
   236.095001      -9.30918759E-07
   236.210007      -9.33621607E-07
   236.324997      -9.36137212E-07
   236.440002      -9.38466201E-07
   236.554993      -9.40609311E-07
   236.669998      -9.42567056E-07
   236.785004      -9.44339831E-07
   236.899994      -9.45927809E-07
   237.014999      -9.47331216E-07
   237.130005      -9.48549939E-07
   237.244995      -9.49583807E-07
   237.360001      -9.50432479E-07
   237.475006      -9.51095785E-07
   237.589996      -9.51573270E-07
   237.705002      -9.51864479E-07
   237.820007      -9.51969469E-07
   237.934998      -9.51888069E-07
   238.050003      -9.51620564E-07
   238.164993      -9.51167067E-07
   238.279999      -9.50528431E-07
   238.395004      -9.49705338E-07
   238.509995      -9.48699096E-07
   238.625000      -9.47510955E-07
   238.740005      -9.46142336E-07
   238.854996      -9.44594774E-07
   238.970001      -9.42869917E-07
   239.085007      -9.40969301E-07
   239.199997      -9.38894175E-07
   239.315002      -9.36646018E-07
   239.429993      -9.34225909E-07
   239.544998      -9.31634872E-07
   239.660004      -9.28873817E-07
   239.774994      -9.25943937E-07
   239.889999      -9.22846425E-07
   240.005005      -9.19582533E-07
   240.119995      -9.16154079E-07
   240.235001      -9.12563110E-07
   240.350006      -9.08812012E-07
   240.464996      -9.04903743E-07
   240.580002      -9.00841371E-07
   240.695007      -8.96628421E-07
   240.809998      -8.92268531E-07
   240.925003      -8.87765452E-07
   241.039993      -8.83122937E-07
   241.154999      -8.78344622E-07
   241.270004      -8.73434033E-07
   241.384995      -8.68394409E-07
   241.500000      -8.63228763E-07
   241.615005      -8.57939767E-07
   241.729996      -8.52529752E-07
   241.845001      -8.47000990E-07
   241.960007      -8.41355302E-07
   242.074997      -8.35594449E-07
   242.190002      -8.29720079E-07
   242.304993      -8.23733785E-07
   242.419998      -8.17636931E-07
   242.535004      -8.11430994E-07
   242.649994      -8.05117338E-07
   242.764999      -7.98697215E-07
   242.880005      -7.92171932E-07
   242.994995      -7.85542568E-07
   243.110001      -7.78810090E-07
   243.225006      -7.71975294E-07
   243.339996      -7.65038976E-07
   243.455002      -7.58001590E-07
   243.570007      -7.50863478E-07
   243.684998      -7.43625037E-07
   243.800003      -7.36286552E-07
   243.914993      -7.28848306E-07
   244.029999      -7.21310641E-07
   244.145004      -7.13674183E-07
   244.259995      -7.05939726E-07
   244.375000      -6.98108408E-07
   244.490005      -6.90181821E-07
   244.604996      -6.82161840E-07
   244.720001      -6.74050966E-07
   244.835007      -6.65852212E-07
   244.949997      -6.57568933E-07
   245.065002      -6.49204992E-07
   245.179993      -6.40764540E-07
   245.294998      -6.32252181E-07
   245.410004      -6.23672463E-07
   245.524994      -6.15030160E-07
   245.639999      -6.06329820E-07
   245.755005      -5.97576047E-07
   245.869995      -5.88773105E-07
   245.985001      -5.79925029E-07
   246.100006      -5.71035457E-07
   246.214996      -5.62107971E-07
   246.330002      -5.53145640E-07
   246.445007      -5.44151135E-07
   246.559998      -5.35127072E-07
   246.675003      -5.26075667E-07
   246.789993      -5.16998853E-07
   246.904999      -5.07898278E-07
   247.020004      -4.98775535E-07
   247.134995      -4.89631759E-07
   247.250000      -4.80468145E-07
   247.365005      -4.71285688E-07
   247.479996      -4.62085239E-07
   247.595001      -4.52867710E-07
   247.710007      -4.43633922E-07
   247.824997      -4.34384788E-07
   247.940002      -4.25121357E-07
   248.054993      -4.15844738E-07
   248.169998      -4.06556211E-07
   248.285004      -3.97257310E-07
   248.399994      -3.87949711E-07
   248.514999      -3.78635349E-07
   248.630005      -3.69316410E-07
   248.744995      -3.59995198E-07
   248.860001      -3.50674327E-07
   248.975006      -3.41356497E-07
   249.089996      -3.32044664E-07
   249.205002      -3.22741840E-07
   249.320007      -3.13451181E-07
   249.434998      -3.04175899E-07
   249.550003      -2.94919346E-07
   249.664993      -2.85684820E-07
   249.779999      -2.76475618E-07
   249.895004      -2.67295007E-07
   250.009995      -2.58146144E-07
   250.125000      -2.49032041E-07
   250.240005      -2.39955426E-07
   250.354996      -2.30918815E-07
   250.470001      -2.21924466E-07
   250.585007      -2.12974271E-07
   250.699997      -2.04069920E-07
   250.815002      -1.95212806E-07
   250.929993      -1.86404208E-07
   251.044998      -1.77645290E-07
   251.160004      -1.68937163E-07
   251.274994      -1.60281076E-07
   251.389999      -1.51678336E-07
   251.505005      -1.43130478E-07
   251.619995      -1.34639208E-07
   251.735001      -1.26206388E-07
   251.850006      -1.17834091E-07
   251.964996      -1.09524493E-07
   252.080002      -1.01279888E-07
   252.195007      -9.31026420E-08
   252.309998      -8.49951931E-08
   252.425003      -7.69600703E-08
   252.539993      -6.89998743E-08
   252.654999      -6.11173476E-08
   252.770004      -5.33153717E-08
   252.884995      -4.55970444E-08
   253.000000      -3.79656555E-08
   253.115005      -3.04246726E-08
   253.229996      -2.29777601E-08
   253.345001      -1.56286806E-08
   253.460007      -8.38117753E-09
   253.574997      -1.23892985E-09
   253.690002       5.79463721E-09
   253.804993       1.27164359E-08
   253.919998       1.95238403E-08
   254.035004       2.62147584E-08
   254.149994       3.27877103E-08
   254.264999       3.92418009E-08
   254.380005       4.55766731E-08
   254.494995       5.17924832E-08
   254.610001       5.78897286E-08
   254.725006       6.38691873E-08
   254.839996       6.97317617E-08
   254.955002       7.54783613E-08
   255.070007       8.11098602E-08
   255.184998       8.66269971E-08
   255.300003       9.20303549E-08
   255.414993       9.73203740E-08
   255.529999       1.02497388E-07
   255.645004       1.07561597E-07
   255.759995       1.12513170E-07
   255.875000       1.17352208E-07
   255.990005       1.22078788E-07
   256.105011       1.26692996E-07
   256.220001       1.31194838E-07
   256.334991       1.35584202E-07
   256.450012       1.39860916E-07
   256.565002       1.44024654E-07
   256.679993       1.48074903E-07
   256.795013       1.52010998E-07
   256.910004       1.55832097E-07
   257.024994       1.59537208E-07
   257.140015       1.63125208E-07
   257.255005       1.66594901E-07
   257.369995       1.69945082E-07
   257.484985       1.73174470E-07
   257.600006       1.76281844E-07
   257.714996       1.79265925E-07
   257.829987       1.82125433E-07
   257.945007       1.84859118E-07
   258.059998       1.87465730E-07
   258.174988       1.89943989E-07
   258.290009       1.92292674E-07
   258.404999       1.94510605E-07
   258.519989       1.96596773E-07
   258.635010       1.98550310E-07
   258.750000       2.00370650E-07
   258.864990       2.02057564E-07
   258.980011       2.03611137E-07
   259.095001       2.05031853E-07
   259.209991       2.06320607E-07
   259.325012       2.07478536E-07
   259.440002       2.08507018E-07
   259.554993       2.09407588E-07
   259.670013       2.10181767E-07
   259.785004       2.10831004E-07
   259.899994       2.11356564E-07
   260.015015       2.11759399E-07
   260.130005       2.12040220E-07
   260.244995       2.12199453E-07
   260.359985       2.12237225E-07
   260.475006       2.12153495E-07
   260.589996       2.11948091E-07
   260.704987       2.11620758E-07
   260.820007       2.11171326E-07
   260.934998       2.10599694E-07
   261.049988       2.09905878E-07
   261.165009       2.09090047E-07
   261.279999       2.08152471E-07
   261.394989       2.07093521E-07
   261.510010       2.05913580E-07
   261.625000       2.04613031E-07
   261.739990       2.03192243E-07
   261.855011       2.01651545E-07
   261.970001       1.99991234E-07
   262.084991       1.98211680E-07
   262.200012       1.96313337E-07
   262.315002       1.94296859E-07
   262.429993       1.92163213E-07
   262.545013       1.89913607E-07
   262.660004       1.87549688E-07
   262.774994       1.85073361E-07
   262.890015       1.82486829E-07
   263.005005       1.79792480E-07
   263.119995       1.76992700E-07
   263.234985       1.74089791E-07
   263.350006       1.71085816E-07
   263.464996       1.67982421E-07
   263.579987       1.64780843E-07
   263.695007       1.61481751E-07
   263.809998       1.58085285E-07
   263.924988       1.54591120E-07
   264.040009       1.50998503E-07
   264.154999       1.47306324E-07
   264.269989       1.43513347E-07
   264.385010       1.39618223E-07
   264.500000       1.35619686E-07
   264.614990       1.31516686E-07
   264.730011       1.27308411E-07
   264.845001       1.22994450E-07
   264.959991       1.18574789E-07
   265.075012       1.14049840E-07
   265.190002       1.09420462E-07
   265.304993       1.04687928E-07
   265.420013       9.98538923E-08
   265.535004       9.49203809E-08
   265.649994       8.98896957E-08
   265.765015       8.47644230E-08
   265.880005       7.95473625E-08
   265.994995       7.42414841E-08
   266.109985       6.88498787E-08
   266.225006       6.33757224E-08
   266.339996       5.78222057E-08
   266.454987       5.21924548E-08
   266.570007       4.64894789E-08
   266.684998       4.07161131E-08
   266.799988       3.48749509E-08
   266.915009       2.89683015E-08
   267.029999       2.29981776E-08
   267.144989       1.69663057E-08
   267.260010       1.08741336E-08
   267.375000       4.72289363E-09
   267.489990      -1.48634061E-09
   267.605011      -7.75258258E-09
   267.720001      -1.40748684E-08
   267.834991      -2.04522141E-08
   267.950012      -2.68835478E-08
   268.065002      -3.33676766E-08
   268.179993      -3.99032807E-08
   268.295013      -4.64889283E-08
   268.410004      -5.31230491E-08
   268.524994      -5.98039733E-08
   268.640015      -6.65299140E-08
   268.755005      -7.32990273E-08
   268.869995      -8.01094515E-08
   268.984985      -8.69592327E-08
   269.100006      -9.38464524E-08
   269.214996      -1.00769206E-07
   269.329987      -1.07725604E-07
   269.445007      -1.14713778E-07
   269.559998      -1.21731901E-07
   269.674988      -1.28778197E-07
   269.790009      -1.35850883E-07
   269.904999      -1.42948181E-07
   270.019989      -1.50068345E-07
   270.135010      -1.57209612E-07
   270.250000      -1.64370178E-07
   270.364990      -1.71548223E-07
   270.480011      -1.78741885E-07
   270.595001      -1.85949276E-07
   270.709991      -1.93168475E-07
   270.825012      -2.00397480E-07
   270.940002      -2.07634272E-07
   271.054993      -2.14876707E-07
   271.170013      -2.22122722E-07
   271.285004      -2.29370002E-07
   271.399994      -2.36616387E-07
   271.515015      -2.43859546E-07
   271.630005      -2.51097333E-07
   271.744995      -2.58327617E-07
   271.859985      -2.65548380E-07
   271.975006      -2.72757745E-07
   272.089996      -2.79954151E-07
   272.204987      -2.87136260E-07
   272.320007      -2.94302851E-07
   272.434998      -3.01452985E-07
   272.549988      -3.08586010E-07
   272.665009      -3.15701328E-07
   272.779999      -3.22798542E-07
   272.894989      -3.29877224E-07
   273.010010      -3.36936978E-07
   273.125000      -3.43977405E-07
   273.239990      -3.50997794E-07
   273.355011      -3.57997294E-07
   273.470001      -3.64974824E-07
   273.584991      -3.71928991E-07
   273.700012      -3.78858033E-07
   273.815002      -3.85759932E-07
   273.929993      -3.92632359E-07
   274.045013      -3.99472810E-07
   274.160004      -4.06278531E-07
   274.274994      -4.13046763E-07
   274.390015      -4.19774580E-07
   274.505005      -4.26459280E-07
   274.619995      -4.33098279E-07
   274.734985      -4.39689217E-07
   274.850006      -4.46229933E-07
   274.964996      -4.52718581E-07
   275.079987      -4.59153512E-07
   275.195007      -4.65533390E-07
   275.309998      -4.71856907E-07
   275.424988      -4.78123070E-07
   275.540009      -4.84330656E-07
   275.654999      -4.90478726E-07
   275.769989      -4.96566201E-07
   275.885010      -5.02591888E-07
   276.000000      -5.08554592E-07
   276.114990      -5.14452893E-07
   276.230011      -5.20285653E-07
   276.345001      -5.26051508E-07
   276.459991      -5.31749208E-07
   276.575012      -5.37377673E-07
   276.690002      -5.42935993E-07
   276.804993      -5.48423543E-07
   276.920013      -5.53839982E-07
   277.035004      -5.59185310E-07
   277.149994      -5.64459867E-07
   277.265015      -5.69664167E-07
   277.380005      -5.74799287E-07
   277.494995      -5.79866139E-07
   277.609985      -5.84866029E-07
   277.725006      -5.89800209E-07
   277.839996      -5.94669757E-07
   277.954987      -5.99475641E-07
   278.070007      -6.04218542E-07
   278.184998      -6.08898745E-07
   278.299988      -6.13516079E-07
   278.415009      -6.18069635E-07
   278.529999      -6.22558332E-07
   278.644989      -6.26980238E-07
   278.760010      -6.31333137E-07
   278.875000      -6.35614185E-07
   278.989990      -6.39820314E-07
   279.105011      -6.43948056E-07
   279.220001      -6.47993772E-07
   279.334991      -6.51953656E-07
   279.450012      -6.55824010E-07
   279.565002      -6.59601085E-07
   279.679993      -6.63281298E-07
   279.795013      -6.66861467E-07
   279.910004      -6.70338522E-07
   280.024994      -6.73709962E-07
   280.140015      -6.76973571E-07
   280.255005      -6.80127528E-07
   280.369995      -6.83170356E-07
   280.484985      -6.86101089E-07
   280.600006      -6.88919044E-07
   280.714996      -6.91623711E-07
   280.829987      -6.94215032E-07
   280.945007      -6.96693121E-07
   281.059998      -6.99058262E-07
   281.174988      -7.01310967E-07
   281.290009      -7.03452088E-07
   281.404999      -7.05482364E-07
   281.519989      -7.07402990E-07
   281.635010      -7.09215044E-07
   281.750000      -7.10919778E-07
   281.864990      -7.12518499E-07
   281.980011      -7.14012515E-07
   282.095001      -7.15402962E-07
   282.209991      -7.16691034E-07
   282.325012      -7.17877640E-07
   282.440002      -7.18963577E-07
   282.554993      -7.19949583E-07
   282.670013      -7.20836056E-07
   282.785004      -7.21623337E-07
   282.899994      -7.22311597E-07
   283.015015      -7.22900950E-07
   283.130005      -7.23391281E-07
   283.244995      -7.23782478E-07
   283.359985      -7.24074425E-07
   283.475006      -7.24266954E-07
   283.589996      -7.24359893E-07
   283.704987      -7.24353185E-07
   283.820007      -7.24246945E-07
   283.934998      -7.24041172E-07
   284.049988      -7.23736150E-07
   284.165009      -7.23332221E-07
   284.279999      -7.22829895E-07
   284.394989      -7.22229572E-07
   284.510010      -7.21531819E-07
   284.625000      -7.20737319E-07
   284.739990      -7.19846639E-07
   284.855011      -7.18860349E-07
   284.970001      -7.17778960E-07
   285.084991      -7.16602983E-07
   285.200012      -7.15332817E-07
   285.315002      -7.13968745E-07
   285.429993      -7.12510939E-07
   285.545013      -7.10959227E-07
   285.660004      -7.09313497E-07
   285.774994      -7.07573292E-07
   285.890015      -7.05738103E-07
   286.005005      -7.03807245E-07
   286.119995      -7.01779868E-07
   286.234985      -6.99655459E-07
   286.350006      -6.97433279E-07
   286.464996      -6.95112931E-07
   286.579987      -6.92694414E-07
   286.695007      -6.90177785E-07
   286.809998      -6.87563727E-07
   286.924988      -6.84853092E-07
   287.040009      -6.82047187E-07
   287.154999      -6.79147490E-07
   287.269989      -6.76155707E-07
   287.385010      -6.73073657E-07
   287.500000      -6.69903272E-07
   287.614990      -6.66646145E-07
   287.730011      -6.63304093E-07
   287.845001      -6.59878481E-07
   287.959991      -6.56370560E-07
   288.075012      -6.52781353E-07
   288.190002      -6.49111598E-07
   288.304993      -6.45361638E-07
   288.420013      -6.41531813E-07
   288.535004      -6.37622179E-07
   288.649994      -6.33632624E-07
   288.765015      -6.29562919E-07
   288.880005      -6.25412781E-07
   288.994995      -6.21181641E-07
   289.109985      -6.16869386E-07
   289.225006      -6.12475503E-07
   289.339996      -6.07999652E-07
   289.454987      -6.03441663E-07
   289.570007      -5.98801421E-07
   289.684998      -5.94079040E-07
   289.799988      -5.89274805E-07
   289.915009      -5.84389340E-07
   290.029999      -5.79423386E-07
   290.144989      -5.74378191E-07
   290.260010      -5.69255121E-07
   290.375000      -5.64056052E-07
   290.489990      -5.58782972E-07
   290.605011      -5.53438042E-07
   290.720001      -5.48023763E-07
   290.834991      -5.42542409E-07
   290.950012      -5.36996595E-07
   291.065002      -5.31388821E-07
   291.179993      -5.25721475E-07
   291.295013      -5.19997002E-07
   291.410004      -5.14217959E-07
   291.524994      -5.08386677E-07
   291.640015      -5.02505770E-07
   291.755005      -4.96577627E-07
   291.869995      -4.90604862E-07
   291.984985      -4.84589975E-07
   292.100006      -4.78535412E-07
   292.214996      -4.72443531E-07
   292.329987      -4.66316379E-07
   292.445007      -4.60155832E-07
   292.559998      -4.53963423E-07
   292.674988      -4.47740348E-07
   292.790009      -4.41487344E-07
   292.904999      -4.35204981E-07
   293.019989      -4.28893458E-07
   293.135010      -4.22552802E-07
   293.250000      -4.16182871E-07
   293.364990      -4.09783524E-07
   293.480011      -4.03354676E-07
   293.595001      -3.96896326E-07
   293.709991      -3.90408559E-07
   293.825012      -3.83891603E-07
   293.940002      -3.77345884E-07
   294.054993      -3.70771943E-07
   294.170013      -3.64170461E-07
   294.285004      -3.57542177E-07
   294.399994      -3.50887916E-07
   294.515015      -3.44208644E-07
   294.630005      -3.37505355E-07
   294.744995      -3.30779272E-07
   294.859985      -3.24031646E-07
   294.975006      -3.17264011E-07
   295.089996      -3.10478072E-07
   295.204987      -3.03675677E-07
   295.320007      -2.96858985E-07
   295.434998      -2.90030243E-07
   295.549988      -2.83191753E-07
   295.665009      -2.76345929E-07
   295.779999      -2.69495018E-07
   295.894989      -2.62641123E-07
   296.010010      -2.55786119E-07
   296.125000      -2.48931570E-07
   296.239990      -2.42078727E-07
   296.355011      -2.35228441E-07
   296.470001      -2.28381339E-07
   296.584991      -2.21537817E-07
   296.700012      -2.14698161E-07
   296.815002      -2.07862627E-07
   296.929993      -2.01031554E-07
   297.045013      -1.94205370E-07
   297.160004      -1.87384742E-07
   297.274994      -1.80570524E-07
   297.390015      -1.73763780E-07
   297.505005      -1.66965762E-07
   297.619995      -1.60177834E-07
   297.734985      -1.53401515E-07
   297.850006      -1.46638371E-07
   297.964996      -1.39890076E-07
   298.079987      -1.33158338E-07
   298.195007      -1.26445045E-07
   298.309998      -1.19752130E-07
   298.424988      -1.13081768E-07
   298.540009      -1.06436275E-07
   298.654999      -9.98181449E-08
   298.769989      -9.32300352E-08
   298.885010      -8.66747314E-08
   299.000000      -8.01550541E-08
   299.114990      -7.36738031E-08
   299.230011      -6.72336853E-08
   299.345001      -6.08372162E-08
   299.459991      -5.44867120E-08
   299.575012      -4.81842086E-08
   299.690002      -4.19314361E-08
   299.804993      -3.57298262E-08
   299.920013      -2.95805282E-08
   300.035004      -2.34844233E-08
   300.149994      -1.74421562E-08
   300.265015      -1.14542047E-08
   300.380005      -5.52088197E-09
   300.494995       3.57569641E-10
   300.609985       6.18097085E-09
   300.725006       1.19491350E-08
   300.839996       1.76618808E-08
   300.954987       2.33189450E-08
   301.070007       2.89200237E-08
   301.184998       3.44647582E-08
   301.299988       3.99527096E-08
   301.415009       4.53834268E-08
   301.529999       5.07563911E-08
   301.644989       5.60710554E-08
   301.760010       6.13268156E-08
   301.875000       6.65230431E-08
   301.989990       7.16590662E-08
   302.105011       7.67341390E-08
   302.220001       8.17474870E-08
   302.334991       8.66982788E-08
   302.450012       9.15856901E-08
   302.565002       9.64088755E-08
   302.679993       1.01167025E-07
   302.795013       1.05859392E-07
   302.910004       1.10485253E-07
   303.024994       1.15043939E-07
   303.140015       1.19534789E-07
   303.255005       1.23957108E-07
   303.369995       1.28310106E-07
   303.484985       1.32592902E-07
   303.600006       1.36804402E-07
   303.714996       1.40943357E-07
   303.829987       1.45008357E-07
   303.945007       1.48997785E-07
   304.059998       1.52909934E-07
   304.174988       1.56743056E-07
   304.290009       1.60495361E-07
   304.404999       1.64165087E-07
   304.519989       1.67750599E-07
   304.635010       1.71250321E-07
   304.750000       1.74662830E-07
   304.864990       1.77986891E-07
   304.980011       1.81221367E-07
   305.095001       1.84365319E-07
   305.209991       1.87417967E-07
   305.325012       1.90378614E-07
   305.440002       1.93246819E-07
   305.554993       1.96022157E-07
   305.670013       1.98704328E-07
   305.785004       2.01293020E-07
   305.899994       2.03787963E-07
   306.015015       2.06188801E-07
   306.130005       2.08495180E-07
   306.244995       2.10706531E-07
   306.359985       2.12822343E-07
   306.475006       2.14841961E-07
   306.589996       2.16764761E-07
   306.704987       2.18590074E-07
   306.820007       2.20317389E-07
   306.934998       2.21946280E-07
   307.049988       2.23476405E-07
   307.165009       2.24907609E-07
   307.279999       2.26239877E-07
   307.394989       2.27473322E-07
   307.510010       2.28608144E-07
   307.625000       2.29644613E-07
   307.739990       2.30583026E-07
   307.855011       2.31423741E-07
   307.970001       2.32167054E-07
   308.084991       2.32813306E-07
   308.200012       2.33362769E-07
   308.315002       2.33815754E-07
   308.429993       2.34172518E-07
   308.545013       2.34433358E-07
   308.660004       2.34598573E-07
   308.774994       2.34668505E-07
   308.890015       2.34643551E-07
   309.005005       2.34524194E-07
   309.119995       2.34311017E-07
   309.234985       2.34004645E-07
   309.350006       2.33605761E-07
   309.464996       2.33115045E-07
   309.579987       2.32533125E-07
   309.695007       2.31860511E-07
   309.809998       2.31097530E-07
   309.924988       2.30244311E-07
   310.040009       2.29300682E-07
   310.154999       2.28266245E-07
   310.269989       2.27140390E-07
   310.385010       2.25922335E-07
