   0.00000000       0.00000000    
  0.115000002       0.00000000    
  0.230000004       0.00000000    
  0.344999999       0.00000000    
  0.460000008       0.00000000    
  0.574999988       0.00000000    
  0.689999998       0.00000000    
  0.805000007       0.00000000    
  0.920000017       0.00000000    
   1.03499997       0.00000000    
   1.14999998       0.00000000    
   1.26499999       0.00000000    
   1.38000000       0.00000000    
   1.49500000       0.00000000    
   1.61000001       0.00000000    
   1.72500002       0.00000000    
   1.84000003       0.00000000    
   1.95500004       0.00000000    
   2.06999993       0.00000000    
   2.18499994       0.00000000    
   2.29999995       0.00000000    
   2.41499996       0.00000000    
   2.52999997       0.00000000    
   2.64499998       0.00000000    
   2.75999999       0.00000000    
   2.87500000       0.00000000    
   2.99000001       0.00000000    
   3.10500002       0.00000000    
   3.22000003       0.00000000    
   3.33500004       0.00000000    
   3.45000005       0.00000000    
   3.56500006       0.00000000    
   3.68000007       0.00000000    
   3.79500008       0.00000000    
   3.91000009       0.00000000    
   4.02500010       0.00000000    
   4.13999987       0.00000000    
   4.25500011       0.00000000    
   4.36999989       0.00000000    
   4.48500013       0.00000000    
   4.59999990       0.00000000    
   4.71500015       0.00000000    
   4.82999992       0.00000000    
   4.94500017       0.00000000    
   5.05999994       0.00000000    
   5.17500019       0.00000000    
   5.28999996       0.00000000    
   5.40500021       0.00000000    
   5.51999998       0.00000000    
   5.63500023       0.00000000    
   5.75000000       0.00000000    
   5.86499977       0.00000000    
   5.98000002       0.00000000    
   6.09499979       0.00000000    
   6.21000004       0.00000000    
   6.32499981       0.00000000    
   6.44000006       0.00000000    
   6.55499983       0.00000000    
   6.67000008       0.00000000    
   6.78499985       0.00000000    
   6.90000010       0.00000000    
   7.01499987       0.00000000    
   7.13000011       0.00000000    
   7.24499989       0.00000000    
   7.36000013       0.00000000    
   7.47499990       0.00000000    
   7.59000015       0.00000000    
   7.70499992       0.00000000    
   7.82000017       0.00000000    
   7.93499994       0.00000000    
   8.05000019       0.00000000    
   8.16499996       0.00000000    
   8.27999973       0.00000000    
   8.39500046       0.00000000    
   8.51000023       0.00000000    
   8.62500000       0.00000000    
   8.73999977       0.00000000    
   8.85499954       0.00000000    
   8.97000027       0.00000000    
   9.08500004       0.00000000    
   9.19999981       0.00000000    
   9.31499958       0.00000000    
   9.43000031       0.00000000    
   9.54500008       0.00000000    
   9.65999985       0.00000000    
   9.77499962       0.00000000    
   9.89000034       0.00000000    
   10.0050001       7.31253591E-41
   10.1199999       1.43637296E-40
   10.2349997       2.14150635E-40
   10.3500004       2.84663974E-40
   10.4650002       3.55177313E-40
   10.5799999       4.25690651E-40
   10.6949997       4.96202589E-40
   10.8100004       5.66715928E-40
   10.9250002       6.37229266E-40
   11.0400000       7.07742605E-40
   11.1549997       6.57929247E-40
   11.2700005       5.36770179E-40
   11.3850002       4.18223132E-40
   11.5000000       2.99676084E-40
   11.6149998       1.81129037E-40
   11.7299995       4.35131199E-40
   11.8450003       8.59669983E-40
   11.9600000       1.02112759E-39
   12.0749998       1.15519262E-39
   12.1899996       1.17522418E-39
   12.3050003       8.69973731E-40
   12.4200001       9.91138404E-42
   12.5349998      -1.32487305E-39
   12.6499996      -3.02528007E-39
   12.7650003      -4.59246565E-39
   12.8800001      -5.51204534E-39
   12.9949999      -4.57569211E-39
   13.1099997      -2.61180033E-39
   13.2250004      -1.98900444E-39
   13.3400002      -1.91911328E-39
   13.4549999      -1.61161094E-39
   13.5699997      -7.22862615E-40
   13.6850004       7.74399570E-41
   13.8000002       3.13218541E-38
   13.9150000       6.39400494E-38
   14.0299997       9.88883098E-38
   14.1450005       1.02434738E-37
   14.2600002       1.02585933E-37
   14.3750000       1.03402453E-37
   14.4899998       1.08367287E-37
   14.6049995       5.95423881E-38
   14.7200003       3.79722036E-39
   14.8350000      -5.83315093E-38
   14.9499998      -1.07612704E-37
   15.0649996      -1.44867648E-37
   15.1800003      -1.62126253E-37
   15.2950001      -1.77858059E-37
   15.4099998      -2.97813882E-37
   15.5249996      -4.31308995E-37
   15.6400003      -5.37390786E-37
   15.7550001      -6.09172872E-37
   15.8699999      -7.48251139E-37
   15.9849997      -9.29033977E-37
   16.1000004      -1.19632917E-36
   16.2150002      -1.45545872E-36
   16.3299999      -1.68696784E-36
   16.4449997      -1.80490112E-36
   16.5599995      -1.99637096E-36
   16.6749992      -2.17638126E-36
   16.7900009      -2.70231077E-36
   16.9050007      -3.58446928E-36
   17.0200005      -5.02275736E-36
   17.1350002      -6.49453024E-36
   17.2500000      -8.03136713E-36
   17.3649998      -9.03496911E-36
   17.4799995      -9.89320913E-36
   17.5949993      -1.00981558E-35
   17.7099991      -9.67388157E-36
   17.8250008      -8.87640723E-36
   17.9400005      -6.57035838E-36
   18.0550003      -2.87646675E-36
   18.1700001       2.38620959E-36
   18.2849998       9.53840556E-36
   18.3999996       1.94073629E-35
   18.5149994       3.19736759E-35
   18.6299992       4.83954812E-35
   18.7450008       6.95213303E-35
   18.8600006       9.31618992E-35
   18.9750004       1.19142919E-34
   19.0900002       1.46829151E-34
   19.2049999       1.73778151E-34
   19.3199997       1.95488591E-34
   19.4349995       2.09638030E-34
   19.5499992       2.13290351E-34
   19.6650009       2.01804026E-34
   19.7800007       1.73194514E-34
   19.8950005       1.22644618E-34
   20.0100002       4.76510828E-35
   20.1250000      -5.19400387E-35
   20.2399998      -1.77392888E-34
   20.3549995      -3.24260851E-34
   20.4699993      -4.88521264E-34
   20.5849991      -6.62534514E-34
   20.7000008      -8.37045191E-34
   20.8150005      -1.00201260E-33
   20.9300003      -1.14486244E-33
   21.0450001      -1.25271753E-33
   21.1599998      -1.30979522E-33
   21.2749996      -1.30249017E-33
   21.3899994      -1.21791188E-33
   21.5049992      -1.04487838E-33
   21.6200008      -7.77852989E-34
   21.7350006      -4.14681668E-34
   21.8500004       3.95035380E-35
   21.9650002       5.71493073E-34
   22.0799999       1.16281499E-33
   22.1949997       1.78788154E-33
   22.3099995       2.41559424E-33
   22.4249992       3.01286273E-33
   22.5400009       3.54437224E-33
   22.6550007       3.97866046E-33
   22.7700005       4.28795727E-33
   22.8850002       4.45301101E-33
   23.0000000       4.46196203E-33
   23.1149998       4.31035117E-33
   23.2299995       4.00345752E-33
   23.3449993       3.55276417E-33
   23.4599991       2.97066414E-33
   23.5750008       2.26731022E-33
   23.6900005       1.44375989E-33
   23.8050003       4.83749170E-34
   23.9200001      -6.57709798E-34
   24.0349998      -2.05734599E-33
   24.1499996      -3.83372936E-33
   24.2649994      -6.14933348E-33
   24.3799992      -9.20371596E-33
   24.4950008      -1.32308825E-32
   24.6100006      -1.84827605E-32
   24.7250004      -2.52046736E-32
   24.8400002      -3.36018704E-32
   24.9549999      -4.38019758E-32
   25.0699997      -5.58058361E-32
   25.1849995      -6.94397721E-32
   25.2999992      -8.43043742E-32
   25.4150009      -9.97283412E-32
   25.5300007      -1.14726521E-31
   25.6450005      -1.27979067E-31
   25.7600002      -1.37824973E-31
   25.8750000      -1.42282882E-31
   25.9899998      -1.39107179E-31
   26.1049995      -1.25866493E-31
   26.2199993      -1.00065426E-31
   26.3349991      -5.92896546E-32
   26.4500008      -1.38385541E-33
   26.5650005       7.53528907E-32
   26.6800003       1.71973554E-31
   26.7950001       2.88679619E-31
   26.9099998       4.24656691E-31
   27.0249996       5.77944070E-31
   27.1399994       7.45364511E-31
   27.2549992       9.22522042E-31
   27.3700008       1.10389320E-30
   27.4850006       1.28299669E-30
   27.6000004       1.45264752E-30
   27.7150002       1.60528461E-30
   27.8299999       1.73334429E-30
   27.9449997       1.82963815E-30
   28.0599995       1.88770381E-30
   28.1749992       1.90205725E-30
   28.2900009       1.86830307E-30
   28.4050007       1.78304193E-30
   28.5200005       1.64351338E-30
   28.6350002       1.44694741E-30
   28.7500000       1.18960555E-30
   28.8649998       8.65522227E-31
   28.9799995       4.64999751E-31
   29.0949993      -2.70544433E-32
   29.2099991      -6.32790285E-31
   29.3250008      -1.38290723E-30
   29.4400005      -2.31771469E-30
   29.5550003      -3.48749614E-30
   29.6700001      -4.95188186E-30
   29.7849998      -6.77790494E-30
   29.8999996      -9.03646029E-30
   30.0149994      -1.17969378E-29
   30.1299992      -1.51198561E-29
   30.2450008      -1.90474637E-29
   30.3600006      -2.35924417E-29
   30.4750004      -2.87249743E-29
   30.5900002      -3.43587647E-29
   30.7049999      -4.03366798E-29
   30.8199997      -4.64170783E-29
   30.9349995      -5.22619748E-29
   31.0499992      -5.74284564E-29
   31.1650009      -6.13648766E-29
   31.2800007      -6.34134161E-29
   31.3950005      -6.28204885E-29
   31.5100002      -5.87563971E-29
   31.6250000      -5.03453044E-29
   31.7399998      -3.67060340E-29
   31.8549995      -1.70037722E-29
   31.9699993       9.48804271E-30
   32.0849991       4.33172369E-29
   32.2000008       8.47763607E-29
   32.3149986       1.33823375E-28
   32.4300003       1.90003967E-28
   32.5449982       2.52380649E-28
   32.6599998       3.19474294E-28
   32.7750015       3.89224062E-28
   32.8899994       4.58972024E-28
   33.0050011       5.25478237E-28
   33.1199989       5.84970213E-28
   33.2350006       6.33231755E-28
   33.3499985       6.65731148E-28
   33.4650002       6.77789107E-28
   33.5800018       6.64782339E-28
   33.6949997       6.22377695E-28
   33.8100014       5.46785811E-28
   33.9249992       4.35024048E-28
   34.0400009       2.85172760E-28
   34.1549988       9.66090335E-29
   34.2700005      -1.29800143E-28
   34.3849983      -3.91562550E-28
   34.5000000      -6.84499480E-28
   34.6150017      -1.00277260E-27
   34.7299995      -1.33900799E-27
   34.8450012      -1.68452098E-27
   34.9599991      -2.02963858E-27
   35.0750008      -2.36410770E-27
   35.1899986      -2.67757091E-27
   35.3050003      -2.96007864E-27
   35.4199982      -3.20260290E-27
   35.5349998      -3.39750836E-27
   35.6500015      -3.53893364E-27
   35.7649994      -3.62302937E-27
   35.8800011      -3.64801060E-27
   35.9949989      -3.61397596E-27
   36.1100006      -3.52246270E-27
   36.2249985      -3.37572841E-27
   36.3400002      -3.17575140E-27
   36.4550018      -2.92298619E-27
   36.5699997      -2.61492926E-27
   36.6850014      -2.24457139E-27
   36.7999992      -1.79886113E-27
   36.9150009      -1.25730928E-27
   37.0299988      -5.90902703E-28
   37.1450005       2.38495103E-28
   37.2599983       1.27807051E-27
   37.3750000       2.58313659E-27
   37.4900017       4.21519659E-27
   37.6049995       6.23886863E-27
   37.7200012       8.71759863E-27
   37.8349991       1.17081464E-26
   37.9500008       1.52539198E-26
   38.0649986       1.93773235E-26
   38.1800003       2.40713895E-26
   38.2949982       2.92910402E-26
   38.4099998       3.49444982E-26
   38.5250015       4.08853542E-26
   38.6399994       4.69060115E-26
   38.7550011       5.27331267E-26
   38.8699989       5.80258102E-26
   38.9850006       6.23772717E-26
   39.0999985       6.53205487E-26
   39.2150002       6.63388326E-26
   39.3300018       6.48807341E-26
   39.4449997       6.03807079E-26
   39.5600014       5.22843819E-26
   39.6749992       4.00785621E-26
   39.7900009       2.33250331E-26
   39.9049988       1.69719495E-27
   40.0200005      -2.49819430E-26
   40.1349983      -5.67019845E-26
   40.2500000      -9.32296464E-26
   40.3650017      -1.34077659E-25
   40.4799995      -1.78480162E-25
   40.5950012      -2.25377117E-25
   40.7099991      -2.73409649E-25
   40.8250008      -3.20928190E-25
   40.9399986      -3.66015067E-25
   41.0550003      -4.06522137E-25
   41.1699982      -4.40124481E-25
   41.2849998      -4.64389004E-25
   41.4000015      -4.76856852E-25
   41.5149994      -4.75138565E-25
   41.6300011      -4.57017346E-25
   41.7449989      -4.20558463E-25
   41.8600006      -3.64219323E-25
   41.9749985      -2.86956215E-25
   42.0900002      -1.88321399E-25
   42.2050018      -6.85468419E-26
   42.3199997       7.13918441E-26
   42.4350014       2.29735006E-25
   42.5499992       4.03926218E-25
   42.6650009       5.90629330E-25
   42.7799988       7.85777741E-25
   42.8950005       9.84654506E-25
   43.0099983       1.18200246E-24
   43.1250000       1.37215994E-24
   43.2400017       1.54921800E-24
   43.3549995       1.70719104E-24
   43.4700012       1.84019536E-24
   43.5849991       1.94262283E-24
   43.7000008       2.00930544E-24
   43.8149986       2.03565833E-24
   43.9300003       2.01779457E-24
   44.0449982       1.95260330E-24
   44.1599998       1.83778953E-24
   44.2750015       1.67186940E-24
   44.3899994       1.45412446E-24
   44.5050011       1.18451744E-24
   44.6199989       8.63578260E-25
   44.7350006       4.92268877E-25
   44.8499985       7.18432759E-26
   44.9650002      -3.96282846E-25
   45.0800018      -9.10633123E-25
   45.1949997      -1.46972478E-24
   45.3100014      -2.07205637E-24
   45.4249992      -2.71601418E-24
   45.5400009      -3.39967969E-24
   45.6549988      -4.12053724E-24
   45.7700005      -4.87507007E-24
   45.8849983      -5.65825867E-24
   46.0000000      -6.46298712E-24
   46.1150017      -7.27938597E-24
   46.2299995      -8.09413887E-24
   46.3450012      -8.88979581E-24
   46.4599991      -9.64414169E-24
   46.5750008      -1.03296721E-23
   46.6899986      -1.09132430E-23
   46.8050003      -1.13559470E-23
   46.9199982      -1.16132821E-23
   47.0349998      -1.16356700E-23
   47.1500015      -1.13693679E-23
   47.2649994      -1.07578074E-23
   47.3800011      -9.74338986E-24
   47.4949989      -8.26972038E-24
   47.6100006      -6.28428054E-24
   47.7249985      -3.74147222E-24
   47.8400002      -6.05971886E-25
   47.9550018       3.14370320E-24
   48.0699997       7.51154616E-24
   48.1850014       1.24804769E-23
   48.2999992       1.80089734E-23
   48.4150009       2.40281147E-23
   48.5299988       3.04392172E-23
   48.6450005       3.71122547E-23
   48.7599983       4.38852031E-23
   48.8750000       5.05645672E-23
   48.9900017       5.69271059E-23
   49.1049995       6.27229680E-23
   49.2200012       6.76802393E-23
   49.3349991       7.15109037E-23
   49.4500008       7.39182737E-23
   49.5649986       7.46056618E-23
   49.6800003       7.32862573E-23
   49.7949982       6.96938604E-23
   49.9099998       6.35943753E-23
   50.0250015       5.47975412E-23
   50.1399994       4.31687249E-23
   50.2550011       2.86401789E-23
   50.3699989       1.12215582E-23
   50.4850006      -8.99092068E-24
   50.5999985      -3.18069727E-23
   50.7150002      -5.69368562E-23
   50.8300018      -8.39884555E-23
   50.9449997      -1.12467054E-22
   51.0600014      -1.41778234E-22
   51.1749992      -1.71233821E-22
   51.2900009      -2.00061197E-22
   51.4049988      -2.27415775E-22
   51.5200005      -2.52396690E-22
   51.6349983      -2.74065273E-22
   51.7500000      -2.91466459E-22
   51.8650017      -3.03652025E-22
   51.9799995      -3.09706009E-22
   52.0950012      -3.08771291E-22
   52.2099991      -3.00076630E-22
   52.3250008      -2.82964154E-22
   52.4399986      -2.56915866E-22
   52.5550003      -2.21579189E-22
   52.6699982      -1.76790393E-22
   52.7849998      -1.22595800E-22
   52.9000015      -5.92693854E-23
   53.0149994       1.26729021E-23
   53.1300011       9.24633333E-23
   53.2449989       1.79077093E-22
   53.3600006       2.71232114E-22
   53.4749985       3.67394284E-22
   53.5900002       4.65788412E-22
   53.7050018       5.64414705E-22
   53.8199997       6.61071497E-22
   53.9350014       7.53383722E-22
   54.0499992       8.38837427E-22
   54.1650009       9.14819752E-22
   54.2799988       9.78664928E-22
   54.3950005       1.02770527E-21
   54.5099983       1.05932635E-21
   54.6250000       1.07102734E-21
   54.7400017       1.06048462E-21
   54.8549995       1.02561722E-21
   54.9700012       9.64655466E-22
   55.0849991       8.76209340E-22
   55.2000008       7.59335848E-22
   55.3149986       6.13605396E-22
   55.4300003       4.39163334E-22
   55.5449982       2.36786383E-22
   55.6599998       7.93185598E-24
   55.7750015      -2.45222827E-22
   55.8899994      -5.19752102E-22
   56.0050011      -8.11967487E-22
   56.1199989      -1.11741832E-21
   56.2350006      -1.43091028E-21
   56.3499985      -1.74654218E-21
   56.4650002      -2.05776384E-21
   56.5800018      -2.35745485E-21
   56.6949997      -2.63802599E-21
   56.8100014      -2.89154110E-21
   56.9249992      -3.10986185E-21
   57.0400009      -3.28481136E-21
   57.1549988      -3.40835611E-21
   57.2700005      -3.47280269E-21
   57.3849983      -3.47100616E-21
   57.5000000      -3.39658373E-21
   57.6150017      -3.24413431E-21
   57.7299995      -3.00945028E-21
   57.8450012      -2.68972195E-21
   57.9599991      -2.28372511E-21
   58.0750008      -1.79198582E-21
   58.1899986      -1.21691778E-21
   58.3050003      -5.62922206E-22
   58.4199982       1.63551262E-22
   58.5349998       9.53988047E-22
   58.6500015       1.79784313E-21
   58.7649994       2.68262306E-21
   58.8800011       3.59402383E-21
   58.9949989       4.51611372E-21
   59.1100006       5.43157082E-21
   59.2249985       6.32195886E-21
   59.3400002       7.16804265E-21
   59.4550018       7.95013707E-21
   59.5699997       8.64847138E-21
   59.6850014       9.24356967E-21
   59.7999992       9.71663620E-21
   59.9150009       1.00499213E-20
   60.0299988       1.02270826E-20
   60.1450005       1.02335045E-20
   60.2599983       1.00565937E-20
   60.3750000       9.68602729E-21
   60.4900017       9.11395354E-21
   60.6049995       8.33515007E-21
   60.7200012       7.34713695E-21
   60.8349991       6.15024255E-21
   60.9500008       4.74764513E-21
   61.0649986       3.14538195E-21
   61.1800003       1.35234932E-21
   61.2949982      -6.19702419E-22
   61.4099998      -2.75615550E-21
   61.5250015      -5.03949570E-21
   61.6399994      -7.44924044E-21
   61.7550011      -9.96182982E-21
   61.8699989      -1.25504681E-20
   61.9850006      -1.51849180E-20
   62.0999985      -1.78312610E-20
   62.2150002      -2.04516254E-20
   62.3300018      -2.30039090E-20
   62.4449997      -2.54415214E-20
   62.5600014      -2.77131904E-20
   62.6749992      -2.97628438E-20
   62.7900009      -3.15296434E-20
   62.9049988      -3.29482000E-20
   63.0200005      -3.39490304E-20
   63.1349983      -3.44592845E-20
   63.2500000      -3.44038117E-20
   63.3650017      -3.37065792E-20
   63.4799995      -3.22924881E-20
   63.5950012      -3.00895930E-20
   63.7099991      -2.70317099E-20
   63.8250008      -2.30614158E-20
   63.9399986      -1.81333661E-20
   64.0550003      -1.22178745E-20
   64.1699982      -5.30467817E-21
   64.2850037       2.59325383E-21
   64.4000015       1.14359965E-20
   64.5149994       2.11531731E-20
   64.6299973       3.16408992E-20
   64.7450027       4.27593052E-20
   64.8600006       5.43309028E-20
   64.9749985       6.61399013E-20
   65.0899963       7.79327180E-20
   65.2050018       8.94198333E-20
   65.3199997       1.00279112E-19
   65.4349976       1.10160735E-19
   65.5500031       1.18693671E-19
   65.6650009       1.25493923E-19
   65.7799988       1.30174201E-19
   65.8949966       1.32355115E-19
   66.0100021       1.31677550E-19
   66.1250000       1.27816052E-19
   66.2399979       1.20492763E-19
   66.3550034       1.09491662E-19
   66.4700012       9.46724302E-20
   66.5849991       7.59836995E-20
   66.6999969       5.34748485E-20
   66.8150024       2.73060334E-20
   66.9300003      -2.24418846E-21
   67.0449982      -3.47741301E-20
   67.1600037      -6.97577179E-20
   67.2750015      -1.06546905E-19
   67.3899994      -1.44378211E-19
   67.5049973      -1.82383464E-19
   67.6200027      -2.19604924E-19
   67.7350006      -2.55014458E-19
   67.8499985      -2.87536873E-19
   67.9649963      -3.16076569E-19
   68.0800018      -3.39547328E-19
   68.1949997      -3.56904188E-19
   68.3099976      -3.67177047E-19
   68.4250031      -3.69504320E-19
   68.5400009      -3.63166436E-19
   68.6549988      -3.47617276E-19
   68.7699966      -3.22513197E-19
   68.8850021      -2.87737930E-19
   69.0000000      -2.43422840E-19
   69.1149979      -1.89961071E-19
   69.2300034      -1.28015350E-19
   69.3450012      -5.85183625E-20
   69.4599991       1.73346247E-20
   69.5749969       9.81007901E-20
   69.6900024       1.82113079E-19
   69.8050003       2.67510986E-19
   69.9199982       3.52278568E-19
   70.0350037       4.34289002E-19
   70.1500015       5.11354576E-19
   70.2649994       5.81281375E-19
   70.3799973       6.41926587E-19
   70.4950027       6.91258139E-19
   70.6100006       7.27413738E-19
   70.7249985       7.48759134E-19
   70.8399963       7.53942817E-19
   70.9550018       7.41946009E-19
   71.0699997       7.12126924E-19
   71.1849976       6.64256638E-19
   71.3000031       5.98546702E-19
   71.4150009       5.15666100E-19
   71.5299988       4.16747732E-19
   71.6449966       3.03382965E-19
   71.7600021       1.77604350E-19
   71.8750000       4.18558334E-20
   71.9899979      -1.01048700E-19
   72.1050034      -2.47978330E-19
   72.2200012      -3.95549290E-19
   72.3349991      -5.40198312E-19
   72.4499969      -6.78264476E-19
   72.5650024      -8.06078046E-19
   72.6800003      -9.20053763E-19
   72.7949982      -1.01678695E-18
   72.9100037      -1.09315041E-18
   73.0250015      -1.14638889E-18
   73.1399994      -1.17420894E-18
   73.2549973      -1.17486262E-18
   73.3700027      -1.14722062E-18
   73.4850006      -1.09083389E-18
   73.5999985      -1.00598108E-18
   73.7149963      -8.93699582E-19
   73.8300018      -7.55798390E-19
   73.9449997      -5.94851428E-19
   74.0599976      -4.14170910E-19
   74.1750031      -2.17758863E-19
   74.2900009      -1.02382956E-20
   74.4049988       2.03236519E-19
   74.5199966       4.17089487E-19
   74.6350021       6.25450131E-19
   74.7500000       8.22296576E-19
   74.8649979       1.00161243E-18
   74.9800034       1.15755314E-18
   75.0950012       1.28461904E-18
   75.2099991       1.37783102E-18
   75.3249969       1.43290305E-18
   75.4400024       1.44640926E-18
   75.5550003       1.41593779E-18
   75.6699982       1.34022925E-18
   75.7850037       1.21929224E-18
   75.9000015       1.05449181E-18
   76.0149994       8.48607537E-19
   76.1299973       6.05854688E-19
   76.2450027       3.31866464E-19
   76.3600006       3.36330442E-20
   76.4749985      -2.80603471E-19
   76.5899963      -6.01499892E-19
   76.7050018      -9.18808753E-19
   76.8199997      -1.22161859E-18
   76.9349976      -1.49863600E-18
   77.0500031      -1.73850224E-18
   77.1650009      -1.93014241E-18
   77.2799988      -2.06313341E-18
   77.3949966      -2.12808736E-18
   77.5100021      -2.11703457E-18
   77.6250000      -2.02379642E-18
   77.7399979      -1.84433504E-18
   77.8550034      -1.57706482E-18
   77.9700012      -1.22311340E-18
   78.0849991      -7.86518482E-19
   78.1999969      -2.74347452E-19
   78.3150024       3.03270520E-19
   78.4300003       9.33208210E-19
   78.5449982       1.59950778E-18
   78.6600037       2.28365252E-18
   78.7750015       2.96494453E-18
   78.8899994       3.62098437E-18
   79.0049973       4.22824041E-18
   79.1200027       4.76270372E-18
   79.2350006       5.20060487E-18
   79.3499985       5.51917528E-18
   79.4649963       5.69743643E-18
   79.5800018       5.71698270E-18
   79.6949997       5.56274123E-18
   79.8099976       5.22367617E-18
   79.9250031       4.69341204E-18
   80.0400009       3.97075273E-18
   80.1549988       3.06007506E-18
   80.2699966       1.97157051E-18
   80.3850021       7.21331169E-19
   80.5000000      -6.68740784E-19
   80.6149979      -2.17120125E-18
   80.7300034      -3.75350781E-18
   80.8450012      -5.37863357E-18
   80.9599991      -7.00584508E-18
   81.0749969      -8.59161648E-18
   81.1900024      -1.00906663E-17
   81.3050003      -1.14570917E-17
   81.4199982      -1.26455699E-17
   81.5350037      -1.36125838E-17
   81.6500015      -1.43176659E-17
   81.7649994      -1.47246024E-17
   81.8799973      -1.48025757E-17
   81.9950027      -1.45272172E-17
   82.1100006      -1.38815349E-17
   82.2249985      -1.28567037E-17
   82.3399963      -1.14526696E-17
   82.4550018      -9.67858723E-18
   82.5699997      -7.55303580E-18
   82.6849976      -5.10404311E-18
   82.8000031      -2.36887157E-18
   82.9150009       6.06400575E-19
   83.0299988       3.76751983E-18
   83.1449966       7.05291413E-18
   83.2600021       1.03947461E-17
   83.3750000       1.37201528E-17
   83.4899979       1.69526597E-17
   83.6050034       2.00137391E-17
   83.7200012       2.28244856E-17
   83.8349991       2.53074022E-17
   83.9499969       2.73882214E-17
   84.0650024       2.89977792E-17
   84.1800003       3.00738452E-17
   84.2949982       3.05629274E-17
   84.4100037       3.04219427E-17
   84.5250015       2.96197826E-17
   84.6399994       2.81386595E-17
   84.7549973       2.59752232E-17
   84.8700027       2.31414315E-17
   84.9850006       1.96650676E-17
   85.0999985       1.55899475E-17
   85.2149963       1.09757437E-17
   85.3300018       5.89741520E-18
   85.4449997       4.44254460E-19
   85.5599976      -5.28146797E-18
   85.6750031      -1.11662467E-17
   85.7900009      -1.70874405E-17
   85.9049988      -2.29157005E-17
   86.0199966      -2.85176770E-17
   86.1350021      -3.37589613E-17
   86.2500000      -3.85072064E-17
   86.3649979      -4.26353041E-17
   86.4800034      -4.60246403E-17
   86.5950012      -4.85682571E-17
   86.7099991      -5.01739007E-17
   86.8249969      -5.07668668E-17
   86.9400024      -5.02925316E-17
   87.0550003      -4.87185459E-17
   87.1699982      -4.60366278E-17
   87.2850037      -4.22638306E-17
   87.4000015      -3.74433164E-17
   87.5149994      -3.16445686E-17
   87.6299973      -2.49629642E-17
   87.7450027      -1.75187887E-17
   87.8600006      -9.45558016E-18
   87.9749985      -9.37877024E-19
   88.0899963       7.85164139E-18
   88.2050018       1.67155914E-17
   88.3199997       2.54458624E-17
   88.4349976       3.38280706E-17
   88.5500031       4.16464263E-17
   88.6650009       4.86889328E-17
   88.7799988       5.47528119E-17
   88.8949966       5.96500785E-17
   89.0100021       6.32131159E-17
   89.1250000       6.53000397E-17
   89.2399979       6.57999281E-17
   89.3550034       6.46374349E-17
   89.4700012       6.17769451E-17
   89.5849991       5.72258900E-17
   89.6999969       5.10372125E-17
   89.8150024       4.33106806E-17
   89.9300003       3.41930955E-17
   90.0449982       2.38771855E-17
   90.1600037       1.25991246E-17
   90.2750015       6.34644916E-19
   90.3899994      -1.17062129E-17
   90.5049973      -2.40857011E-17
   90.6200027      -3.61462013E-17
   90.7350006      -4.75191571E-17
   90.8499985      -5.78348802E-17
   90.9649963      -6.67330209E-17
   91.0800018      -7.38733565E-17
   91.1949997      -7.89466934E-17
   91.3099976      -8.16854354E-17
   91.4250031      -8.18735562E-17
   91.5400009      -7.93555853E-17
   91.6549988      -7.40443380E-17
   91.7699966      -6.59270492E-17
   91.8850021      -5.50696816E-17
   92.0000000      -4.16192418E-17
   92.1149979      -2.58038794E-17
   92.2300034      -7.93081002E-18
   92.3450012       1.16180718E-17
   92.4599991       3.23926376E-17
   92.5749969       5.38831175E-17
   92.6900024       7.55304838E-17
   92.8050003       9.67384021E-17
   92.9199982       1.16886537E-16
   93.0350037       1.35344814E-16
   93.1500015       1.51488296E-16
   93.2649994       1.64712452E-16
   93.3799973       1.74448302E-16
   93.4950027       1.80177156E-16
   93.6100006       1.81444860E-16
   93.7249985       1.77874987E-16
   93.8399963       1.69180815E-16
   93.9550018       1.55176039E-16
   94.0699997       1.35783881E-16
   94.1849976       1.11044418E-16
   94.3000031       8.11202726E-17
   94.4150009       4.63000981E-17
   94.5299988       7.00026988E-18
   94.6449966      -3.62356989E-17
   94.7600021      -8.27400179E-17
   94.8750000      -1.31725667E-16
   94.9899979      -1.82293984E-16
   95.1050034      -2.33444742E-16
   95.2200012      -2.84088736E-16
   95.3349991      -3.33062990E-16
   95.4499969      -3.79148676E-16
   95.5650024      -4.21091418E-16
   95.6800003      -4.57624320E-16
   95.7949982      -4.87492819E-16
   95.9100037      -5.09482165E-16
   96.0250015      -5.22445846E-16
   96.1399994      -5.25335710E-16
   96.2549973      -5.17232252E-16
   96.3700027      -4.97375047E-16
   96.4850006      -4.65192400E-16
   96.5999985      -4.20329221E-16
   96.7149963      -3.62672456E-16
   96.8300018      -2.92373248E-16
   96.9449997      -2.09864946E-16
   97.0599976      -1.15875973E-16
   97.1750031      -1.14370814E-17
   97.2900009       1.02117710E-16
   97.4049988       2.23157183E-16
   97.5199966       3.49766056E-16
   97.6350021       4.79765655E-16
   97.7500000       6.10741989E-16
   97.8649979       7.40080850E-16
   97.9800034       8.65010004E-16
   98.0950012       9.82647581E-16
   98.2099991       1.09005570E-15
   98.3249969       1.18429934E-15
   98.4400024       1.26250843E-15
   98.5550003       1.32194230E-15
   98.6699982       1.36005560E-15
   98.7850037       1.37456369E-15
   98.9000015       1.36350737E-15
   99.0149994       1.32531349E-15
   99.1299973       1.25885253E-15
   99.2450027       1.16348901E-15
   99.3600006       1.03912615E-15
   99.4749985       8.86241308E-16
   99.5899963       7.05911964E-16
   99.7050018       4.99830754E-16
   99.8199997       2.70309151E-16
   99.9349976       2.02680227E-17
   100.050003      -2.46784743E-16
   100.165001      -5.26790225E-16
   100.279999      -8.15188797E-16
   100.394997      -1.10698365E-15
   100.510002      -1.39681768E-15
   100.625000      -1.67906346E-15
   100.739998      -1.94792379E-15
   100.855003      -2.19754207E-15
   100.970001      -2.42212163E-15
   101.084999      -2.61604834E-15
   101.199997      -2.77401850E-15
   101.315002      -2.89116549E-15
   101.430000      -2.96318277E-15
   101.544998      -2.98644124E-15
   101.660004      -2.95809740E-15
   101.775002      -2.87618508E-15
   101.889999      -2.73969503E-15
   102.004997      -2.54863235E-15
   102.120003      -2.30405434E-15
   102.235001      -2.00808282E-15
   102.349998      -1.66389458E-15
   102.464996      -1.27568424E-15
   102.580002      -8.48603135E-16
   102.695000      -3.88674488E-16
   102.809998       9.73139742E-17
   102.925003       6.01936711E-16
   103.040001       1.11727309E-15
   103.154999       1.63506401E-15
   103.269997       2.14687383E-15
   103.385002       2.64425898E-15
   103.500000       3.11893350E-15
   103.614998       3.56292890E-15
   103.730003       3.96874408E-15
   103.845001       4.32948101E-15
   103.959999       4.63896101E-15
   104.074997       4.89182152E-15
   104.190002       5.08359021E-15
   104.305000       5.21073282E-15
   104.419998       5.27068115E-15
   104.535004       5.26183008E-15
   104.650002       5.18352061E-15
   104.764999       5.03599542E-15
   104.879997       4.82034380E-15
   104.995003       4.53842794E-15
   105.110001       4.19280038E-15
   105.224998       3.78661886E-15
   105.339996       3.32355506E-15
   105.455002       2.80770839E-15
   105.570000       2.24352325E-15
   105.684998       1.63571676E-15
   105.800003       9.89217062E-16
   105.915001       3.09114324E-16
   106.029999      -3.99372276E-16
   106.144997      -1.13091593E-15
   106.260002      -1.88008576E-15
   106.375000      -2.64133969E-15
   106.489998      -3.40900416E-15
   106.605003      -4.17724674E-15
   106.720001      -4.94003972E-15
   106.834999      -5.69112289E-15
   106.949997      -6.42396309E-15
   107.065002      -7.13172180E-15
   107.180000      -7.80722549E-15
   107.294998      -8.44294829E-15
   107.410004      -9.03101107E-15
   107.525002      -9.56318917E-15
   107.639999      -1.00309436E-14
   107.754997      -1.04254746E-14
   107.870003      -1.07377926E-14
   107.985001      -1.09588123E-14
   108.099998      -1.10794679E-14
   108.214996      -1.10908504E-14
   108.330002      -1.09843631E-14
   108.445000      -1.07518906E-14
   108.559998      -1.03859894E-14
   108.675003      -9.88007521E-15
   108.790001      -9.22862640E-15
   108.904999      -8.42737897E-15
   109.019997      -7.47352416E-15
   109.135002      -6.36588543E-15
   109.250000      -5.10508621E-15
   109.364998      -3.69369088E-15
   109.480003      -2.13632255E-15
   109.595001      -4.39745360E-16
   109.709999       1.38708400E-15
   109.824997       3.33300794E-15
   109.940002       5.38469094E-15
   110.055000       7.52668818E-15
   110.169998       9.74154381E-15
   110.285004       1.20099252E-14
   110.400002       1.43107927E-14
   110.514999       1.66215766E-14
   110.629997       1.89183809E-14
   110.745003       2.11761964E-14
   110.860001       2.33690986E-14
   110.974998       2.54704501E-14
   111.089996       2.74530883E-14
   111.205002       2.92894676E-14
   111.320000       3.09518070E-14
   111.434998       3.24121799E-14
   111.550003       3.36425800E-14
   111.665001       3.46149772E-14
   111.779999       3.53013246E-14
   111.894997       3.56735617E-14
   112.010002       3.57036483E-14
   112.125000       3.53635510E-14
   112.239998       3.46253313E-14
   112.355003       3.34612471E-14
   112.470001       3.18439157E-14
   112.584999       2.97466146E-14
   112.699997       2.71436485E-14
   112.815002       2.40108650E-14
   112.930000       2.03262937E-14
   113.044998       1.60709577E-14
   113.160004       1.12297968E-14
   113.275002       5.79274694E-15
   113.389999      -2.44041680E-16
   113.504997      -6.87690126E-15
   113.620003      -1.40932594E-14
   113.735001      -2.18702230E-14
   113.849998      -3.01731533E-14
   113.964996      -3.89543236E-14
   114.080002      -4.81516716E-14
   114.195000      -5.76877549E-14
   114.309998      -6.74689322E-14
   114.425003      -7.73848555E-14
   114.540001      -8.73083141E-14
   114.654999      -9.70955019E-14
   114.769997      -1.06586743E-13
   114.885002      -1.15607746E-13
   115.000000      -1.23971308E-13
   115.114998      -1.31479652E-13
   115.230003      -1.37927200E-13
   115.345001      -1.43103899E-13
   115.459999      -1.46799036E-13
   115.574997      -1.48805434E-13
   115.690002      -1.48923978E-13
   115.805000      -1.46968470E-13
   115.919998      -1.42770493E-13
   116.035004      -1.36184494E-13
   116.150002      -1.27092713E-13
   116.264999      -1.15409770E-13
   116.379997      -1.01087135E-13
   116.495003      -8.41169785E-14
   116.610001      -6.45354470E-14
   116.724998      -4.24252274E-14
   116.839996      -1.79173421E-14
   116.955002       8.80804913E-15
   117.070000       3.75217876E-14
   117.184998       6.79468688E-14
   117.300003       9.97606674E-14
   117.415001       1.32598210E-13
   117.529999       1.66056459E-13
   117.644997       1.99699591E-13
   117.760002       2.33065059E-13
   117.875000       2.65670569E-13
   117.989998       2.97021522E-13
   118.105003       3.26619076E-13
   118.220001       3.53968347E-13
   118.334999       3.78586837E-13
   118.449997       4.00012787E-13
   118.565002       4.17813055E-13
   118.680000       4.31590798E-13
   118.794998       4.40992241E-13
   118.910004       4.45712667E-13
   119.025002       4.45501519E-13
   119.139999       4.40166160E-13
   119.254997       4.29574670E-13
   119.370003       4.13657173E-13
   119.485001       3.92406024E-13
   119.599998       3.65874594E-13
   119.714996       3.34174881E-13
   119.830002       2.97474122E-13
   119.945000       2.55990216E-13
   120.059998       2.09986637E-13
   120.175003       1.59766474E-13
   120.290001       1.05666364E-13
   120.404999       4.80501496E-14
   120.519997      -1.26972390E-14
   120.635002      -7.61755703E-14
   120.750000      -1.41974364E-13
   120.864998      -2.09677219E-13
   120.980003      -2.78865093E-13
   121.095001      -3.49118168E-13
   121.209999      -4.20016777E-13
   121.324997      -4.91140819E-13
   121.440002      -5.62067808E-13
   121.555000      -6.32369645E-13
   121.669998      -7.01608422E-13
   121.785004      -7.69331376E-13
   121.900002      -8.35064602E-13
   122.014999      -8.98307145E-13
   122.129997      -9.58524384E-13
   122.245003      -1.01514240E-12
   122.360001      -1.06754221E-12
   122.474998      -1.11505575E-12
   122.589996      -1.15696320E-12
   122.705002      -1.19249218E-12
   122.820000      -1.22081848E-12
   122.934998      -1.24107051E-12
   123.050003      -1.25233504E-12
   123.165001      -1.25366666E-12
   123.279999      -1.24409933E-12
   123.394997      -1.22266151E-12
   123.510002      -1.18839335E-12
   123.625000      -1.14036612E-12
   123.739998      -1.07770433E-12
   123.855003      -9.99609575E-13
   123.970001      -9.05384491E-13
   124.084999      -7.94458737E-13
   124.199997      -6.66414081E-13
   124.315002      -5.21009830E-13
   124.430000      -3.58205707E-13
   124.544998      -1.78184019E-13
   124.660004       1.86314282E-14
   124.775002       2.31559346E-13
   124.889999       4.59648541E-13
   125.004997       7.01670113E-13
   125.120003       9.56113660E-13
   125.235001       1.22118927E-12
   125.349998       1.49483345E-12
   125.464996       1.77472089E-12
   125.580002       2.05828106E-12
   125.695000       2.34272042E-12
   125.809998       2.62504797E-12
   125.925003       2.90210542E-12
   126.040001       3.17060224E-12
   126.154999       3.42715114E-12
   126.269997       3.66830915E-12
   126.385002       3.89061656E-12
   126.500000       4.09064145E-12
   126.614998       4.26501846E-12
   126.730003       4.41049107E-12
   126.845001       4.52395066E-12
   126.959999       4.60247509E-12
   127.074997       4.64335905E-12
   127.190002       4.64414748E-12
   127.305000       4.60266200E-12
   127.419998       4.51702131E-12
   127.535004       4.38566024E-12
   127.650002       4.20734411E-12
   127.764999       3.98117607E-12
   127.879997       3.70660230E-12
   127.995003       3.38341464E-12
   128.110001       3.01174797E-12
   128.225006       2.59207521E-12
   128.339996       2.12520279E-12
   128.455002       1.61226186E-12
   128.570007       1.05470255E-12
   128.684998       4.54285210E-13
   128.800003      -1.86923285E-13
   128.914993      -8.66553845E-13
   129.029999      -1.58193630E-12
   129.145004      -2.33009662E-12
   129.259995      -3.10775212E-12
   129.375000      -3.91130227E-12
   129.490005      -4.73681728E-12
   129.604996      -5.58002212E-12
   129.720001      -6.43627859E-12
   129.835007      -7.30056727E-12
   129.949997      -8.16746670E-12
   130.065002      -9.03113435E-12
   130.179993      -9.88528790E-12
   130.294998      -1.07231888E-11
   130.410004      -1.15376372E-11
   130.524994      -1.23209602E-11
   130.639999      -1.30650222E-11
   130.755005      -1.37612309E-11
   130.869995      -1.44005684E-11
   130.985001      -1.49736178E-11
   131.100006      -1.54706161E-11
   131.214996      -1.58815166E-11
   131.330002      -1.61960653E-11
   131.445007      -1.64038817E-11
   131.559998      -1.64945817E-11
   131.675003      -1.64578819E-11
   131.789993      -1.62837330E-11
   131.904999      -1.59624779E-11
   132.020004      -1.54849883E-11
   132.134995      -1.48428405E-11
   132.250000      -1.40284798E-11
   132.365005      -1.30354009E-11
   132.479996      -1.18583199E-11
   132.595001      -1.04933466E-11
   132.710007      -8.93816444E-12
   132.824997      -7.19218912E-12
   132.940002      -5.25672344E-12
   133.054993      -3.13509982E-12
   133.169998      -8.32806643E-13
   133.285004       1.64240561E-12
   133.399994       4.28043755E-12
   133.514999       7.06877439E-12
   133.630005       9.99245218E-12
   133.744995       1.30340409E-11
   133.860001       1.61736614E-11
   133.975006       1.93890216E-11
   134.089996       2.26554973E-11
   134.205002       2.59462226E-11
   134.320007       2.92322173E-11
   134.434998       3.24825375E-11
   134.550003       3.56644540E-11
   134.664993       3.87436541E-11
   134.779999       4.16844614E-11
   134.895004       4.44500686E-11
   135.009995       4.70028010E-11
   135.125000       4.93043731E-11
   135.240005       5.13161701E-11
   135.354996       5.29995249E-11
   135.470001       5.43160066E-11
   135.585007       5.52277044E-11
   135.699997       5.56974918E-11
   135.815002       5.56893281E-11
   135.929993       5.51684913E-11
   136.044998       5.41018584E-11
   136.160004       5.24581246E-11
   136.274994       5.02080287E-11
   136.389999       4.73245644E-11
   136.505005       4.37831577E-11
   136.619995       3.95618469E-11
   136.735001       3.46414113E-11
   136.850006       2.90055150E-11
   136.964996       2.26408042E-11
   137.080002       1.55369918E-11
   137.195007       7.68694223E-12
   137.309998      -9.13308058E-13
   137.425003      -1.02644889E-11
   137.539993      -2.03640958E-11
   137.654999      -3.12063847E-11
   137.770004      -4.27823818E-11
   137.884995      -5.50798990E-11
   138.000000      -6.80835874E-11
   138.115005      -8.17749618E-11
   138.229996      -9.61324700E-11
   138.345001      -1.11131541E-10
   138.460007      -1.26744684E-10
   138.574997      -1.42941492E-10
   138.690002      -1.59688804E-10
   138.804993      -1.76950801E-10
   138.919998      -1.94688987E-10
   139.035004      -2.12862422E-10
   139.149994      -2.31427696E-10
   139.264999      -2.50339166E-10
   139.380005      -2.69548939E-10
   139.494995      -2.89007041E-10
   139.610001      -3.08661569E-10
   139.725006      -3.28458705E-10
   139.839996      -3.48342938E-10
   139.955002      -3.68257119E-10
   140.070007      -3.88142601E-10
   140.184998      -4.07939321E-10
   140.300003      -4.27585994E-10
   140.414993      -4.47020143E-10
   140.529999      -4.66178263E-10
   140.645004      -4.84995877E-10
   140.759995      -5.03407760E-10
   140.875000      -5.21347798E-10
   140.990005      -5.38749323E-10
   141.104996      -5.55545054E-10
   141.220001      -5.71667325E-10
   141.335007      -5.87047910E-10
   141.449997      -6.01618311E-10
   141.565002      -6.15309637E-10
   141.679993      -6.28052721E-10
   141.794998      -6.39778119E-10
   141.910004      -6.50416165E-10
   142.024994      -6.59896804E-10
   142.139999      -6.68149869E-10
   142.255005      -6.75104861E-10
   142.369995      -6.80690948E-10
   142.485001      -6.84837020E-10
   142.600006      -6.87471524E-10
   142.714996      -6.88522517E-10
   142.830002      -6.87917667E-10
   142.945007      -6.85584145E-10
   143.059998      -6.81448453E-10
   143.175003      -6.75436540E-10
   143.289993      -6.67473854E-10
   143.404999      -6.57485066E-10
   143.520004      -6.45394183E-10
   143.634995      -6.31124764E-10
   143.750000      -6.14599649E-10
   143.865005      -5.95741123E-10
   143.979996      -5.74470971E-10
   144.095001      -5.50710588E-10
   144.210007      -5.24381150E-10
   144.324997      -4.95403440E-10
   144.440002      -4.63698413E-10
   144.554993      -4.29186992E-10
   144.669998      -3.91790655E-10
   144.785004      -3.51431217E-10
   144.899994      -3.08031545E-10
   145.014999      -2.61515476E-10
   145.130005      -2.11808210E-10
   145.244995      -1.58836722E-10
   145.360001      -1.02529887E-10
   145.475006      -4.28188977E-11
   145.589996       2.03625016E-11
   145.705002       8.70776298E-11
   145.820007       1.57386673E-10
   145.934998       2.31346275E-10
   146.050003       3.09009235E-10
   146.164993       3.90424471E-10
   146.279999       4.75636475E-10
   146.395004       5.64685187E-10
   146.509995       6.57605859E-10
   146.625000       7.54428575E-10
   146.740005       8.55178761E-10
   146.854996       9.59876179E-10
   146.970001       1.06853559E-09
   147.085007       1.18116605E-09
   147.199997       1.29777189E-09
   147.315002       1.41835166E-09
   147.429993       1.54289870E-09
   147.544998       1.67140135E-09
   147.660004       1.80384274E-09
   147.774994       1.94020133E-09
   147.889999       2.08045070E-09
   148.005005       2.22456054E-09
   148.119995       2.37249576E-09
   148.235001       2.52421750E-09
   148.350006       2.67968336E-09
   148.464996       2.83884827E-09
   148.580002       3.00166358E-09
   148.695007       3.16807780E-09
   148.809998       3.33803807E-09
   148.925003       3.51148977E-09
   149.039993       3.68837605E-09
   149.154999       3.86864007E-09
   149.270004       4.05222345E-09
   149.384995       4.23906732E-09
   149.500000       4.42911308E-09
   149.615005       4.62230254E-09
   149.729996       4.81857754E-09
   149.845001       5.01788122E-09
   149.960007       5.22015631E-09
   150.074997       5.42534817E-09
   150.190002       5.63340308E-09
   150.304993       5.84426862E-09
   150.419998       6.05789330E-09
   150.535004       6.27422736E-09
   150.649994       6.49322285E-09
   150.764999       6.71483269E-09
   150.880005       6.93901159E-09
   150.994995       7.16571646E-09
   151.110001       7.39490336E-09
   151.225006       7.62653141E-09
   151.339996       7.86055931E-09
   151.455002       8.09694800E-09
   151.570007       8.33565661E-09
   151.684998       8.57664784E-09
   151.800003       8.81988083E-09
   151.914993       9.06532005E-09
   152.029999       9.31292377E-09
   152.145004       9.56265556E-09
   152.259995       9.81447368E-09
   152.375000       1.00683391E-08
   152.490005       1.03242108E-08
   152.604996       1.05820499E-08
   152.720001       1.08418110E-08
   152.835007       1.11034550E-08
   152.949997       1.13669367E-08
   153.065002       1.16322134E-08
   153.179993       1.18992398E-08
   153.294998       1.21679706E-08
   153.410004       1.24383597E-08
   153.524994       1.27103608E-08
   153.639999       1.29839268E-08
   153.755005       1.32590143E-08
   153.869995       1.35355762E-08
   153.985001       1.38135681E-08
   154.100006       1.40929446E-08
   154.214996       1.43736649E-08
   154.330002       1.46556864E-08
   154.445007       1.49389656E-08
   154.559998       1.52234669E-08
   154.675003       1.55091513E-08
   154.789993       1.57959796E-08
   154.904999       1.60839200E-08
   155.020004       1.63729403E-08
   155.134995       1.66630052E-08
   155.250000       1.69540879E-08
   155.365005       1.72461618E-08
   155.479996       1.75391985E-08
   155.595001       1.78331749E-08
   155.710007       1.81280608E-08
   155.824997       1.84238331E-08
   155.940002       1.87204687E-08
   156.054993       1.90179428E-08
   156.169998       1.93162251E-08
   156.285004       1.96152889E-08
   156.399994       1.99151078E-08
   156.514999       2.02156478E-08
   156.630005       2.05168718E-08
   156.744995       2.08187476E-08
   156.860001       2.11212274E-08
   156.975006       2.14242721E-08
   157.089996       2.17278249E-08
   157.205002       2.20318341E-08
   157.320007       2.23362377E-08
   157.434998       2.26409735E-08
   157.550003       2.29459651E-08
   157.664993       2.32511379E-08
   157.779999       2.35564102E-08
   157.895004       2.38616948E-08
   158.009995       2.41668978E-08
   158.125000       2.44719178E-08
   158.240005       2.47766536E-08
   158.354996       2.50809951E-08
   158.470001       2.53848267E-08
   158.585007       2.56880277E-08
   158.699997       2.59904791E-08
   158.815002       2.62920512E-08
   158.929993       2.65926179E-08
   159.044998       2.68920495E-08
   159.160004       2.71902127E-08
   159.274994       2.74869709E-08
   159.389999       2.77821872E-08
   159.505005       2.80757266E-08
   159.619995       2.83674524E-08
   159.735001       2.86572295E-08
   159.850006       2.89449176E-08
   159.964996       2.92303852E-08
   160.080002       2.95134974E-08
   160.195007       2.97941227E-08
   160.309998       3.00721261E-08
   160.425003       3.03473797E-08
   160.539993       3.06197485E-08
   160.654999       3.08891082E-08
   160.770004       3.11553379E-08
   160.884995       3.14183062E-08
   161.000000       3.16778923E-08
   161.115005       3.19339648E-08
   161.229996       3.21864064E-08
   161.345001       3.24350928E-08
   161.460007       3.26798926E-08
   161.574997       3.29206848E-08
   161.690002       3.31573382E-08
   161.804993       3.33897248E-08
   161.919998       3.36177166E-08
   162.035004       3.38411752E-08
   162.149994       3.40599691E-08
   162.264999       3.42739526E-08
   162.380005       3.44829942E-08
   162.494995       3.46869484E-08
   162.610001       3.48856659E-08
   162.725006       3.50789975E-08
   162.839996       3.52667868E-08
   162.955002       3.54488812E-08
   163.070007       3.56251242E-08
   163.184998       3.57953560E-08
   163.300003       3.59594132E-08
   163.414993       3.61171359E-08
   163.529999       3.62683537E-08
   163.645004       3.64129065E-08
   163.759995       3.65506239E-08
   163.875000       3.66813460E-08
   163.990005       3.68049129E-08
   164.104996       3.69211612E-08
   164.220001       3.70299311E-08
   164.335007       3.71310733E-08
   164.449997       3.72244315E-08
   164.565002       3.73098530E-08
   164.679993       3.73871920E-08
   164.794998       3.74563136E-08
   164.910004       3.75170792E-08
   165.024994       3.75693539E-08
   165.139999       3.76130238E-08
   165.255005       3.76479647E-08
   165.369995       3.76740736E-08
   165.485001       3.76912332E-08
   165.600006       3.76993512E-08
   165.714996       3.76983316E-08
   165.830002       3.76880855E-08
   165.945007       3.76685243E-08
   166.059998       3.76395661E-08
   166.175003       3.76011329E-08
   166.289993       3.75531570E-08
   166.404999       3.74955746E-08
   166.520004       3.74283147E-08
   166.634995       3.73513167E-08
   166.750000       3.72645275E-08
   166.865005       3.71678830E-08
   166.979996       3.70613265E-08
   167.095001       3.69447974E-08
   167.210007       3.68182427E-08
   167.324997       3.66815982E-08
   167.440002       3.65348072E-08
   167.554993       3.63778092E-08
   167.669998       3.62105368E-08
   167.785004       3.60329295E-08
   167.899994       3.58449306E-08
   168.014999       3.56464653E-08
   168.130005       3.54374805E-08
   168.244995       3.52179015E-08
   168.360001       3.49876714E-08
   168.475006       3.47467122E-08
   168.589996       3.44949598E-08
   168.705002       3.42323432E-08
   168.820007       3.39587949E-08
   168.934998       3.36742545E-08
   169.050003       3.33786474E-08
   169.164993       3.30719132E-08
   169.279999       3.27539986E-08
   169.395004       3.24248504E-08
   169.509995       3.20844258E-08
   169.625000       3.17326858E-08
   169.740005       3.13695807E-08
   169.854996       3.09950892E-08
   169.970001       3.06091792E-08
   170.085007       3.02118259E-08
   170.199997       2.98030187E-08
   170.315002       2.93827433E-08
   170.429993       2.89509998E-08
   170.544998       2.85077988E-08
   170.660004       2.80531545E-08
   170.774994       2.75870864E-08
   170.889999       2.71096372E-08
   171.005005       2.66208371E-08
   171.119995       2.61207376E-08
   171.235001       2.56093831E-08
   171.350006       2.50868215E-08
   171.464996       2.45531151E-08
   171.580002       2.40083171E-08
   171.695007       2.34524897E-08
   171.809998       2.28856987E-08
   171.925003       2.23080114E-08
   172.039993       2.17194991E-08
   172.154999       2.11202362E-08
   172.270004       2.05102939E-08
   172.384995       1.98897503E-08
   172.500000       1.92586764E-08
   172.615005       1.86171487E-08
   172.729996       1.79652275E-08
   172.845001       1.73029768E-08
   172.960007       1.66304588E-08
   173.074997       1.59477285E-08
   173.190002       1.52548463E-08
   173.304993       1.45518664E-08
   173.419998       1.38388421E-08
   173.535004       1.31158311E-08
   173.649994       1.23828849E-08
   173.764999       1.16400587E-08
   173.880005       1.08874056E-08
   173.994995       1.01249773E-08
   174.110001       9.35282429E-09
   174.225006       8.57099813E-09
   174.339996       7.77954678E-09
   174.455002       6.97852487E-09
   174.570007       6.16798346E-09
   174.684998       5.34798117E-09
   174.800003       4.51858284E-09
   174.914993       3.67985997E-09
   175.029999       2.83188784E-09
   175.145004       1.97474792E-09
   175.259995       1.10853404E-09
   175.375000       2.33339931E-10
   175.490005      -6.50737464E-10
   175.604996      -1.54358815E-09
   175.720001      -2.44510101E-09
   175.835007      -3.35516104E-09
   175.949997      -4.27364366E-09
   176.065002      -5.20041565E-09
   176.179993      -6.13533802E-09
   176.294998      -7.07825754E-09
   176.410004      -8.02901834E-09
   176.524994      -8.98745167E-09
   176.639999      -9.95338212E-09
   176.755005      -1.09266320E-08
   176.869995      -1.19070123E-08
   176.985001      -1.28943380E-08
   177.100006      -1.38884149E-08
   177.214996      -1.48890429E-08
   177.330002      -1.58960223E-08
   177.445007      -1.69091496E-08
   177.559998      -1.79282083E-08
   177.675003      -1.89529832E-08
   177.789993      -1.99832524E-08
   177.904999      -2.10187885E-08
   178.020004      -2.20593588E-08
   178.134995      -2.31047252E-08
   178.250000      -2.41546552E-08
   178.365005      -2.52089034E-08
   178.479996      -2.62672337E-08
   178.595001      -2.73294027E-08
   178.710007      -2.83951671E-08
   178.824997      -2.94642799E-08
   178.940002      -3.05364907E-08
   179.054993      -3.16115383E-08
   179.169998      -3.26891687E-08
   179.285004      -3.37691120E-08
   179.399994      -3.48511016E-08
   179.514999      -3.59348675E-08
   179.630005      -3.70201292E-08
   179.744995      -3.81066130E-08
   179.860001      -3.91940524E-08
   179.975006      -4.02821598E-08
   180.089996      -4.13706580E-08
   180.205002      -4.24592734E-08
   180.320007      -4.35477183E-08
   180.434998      -4.46357120E-08
   180.550003      -4.57229667E-08
   180.664993      -4.68091912E-08
   180.779999      -4.78940940E-08
   180.895004      -4.89773875E-08
   181.009995      -5.00587802E-08
   181.125000      -5.11379845E-08
   181.240005      -5.22147126E-08
   181.354996      -5.32886837E-08
   181.470001      -5.43596208E-08
   181.585007      -5.54272397E-08
   181.699997      -5.64912703E-08
   181.815002      -5.75514392E-08
   181.929993      -5.86074691E-08
   182.044998      -5.96590866E-08
   182.160004      -6.07060286E-08
   182.274994      -6.17480183E-08
   182.389999      -6.27847925E-08
   182.505005      -6.38160742E-08
   182.619995      -6.48416076E-08
   182.735001      -6.58611299E-08
   182.850006      -6.68743780E-08
   182.964996      -6.78811034E-08
   183.080002      -6.88810502E-08
   183.195007      -6.98739626E-08
   183.309998      -7.08595707E-08
   183.425003      -7.18376256E-08
   183.539993      -7.28078575E-08
   183.654999      -7.37699963E-08
   183.770004      -7.47237792E-08
   183.884995      -7.56689218E-08
   184.000000      -7.66051613E-08
   184.115005      -7.75322135E-08
   184.229996      -7.84498084E-08
   184.345001      -7.93576689E-08
   184.460007      -8.02554965E-08
   184.574997      -8.11430141E-08
   184.690002      -8.20199375E-08
   184.804993      -8.28859683E-08
   184.919998      -8.37408010E-08
   185.035004      -8.45841441E-08
   185.149994      -8.54156852E-08
   185.264999      -8.62351399E-08
   185.380005      -8.70421886E-08
   185.494995      -8.78365256E-08
   185.610001      -8.86178455E-08
   185.725006      -8.93858498E-08
   185.839996      -9.01402260E-08
   185.955002      -9.08806683E-08
   186.070007      -9.16068998E-08
   186.184998      -9.23186150E-08
   186.300003      -9.30155295E-08
   186.414993      -9.36973592E-08
   186.529999      -9.43638128E-08
   186.645004      -9.50146202E-08
   186.759995      -9.56495114E-08
   186.875000      -9.62682023E-08
   186.990005      -9.68704512E-08
   187.104996      -9.74560024E-08
   187.220001      -9.80246000E-08
   187.335007      -9.85760238E-08
   187.449997      -9.91100393E-08
   187.565002      -9.96264333E-08
   187.679993      -1.00124993E-07
   187.794998      -1.00605519E-07
   187.910004      -1.01067819E-07
   188.024994      -1.01511695E-07
   188.139999      -1.01936962E-07
   188.255005      -1.02343442E-07
   188.369995      -1.02730965E-07
   188.485001      -1.03099381E-07
   188.600006      -1.03448507E-07
   188.714996      -1.03778198E-07
   188.830002      -1.04088308E-07
   188.945007      -1.04378692E-07
   189.059998      -1.04649217E-07
   189.175003      -1.04899755E-07
   189.289993      -1.05130184E-07
   189.404999      -1.05340369E-07
   189.520004      -1.05530184E-07
   189.634995      -1.05699499E-07
   189.750000      -1.05848187E-07
   189.865005      -1.05976127E-07
   189.979996      -1.06083185E-07
   190.095001      -1.06169253E-07
   190.210007      -1.06234204E-07
   190.324997      -1.06277923E-07
   190.440002      -1.06300298E-07
   190.554993      -1.06301208E-07
   190.669998      -1.06280538E-07
   190.785004      -1.06238183E-07
   190.899994      -1.06174028E-07
   191.014999      -1.06087967E-07
   191.130005      -1.05979872E-07
   191.244995      -1.05849637E-07
   191.360001      -1.05697154E-07
   191.475006      -1.05522297E-07
   191.589996      -1.05324958E-07
   191.705002      -1.05105059E-07
   191.820007      -1.04862465E-07
   191.934998      -1.04597099E-07
   192.050003      -1.04308889E-07
   192.164993      -1.03997742E-07
   192.279999      -1.03663574E-07
   192.395004      -1.03306327E-07
   192.509995      -1.02925924E-07
   192.625000      -1.02522293E-07
   192.740005      -1.02095370E-07
   192.854996      -1.01645114E-07
   192.970001      -1.01171480E-07
   193.085007      -1.00674427E-07
   193.199997      -1.00153912E-07
   193.315002      -9.96099345E-08
   193.429993      -9.90424880E-08
   193.544998      -9.84515722E-08
   193.660004      -9.78372157E-08
   193.774994      -9.71994183E-08
   193.889999      -9.65382299E-08
   194.005005      -9.58536575E-08
   194.119995      -9.51457579E-08
   194.235001      -9.44145668E-08
   194.350006      -9.36601339E-08
   194.464996      -9.28825301E-08
   194.580002      -9.20818195E-08
   194.695007      -9.12580944E-08
   194.809998      -9.04114401E-08
   194.925003      -8.95419632E-08
   195.039993      -8.86497560E-08
   195.154999      -8.77349393E-08
   195.270004      -8.67976340E-08
   195.384995      -8.58379536E-08
   195.500000      -8.48560262E-08
   195.615005      -8.38519725E-08
   195.729996      -8.28259274E-08
   195.845001      -8.17780403E-08
   195.960007      -8.07084604E-08
   196.074997      -7.96173367E-08
   196.190002      -7.85048471E-08
   196.304993      -7.73711477E-08
   196.419998      -7.62164092E-08
   196.535004      -7.50408304E-08
   196.649994      -7.38445891E-08
   196.764999      -7.26278557E-08
   196.880005      -7.13908435E-08
   196.994995      -7.01337370E-08
   197.110001      -6.88567425E-08
   197.225006      -6.75600731E-08
   197.339996      -6.62439490E-08
   197.455002      -6.49085834E-08
   197.570007      -6.35542108E-08
   197.684998      -6.21810727E-08
   197.800003      -6.07894108E-08
   197.914993      -5.93794702E-08
   198.029999      -5.79515103E-08
   198.145004      -5.65058080E-08
   198.259995      -5.50426407E-08
   198.375000      -5.35622853E-08
   198.490005      -5.20650296E-08
   198.604996      -5.05511757E-08
   198.720001      -4.90210219E-08
   198.835007      -4.74748809E-08
   198.949997      -4.59130618E-08
   199.065002      -4.43358914E-08
   199.179993      -4.27436930E-08
   199.294998      -4.11368113E-08
   199.410004      -3.95155801E-08
   199.524994      -3.78803442E-08
   199.639999      -3.62314587E-08
   199.755005      -3.45692825E-08
   199.869995      -3.28941709E-08
   199.985001      -3.12064721E-08
   200.100006      -2.95065501E-08
   200.214996      -2.77947709E-08
   200.330002      -2.60714863E-08
   200.445007      -2.43370657E-08
   200.559998      -2.25918786E-08
   200.675003      -2.08363016E-08
   200.789993      -1.90707077E-08
   200.904999      -1.72954771E-08
   201.020004      -1.55109880E-08
   201.134995      -1.37176173E-08
   201.250000      -1.19157528E-08
   201.365005      -1.01057642E-08
   201.479996      -8.28803337E-09
   201.595001      -6.46294351E-09
   201.710007      -4.63087213E-09
   201.824997      -2.79220114E-09
   201.940002      -9.47326551E-10
   202.054993       9.03359332E-10
   202.169998       2.75946199E-09
   202.285004       4.62057681E-09
   202.399994       6.48629106E-09
   202.514999       8.35619662E-09
   202.630005       1.02298747E-08
   202.744995       1.21069137E-08
   202.860001       1.39868961E-08
   202.975006       1.58693947E-08
   203.089996       1.77539938E-08
   203.205002       1.96402592E-08
   203.320007       2.15277556E-08
   203.434998       2.34160424E-08
   203.550003       2.53046650E-08
   203.664993       2.71931651E-08
   203.779999       2.90810753E-08
   203.895004       3.09679251E-08
   204.009995       3.28532401E-08
   204.125000       3.47365479E-08
   204.240005       3.66173722E-08
   204.354996       3.84952408E-08
   204.470001       4.03696809E-08
   204.585007       4.22402167E-08
   204.699997       4.41063719E-08
   204.815002       4.59676635E-08
   204.929993       4.78236011E-08
   205.044998       4.96737051E-08
   205.160004       5.15174747E-08
   205.274994       5.33544231E-08
   205.389999       5.51840635E-08
   205.505005       5.70058951E-08
   205.619995       5.88194418E-08
   205.735001       6.06242239E-08
   205.850006       6.24197725E-08
   205.964996       6.42056079E-08
   206.080002       6.59812684E-08
   206.195007       6.77462779E-08
   206.309998       6.95001745E-08
   206.425003       7.12424750E-08
   206.539993       7.29727105E-08
   206.654999       7.46903979E-08
   206.770004       7.63950609E-08
   206.884995       7.80862308E-08
   207.000000       7.97634314E-08
   207.115005       8.14262009E-08
   207.229996       8.30740845E-08
   207.345001       8.47066346E-08
   207.460007       8.63234035E-08
   207.574997       8.79239437E-08
   207.690002       8.95078003E-08
   207.804993       9.10745328E-08
   207.919998       9.26236865E-08
   208.035004       9.41548208E-08
   208.149994       9.56674882E-08
   208.264999       9.71612337E-08
   208.380005       9.86356383E-08
   208.494995       1.00090261E-07
   208.610001       1.01524684E-07
   208.725006       1.02938493E-07
   208.839996       1.04331278E-07
   208.955002       1.05702640E-07
   209.070007       1.07052180E-07
   209.184998       1.08379503E-07
   209.300003       1.09684208E-07
   209.414993       1.10965914E-07
   209.529999       1.12224228E-07
   209.645004       1.13458761E-07
   209.759995       1.14669149E-07
   209.875000       1.15855016E-07
   209.990005       1.17016015E-07
   210.104996       1.18151796E-07
   210.220001       1.19262040E-07
   210.335007       1.20346385E-07
   210.449997       1.21404540E-07
   210.565002       1.22436191E-07
   210.679993       1.23440998E-07
   210.794998       1.24418690E-07
   210.910004       1.25368956E-07
   211.024994       1.26291496E-07
   211.139999       1.27186041E-07
   211.255005       1.28052292E-07
   211.369995       1.28889994E-07
   211.485001       1.29698876E-07
   211.600006       1.30478711E-07
   211.714996       1.31229228E-07
   211.830002       1.31950202E-07
   211.945007       1.32641375E-07
   212.059998       1.33302535E-07
   212.175003       1.33933426E-07
   212.289993       1.34533821E-07
   212.404999       1.35103491E-07
   212.520004       1.35642210E-07
   212.634995       1.36149765E-07
   212.750000       1.36625914E-07
   212.865005       1.37070472E-07
   212.979996       1.37483227E-07
   213.095001       1.37863978E-07
   213.210007       1.38212542E-07
   213.324997       1.38528719E-07
   213.440002       1.38812325E-07
   213.554993       1.39063161E-07
   213.669998       1.39281056E-07
   213.785004       1.39465797E-07
   213.899994       1.39617228E-07
   214.014999       1.39735178E-07
   214.130005       1.39819463E-07
   214.244995       1.39869911E-07
   214.360001       1.39886424E-07
   214.475006       1.39868831E-07
   214.589996       1.39817018E-07
   214.705002       1.39730858E-07
   214.820007       1.39610236E-07
   214.934998       1.39455054E-07
   215.050003       1.39265168E-07
   215.164993       1.39040537E-07
   215.279999       1.38781047E-07
   215.395004       1.38486627E-07
   215.509995       1.38157247E-07
   215.625000       1.37792867E-07
   215.740005       1.37393457E-07
   215.854996       1.36959031E-07
   215.970001       1.36489618E-07
   216.085007       1.35985246E-07
   216.199997       1.35445958E-07
   216.315002       1.34871826E-07
   216.429993       1.34262905E-07
   216.544998       1.33619281E-07
   216.660004       1.32941054E-07
   216.774994       1.32228323E-07
   216.889999       1.31481229E-07
   217.005005       1.30699902E-07
   217.119995       1.29884484E-07
   217.235001       1.29035172E-07
   217.350006       1.28152138E-07
   217.464996       1.27235595E-07
   217.580002       1.26285741E-07
   217.695007       1.25302790E-07
   217.809998       1.24286984E-07
   217.925003       1.23238550E-07
   218.039993       1.22157729E-07
   218.154999       1.21044749E-07
   218.270004       1.19899894E-07
   218.384995       1.18723399E-07
   218.500000       1.17515533E-07
   218.615005       1.16276574E-07
   218.729996       1.15006827E-07
   218.845001       1.13706584E-07
   218.960007       1.12376163E-07
   219.074997       1.11015879E-07
   219.190002       1.09626029E-07
   219.304993       1.08206955E-07
   219.419998       1.06758989E-07
   219.535004       1.05282439E-07
   219.649994       1.03777666E-07
   219.764999       1.02245004E-07
   219.880005       1.00684787E-07
   219.994995       9.90973845E-08
   220.110001       9.74831522E-08
   220.225006       9.58424664E-08
   220.339996       9.41757108E-08
   220.455002       9.24833117E-08
   220.570007       9.07656528E-08
   220.684998       8.90231462E-08
   220.800003       8.72562254E-08
   220.914993       8.54653095E-08
   221.029999       8.36508249E-08
   221.145004       8.18132051E-08
   221.259995       7.99529118E-08
   221.375000       7.80703857E-08
   221.490005       7.61660957E-08
   221.604996       7.42404964E-08
   221.720001       7.22940783E-08
   221.835007       7.03273599E-08
   221.949997       6.83408388E-08
   222.065002       6.63350264E-08
   222.179993       6.43104556E-08
   222.294998       6.22676311E-08
   222.410004       6.02070998E-08
   222.524994       5.81293484E-08
   222.639999       5.60349100E-08
   222.755005       5.39243139E-08
   222.869995       5.17980610E-08
   222.985001       4.96566948E-08
   223.100006       4.75007376E-08
   223.214996       4.53307152E-08
   223.330002       4.31471889E-08
   223.445007       4.09506846E-08
   223.559998       3.87417600E-08
   223.675003       3.65209374E-08
   223.789993       3.42887745E-08
   223.904999       3.20458255E-08
   224.020004       2.97926412E-08
   224.134995       2.75297758E-08
   224.250000       2.52577728E-08
   224.365005       2.29771810E-08
   224.479996       2.06885744E-08
   224.595001       1.83925195E-08
   224.710007       1.60896008E-08
   224.824997       1.37804061E-08
   224.940002       1.14655316E-08
   225.054993       9.14559273E-09
   225.169998       6.82119383E-09
   225.285004       4.49295978E-09
   225.399994       2.16151230E-09
   225.514999      -1.72527187E-10
   225.630005      -2.50852294E-09
   225.744995      -4.84583795E-09
   225.860001      -7.18382953E-09
   225.975006      -9.52184021E-09
   226.089996      -1.18592194E-08
   226.205002      -1.41952956E-08
   226.320007      -1.65293930E-08
   226.434998      -1.88608222E-08
   226.550003      -2.11888960E-08
   226.664993      -2.35129178E-08
   226.779999      -2.58322110E-08
   226.895004      -2.81460668E-08
   227.009995      -3.04538190E-08
   227.125000      -3.27547767E-08
   227.240005      -3.50482665E-08
   227.354996      -3.73336100E-08
   227.470001      -3.96101427E-08
   227.585007      -4.18771933E-08
   227.699997      -4.41340973E-08
   227.815002      -4.63801939E-08
   227.929993      -4.86148188E-08
   228.044998      -5.08373326E-08
   228.160004      -5.30470992E-08
   228.274994      -5.52434827E-08
   228.389999      -5.74258827E-08
   228.505005      -5.95936847E-08
   228.619995      -6.17463130E-08
   228.735001      -6.38831850E-08
   228.850006      -6.60037358E-08
   228.964996      -6.81074042E-08
   229.080002      -7.01936500E-08
   229.195007      -7.22619120E-08
   229.309998      -7.43116715E-08
   229.425003      -7.63423813E-08
   229.539993      -7.83535228E-08
   229.654999      -8.03445843E-08
   229.770004      -8.23150614E-08
   229.884995      -8.42644639E-08
   230.000000      -8.61923013E-08
   230.115005      -8.80980906E-08
   230.229996      -8.99813415E-08
   230.345001      -9.18415779E-08
   230.460007      -9.36783167E-08
   230.574997      -9.54910817E-08
   230.690002      -9.72793686E-08
   230.804993      -9.90426940E-08
   230.919998      -1.00780561E-07
   231.035004      -1.02492486E-07
   231.149994      -1.04177964E-07
   231.264999      -1.05836506E-07
   231.380005      -1.07467613E-07
   231.494995      -1.09070804E-07
   231.610001      -1.10645566E-07
   231.725006      -1.12191401E-07
   231.839996      -1.13707792E-07
   231.955002      -1.15194219E-07
   232.070007      -1.16650170E-07
   232.184998      -1.18075114E-07
   232.300003      -1.19468510E-07
   232.414993      -1.20829853E-07
   232.529999      -1.22158582E-07
   232.645004      -1.23454200E-07
   232.759995      -1.24716195E-07
   232.875000      -1.25944084E-07
   232.990005      -1.27137341E-07
   233.104996      -1.28295511E-07
   233.220001      -1.29418112E-07
   233.335007      -1.30504688E-07
   233.449997      -1.31554771E-07
   233.565002      -1.32567934E-07
   233.679993      -1.33543736E-07
   233.794998      -1.34481780E-07
   233.910004      -1.35381711E-07
   234.024994      -1.36243173E-07
   234.139999      -1.37065840E-07
   234.255005      -1.37849398E-07
   234.369995      -1.38593592E-07
   234.485001      -1.39298180E-07
   234.600006      -1.39962907E-07
   234.714996      -1.40587616E-07
   234.830002      -1.41172094E-07
   234.945007      -1.41716214E-07
   235.059998      -1.42219818E-07
   235.175003      -1.42682836E-07
   235.289993      -1.43105169E-07
   235.404999      -1.43486773E-07
   235.520004      -1.43827634E-07
   235.634995      -1.44127725E-07
   235.750000      -1.44387101E-07
   235.865005      -1.44605792E-07
   235.979996      -1.44783868E-07
   236.095001      -1.44921387E-07
   236.210007      -1.45018447E-07
   236.324997      -1.45075148E-07
   236.440002      -1.45091605E-07
   236.554993      -1.45067929E-07
   236.669998      -1.45004250E-07
   236.785004      -1.44900739E-07
   236.899994      -1.44757522E-07
   237.014999      -1.44574798E-07
   237.130005      -1.44352711E-07
   237.244995      -1.44091459E-07
   237.360001      -1.43791226E-07
   237.475006      -1.43452212E-07
   237.589996      -1.43074587E-07
   237.705002      -1.42658564E-07
   237.820007      -1.42204314E-07
   237.934998      -1.41712036E-07
   238.050003      -1.41181914E-07
   238.164993      -1.40614148E-07
   238.279999      -1.40008964E-07
   238.395004      -1.39366563E-07
   238.509995      -1.38687170E-07
   238.625000      -1.37971014E-07
   238.740005      -1.37218322E-07
   238.854996      -1.36429307E-07
   238.970001      -1.35604211E-07
   239.085007      -1.34743260E-07
   239.199997      -1.33846683E-07
   239.315002      -1.32914707E-07
   239.429993      -1.31947601E-07
   239.544998      -1.30945608E-07
   239.660004      -1.29908969E-07
   239.774994      -1.28837954E-07
   239.889999      -1.27732847E-07
   240.005005      -1.26593946E-07
   240.119995      -1.25421550E-07
   240.235001      -1.24215944E-07
   240.350006      -1.22977426E-07
   240.464996      -1.21706293E-07
   240.580002      -1.20402888E-07
   240.695007      -1.19067515E-07
   240.809998      -1.17700488E-07
   240.925003      -1.16302132E-07
   241.039993      -1.14872790E-07
   241.154999      -1.13412831E-07
   241.270004      -1.11922631E-07
   241.384995      -1.10402539E-07
   241.500000      -1.08852944E-07
   241.615005      -1.07274253E-07
   241.729996      -1.05666857E-07
   241.845001      -1.04031152E-07
   241.960007      -1.02367530E-07
   242.074997      -1.00676367E-07
   242.190002      -9.89580826E-08
   242.304993      -9.72131033E-08
   242.419998      -9.54418411E-08
   242.535004      -9.36447364E-08
   242.649994      -9.18222440E-08
   242.764999      -8.99748187E-08
   242.880005      -8.81029294E-08
   242.994995      -8.62070308E-08
   243.110001      -8.42876133E-08
   243.225006      -8.23451458E-08
   243.339996      -8.03800972E-08
   243.455002      -7.83929721E-08
   243.570007      -7.63842465E-08
   243.684998      -7.43544248E-08
   243.800003      -7.23040188E-08
   243.914993      -7.02335612E-08
   244.029999      -6.81435850E-08
   244.145004      -6.60346302E-08
   244.259995      -6.39072653E-08
   244.375000      -6.17620586E-08
   244.490005      -5.95995786E-08
   244.604996      -5.74204080E-08
   244.720001      -5.52251400E-08
   244.835007      -5.30143645E-08
   244.949997      -5.07886924E-08
   245.065002      -4.85487384E-08
   245.179993      -4.62951206E-08
   245.294998      -4.40284680E-08
   245.410004      -4.17494306E-08
   245.524994      -3.94586728E-08
   245.639999      -3.71568696E-08
   245.755005      -3.48446854E-08
   245.869995      -3.25228093E-08
   245.985001      -3.01919520E-08
   246.100006      -2.78528045E-08
   246.214996      -2.55060897E-08
   246.330002      -2.31525146E-08
   246.445007      -2.07927808E-08
   246.559998      -1.84276150E-08
   246.675003      -1.60577205E-08
   246.789993      -1.36838221E-08
   246.904999      -1.13066427E-08
   247.020004      -8.92690721E-09
   247.134995      -6.54534515E-09
   247.250000      -4.16268442E-09
   247.365005      -1.77965931E-09
   247.479996       6.02997208E-10
   247.595001       2.98456948E-09
   247.710007       5.36432854E-09
   247.824997       7.74156028E-09
   247.940002       1.01155617E-08
   248.054993       1.24856410E-08
   248.169998       1.48510964E-08
   248.285004       1.72112422E-08
   248.399994       1.95654000E-08
   248.514999       2.19128804E-08
   248.630005       2.42529996E-08
   248.744995       2.65851003E-08
   248.860001       2.89085111E-08
   248.975006       3.12225872E-08
   249.089996       3.35266783E-08
   249.205002       3.58201575E-08
   249.320007       3.81024172E-08
   249.434998       4.03728393E-08
   249.550003       4.26308269E-08
   249.664993       4.48758009E-08
   249.779999       4.71071857E-08
   249.895004       4.93243988E-08
   250.009995       5.15268788E-08
   250.125000       5.37140679E-08
   250.240005       5.58854047E-08
   250.354996       5.80403530E-08
   250.470001       6.01783867E-08
   250.585007       6.22989873E-08
   250.699997       6.44016396E-08
   250.815002       6.64858604E-08
   250.929993       6.85511523E-08
   251.044998       7.05970464E-08
   251.160004       7.26230525E-08
   251.274994       7.46287299E-08
   251.389999       7.66135955E-08
   251.505005       7.85772158E-08
   251.619995       8.05191291E-08
   251.735001       8.24389161E-08
   251.850006       8.43361576E-08
   251.964996       8.62104415E-08
   252.080002       8.80613626E-08
   252.195007       8.98885517E-08
   252.309998       9.16916179E-08
   252.425003       9.34702058E-08
   252.539993       9.52239603E-08
   252.654999       9.69525189E-08
   252.770004       9.86555477E-08
   252.884995       1.00332720E-07
   253.000000       1.01983709E-07
   253.115005       1.03608215E-07
   253.229996       1.05205949E-07
   253.345001       1.06776611E-07
   253.460007       1.08319945E-07
   253.574997       1.09835689E-07
   253.690002       1.11323594E-07
   253.804993       1.12783447E-07
   253.919998       1.14214998E-07
   254.035004       1.15618050E-07
   254.149994       1.16992389E-07
   254.264999       1.18337823E-07
   254.380005       1.19654132E-07
   254.494995       1.20941152E-07
   254.610001       1.22198685E-07
   254.725006       1.23426560E-07
   254.839996       1.24624606E-07
   254.955002       1.25792653E-07
   255.070007       1.26930544E-07
   255.184998       1.28038096E-07
   255.300003       1.29115151E-07
   255.414993       1.30161524E-07
   255.529999       1.31177032E-07
   255.645004       1.32161460E-07
   255.759995       1.33114639E-07
   255.875000       1.34036313E-07
   255.990005       1.34926267E-07
   256.105011       1.35784248E-07
   256.220001       1.36609998E-07
   256.334991       1.37403248E-07
   256.450012       1.38163699E-07
   256.565002       1.38890996E-07
   256.679993       1.39584856E-07
   256.795013       1.40244879E-07
   256.910004       1.40870711E-07
   257.024994       1.41461953E-07
   257.140015       1.42018209E-07
   257.255005       1.42539022E-07
   257.369995       1.43023954E-07
   257.484985       1.43472576E-07
   257.600006       1.43884378E-07
   257.714996       1.44258905E-07
   257.829987       1.44595674E-07
   257.945007       1.44894187E-07
   258.059998       1.45153962E-07
   258.174988       1.45374528E-07
   258.290009       1.45555404E-07
   258.404999       1.45696134E-07
   258.519989       1.45796250E-07
   258.635010       1.45855324E-07
   258.750000       1.45872932E-07
   258.864990       1.45848674E-07
   258.980011       1.45782224E-07
   259.095001       1.45673184E-07
   259.209991       1.45521284E-07
   259.325012       1.45326212E-07
   259.440002       1.45087739E-07
   259.554993       1.44805682E-07
   259.670013       1.44479856E-07
   259.785004       1.44110146E-07
   259.899994       1.43696468E-07
   260.015015       1.43238793E-07
   260.130005       1.42737107E-07
   260.244995       1.42191467E-07
   260.359985       1.41601973E-07
   260.475006       1.40968737E-07
   260.589996       1.40291931E-07
   260.704987       1.39571782E-07
   260.820007       1.38808517E-07
   260.934998       1.38002434E-07
   261.049988       1.37153847E-07
   261.165009       1.36263111E-07
   261.279999       1.35330609E-07
   261.394989       1.34356753E-07
   261.510010       1.33341970E-07
   261.625000       1.32286701E-07
   261.739990       1.31191456E-07
   261.855011       1.30056691E-07
   261.970001       1.28882917E-07
   262.084991       1.27670660E-07
   262.200012       1.26420417E-07
   262.315002       1.25132757E-07
   262.429993       1.23808178E-07
   262.545013       1.22447261E-07
   262.660004       1.21050533E-07
   262.774994       1.19618562E-07
   262.890015       1.18151888E-07
   263.005005       1.16651066E-07
   263.119995       1.15116656E-07
   263.234985       1.13549206E-07
   263.350006       1.11949241E-07
   263.464996       1.10317316E-07
   263.579987       1.08653950E-07
   263.695007       1.06959668E-07
   263.809998       1.05235024E-07
   263.924988       1.03480545E-07
   264.040009       1.01696770E-07
   264.154999       9.98842182E-08
   264.269989       9.80434436E-08
   264.385010       9.61749720E-08
   264.500000       9.42793292E-08
   264.614990       9.23570553E-08
   264.730011       9.04086761E-08
   264.845001       8.84347031E-08
   264.959991       8.64356622E-08
   265.075012       8.44121004E-08
   265.190002       8.23645365E-08
   265.304993       8.02935318E-08
   265.420013       7.81996334E-08
   265.535004       7.60834169E-08
   265.649994       7.39454507E-08
   265.765015       7.17863244E-08
   265.880005       6.96066138E-08
   265.994995       6.74069085E-08
   266.109985       6.51877983E-08
   266.225006       6.29498516E-08
   266.339996       6.06936865E-08
   266.454987       5.84199000E-08
   266.570007       5.61290960E-08
   266.684998       5.38219247E-08
   266.799988       5.14990397E-08
   266.915009       4.91611161E-08
   267.029999       4.68088537E-08
   267.144989       4.44429453E-08
   267.260010       4.20641122E-08
   267.375000       3.96730790E-08
   267.489990       3.72705564E-08
   267.605011       3.48572939E-08
   267.720001       3.24340590E-08
   267.834991       3.00016012E-08
   267.950012       2.75607377E-08
   268.065002       2.51122643E-08
   268.179993       2.26570407E-08
   268.295013       2.01959320E-08
   268.410004       1.77298531E-08
   268.524994       1.52597224E-08
   268.640015       1.27864768E-08
   268.755005       1.03110711E-08
   268.869995       7.83444420E-09
   268.984985       5.35756683E-09
   269.100006       2.88139801E-09
   269.214996       4.06896239E-10
   269.329987      -2.06494088E-09
   269.445007      -4.53312765E-09
   269.559998      -6.99663394E-09
   269.674988      -9.45442657E-09
   269.790009      -1.19054766E-08
   269.904999      -1.43487329E-08
   270.019989      -1.67831526E-08
   270.135010      -1.92077110E-08
   270.250000      -2.16213998E-08
   270.364990      -2.40232421E-08
   270.480011      -2.64122573E-08
   270.595001      -2.87875093E-08
   270.709991      -3.11480690E-08
   270.825012      -3.34930341E-08
   270.940002      -3.58214898E-08
   271.054993      -3.81325229E-08
   271.170013      -4.04252702E-08
   271.285004      -4.26988400E-08
   271.399994      -4.49523938E-08
   271.515015      -4.71850967E-08
   271.630005      -4.93961565E-08
   271.744995      -5.15848129E-08
   271.859985      -5.37503588E-08
   271.975006      -5.58921052E-08
   272.089996      -5.80094159E-08
   272.204987      -6.01016552E-08
   272.320007      -6.21682048E-08
   272.434998      -6.42084785E-08
   272.549988      -6.62218724E-08
   272.665009      -6.82078181E-08
   272.779999      -7.01657754E-08
   272.894989      -7.20951974E-08
   273.010010      -7.39955723E-08
   273.125000      -7.58664740E-08
   273.239990      -7.77074405E-08
   273.355011      -7.95180810E-08
   273.470001      -8.12980474E-08
   273.584991      -8.30469773E-08
   273.700012      -8.47645367E-08
   273.815002      -8.64503846E-08
   273.929993      -8.81041942E-08
   274.045013      -8.97256527E-08
   274.160004      -9.13144405E-08
   274.274994      -9.28702448E-08
   274.390015      -9.43928242E-08
   274.505005      -9.58818944E-08
   274.619995      -9.73372352E-08
   274.734985      -9.87586475E-08
   274.850006      -1.00145961E-07
   274.964996      -1.01498976E-07
   275.079987      -1.02817559E-07
   275.195007      -1.04101531E-07
   275.309998      -1.05350729E-07
   275.424988      -1.06564968E-07
   275.540009      -1.07744064E-07
   275.654999      -1.08887853E-07
   275.769989      -1.09996137E-07
   275.885010      -1.11068779E-07
   276.000000      -1.12105617E-07
   276.114990      -1.13106530E-07
   276.230011      -1.14071412E-07
   276.345001      -1.15000176E-07
   276.459991      -1.15892725E-07
   276.575012      -1.16748943E-07
   276.690002      -1.17568732E-07
   276.804993      -1.18352006E-07
   276.920013      -1.19098623E-07
   277.035004      -1.19808462E-07
   277.149994      -1.20481431E-07
   277.265015      -1.21117409E-07
   277.380005      -1.21716312E-07
   277.494995      -1.22278109E-07
   277.609985      -1.22802760E-07
   277.725006      -1.23290278E-07
   277.839996      -1.23740620E-07
   277.954987      -1.24153843E-07
   278.070007      -1.24529961E-07
   278.184998      -1.24868961E-07
   278.299988      -1.25170857E-07
   278.415009      -1.25435676E-07
   278.529999      -1.25663433E-07
   278.644989      -1.25854186E-07
   278.760010      -1.26008004E-07
   278.875000      -1.26124988E-07
   278.989990      -1.26205279E-07
   279.105011      -1.26249063E-07
   279.220001      -1.26256495E-07
   279.334991      -1.26227803E-07
   279.450012      -1.26163187E-07
   279.565002      -1.26062858E-07
   279.679993      -1.25927031E-07
   279.795013      -1.25755932E-07
   279.910004      -1.25549747E-07
   280.024994      -1.25308731E-07
   280.140015      -1.25033111E-07
   280.255005      -1.24723186E-07
   280.369995      -1.24379255E-07
   280.484985      -1.24001659E-07
   280.600006      -1.23590723E-07
   280.714996      -1.23146819E-07
   280.829987      -1.22670315E-07
   280.945007      -1.22161566E-07
   281.059998      -1.21620928E-07
   281.174988      -1.21048743E-07
   281.290009      -1.20445364E-07
   281.404999      -1.19811105E-07
   281.519989      -1.19146321E-07
   281.635010      -1.18451375E-07
   281.750000      -1.17726657E-07
   281.864990      -1.16972544E-07
   281.980011      -1.16189497E-07
   282.095001      -1.15377901E-07
   282.209991      -1.14538238E-07
   282.325012      -1.13670907E-07
   282.440002      -1.12776306E-07
   282.554993      -1.11854838E-07
   282.670013      -1.10906868E-07
   282.785004      -1.09932778E-07
   282.899994      -1.08932937E-07
   283.015015      -1.07907709E-07
   283.130005      -1.06857549E-07
   283.244995      -1.05782810E-07
   283.359985      -1.04683970E-07
   283.475006      -1.03561483E-07
   283.589996      -1.02415775E-07
   283.704987      -1.01247295E-07
   283.820007      -1.00056482E-07
   283.934998      -9.88437563E-08
   284.049988      -9.76095080E-08
   284.165009      -9.63541353E-08
   284.279999      -9.50780219E-08
   284.394989      -9.37815798E-08
   284.510010      -9.24652213E-08
   284.625000      -9.11294080E-08
   284.739990      -8.97746162E-08
   284.855011      -8.84013147E-08
   284.970001      -8.70100294E-08
   285.084991      -8.56012505E-08
   285.200012      -8.41755252E-08
   285.315002      -8.27333579E-08
   285.429993      -8.12752816E-08
   285.545013      -7.98017723E-08
   285.660004      -7.83133700E-08
   285.774994      -7.68106148E-08
   285.890015      -7.52940466E-08
   286.005005      -7.37642694E-08
   286.119995      -7.22219085E-08
   286.234985      -7.06676033E-08
   286.350006      -6.91020432E-08
   286.464996      -6.75259173E-08
   286.579987      -6.59399362E-08
   286.695007      -6.43448175E-08
   286.809998      -6.27412646E-08
   286.924988      -6.11300095E-08
   287.040009      -5.95117555E-08
   287.154999      -5.78872630E-08
   287.269989      -5.62572957E-08
   287.385010      -5.46226744E-08
   287.500000      -5.29842126E-08
   287.614990      -5.13427771E-08
   287.730011      -4.96992527E-08
   287.845001      -4.80545808E-08
   287.959991      -4.64096850E-08
   288.075012      -4.47655069E-08
   288.190002      -4.31229878E-08
   288.304993      -4.14830588E-08
   288.420013      -3.98466007E-08
   288.535004      -3.82145764E-08
   288.649994      -3.65879274E-08
   288.765015      -3.49675915E-08
   288.880005      -3.33545458E-08
   288.994995      -3.17497602E-08
   289.109985      -3.01542364E-08
   289.225006      -2.85690049E-08
   289.339996      -2.69950586E-08
   289.454987      -2.54334100E-08
   289.570007      -2.38850397E-08
   289.684998      -2.23508767E-08
   289.799988      -2.08318944E-08
   289.915009      -1.93289704E-08
   290.029999      -1.78430266E-08
   290.144989      -1.63749352E-08
   290.260010      -1.49256056E-08
   290.375000      -1.34959475E-08
   290.489990      -1.20868746E-08
   290.605011      -1.06992912E-08
   290.720001      -9.33413968E-09
   290.834991      -7.99228239E-09
   290.950012      -6.67462308E-09
   291.065002      -5.38197131E-09
   291.179993      -4.11517931E-09
   291.295013      -2.87498514E-09
   291.410004      -1.66217595E-09
   291.524994      -4.77476059E-10
   291.640015       6.78368473E-10
   291.755005       1.80459769E-09
   291.869995       2.90048585E-09
   291.984985       3.96527922E-09
   292.100006       4.99825559E-09
   292.214996       5.99869088E-09
   292.329987       6.96588165E-09
   292.445007       7.89917909E-09
   292.559998       8.79797746E-09
   292.674988       9.66169100E-09
   292.790009       1.04897602E-08
   292.904999       1.12816538E-08
   293.019989       1.20368711E-08
   293.135010       1.27548807E-08
   293.250000       1.34351863E-08
   293.364990       1.40772540E-08
   293.480011       1.46806132E-08
   293.595001       1.52447655E-08
   293.709991       1.57692632E-08
   293.825012       1.62536811E-08
   293.940002       1.66976193E-08
   294.054993       1.71007333E-08
   294.170013       1.74626891E-08
   294.285004       1.77832078E-08
   294.399994       1.80619910E-08
   294.515015       1.82987883E-08
   294.630005       1.84933224E-08
   294.744995       1.86452933E-08
   294.859985       1.87544540E-08
   294.975006       1.88205238E-08
   295.089996       1.88432185E-08
   295.204987       1.88223055E-08
   295.320007       1.87575342E-08
   295.434998       1.86487057E-08
   295.549988       1.84955997E-08
   295.665009       1.82980440E-08
   295.779999       1.80558466E-08
   295.894989       1.77688353E-08
   296.010010       1.74368324E-08
   296.125000       1.70596177E-08
   296.239990       1.66369922E-08
   296.355011       1.61687144E-08
   296.470001       1.56545639E-08
   296.584991       1.50942991E-08
   296.700012       1.44876928E-08
   296.815002       1.38345442E-08
   296.929993       1.31346845E-08
   297.045013       1.23879298E-08
   297.160004       1.15941381E-08
   297.274994       1.07531672E-08
   297.390015       9.86487869E-09
   297.505005       8.92912322E-09
   297.619995       7.94575516E-09
   297.734985       6.91462665E-09
   297.850006       5.83558624E-09
   297.964996       4.70850292E-09
   298.079987       3.53325014E-09
   298.195007       2.30974173E-09
   298.309998       1.03791864E-09
   298.424988      -2.82236456E-10
   298.540009      -1.65072089E-09
   298.654999      -3.06749204E-09
   298.769989      -4.53247839E-09
   298.885010      -6.04561601E-09
   299.000000      -7.60682006E-09
   299.114990      -9.21601107E-09
   299.230011      -1.08730891E-08
   299.345001      -1.25779467E-08
   299.459991      -1.43304550E-08
   299.575012      -1.61304534E-08
   299.690002      -1.79777384E-08
   299.804993      -1.98720933E-08
   299.920013      -2.18132392E-08
   300.035004      -2.38008688E-08
   300.149994      -2.58346677E-08
   300.265015      -2.79142967E-08
   300.380005      -3.00394092E-08
   300.494995      -3.22096518E-08
   300.609985      -3.44246942E-08
   300.725006      -3.66841810E-08
   300.839996      -3.89877535E-08
   300.954987      -4.13350350E-08
   301.070007      -4.37256205E-08
   301.184998      -4.61590801E-08
   301.299988      -4.86349130E-08
   301.415009      -5.11526359E-08
   301.529999      -5.37117089E-08
   301.644989      -5.63115918E-08
   301.760010      -5.89517306E-08
   301.875000      -6.16316171E-08
   301.989990      -6.43506937E-08
   302.105011      -6.71084308E-08
   302.220001      -6.99042957E-08
   302.334991      -7.27377554E-08
   302.450012      -7.56081988E-08
   302.565002      -7.85150505E-08
   302.679993      -8.14576495E-08
   302.795013      -8.44353210E-08
   302.910004      -8.74473542E-08
   303.024994      -9.04930033E-08
   303.140015      -9.35715363E-08
   303.255005      -9.66822000E-08
   303.369995      -9.98242342E-08
   303.484985      -1.02996900E-07
   303.600006      -1.06199451E-07
   303.714996      -1.09431113E-07
   303.829987      -1.12691112E-07
   303.945007      -1.15978622E-07
   304.059998      -1.19292821E-07
   304.174988      -1.22632798E-07
   304.290009      -1.25997644E-07
   304.404999      -1.29386422E-07
   304.519989      -1.32798164E-07
   304.635010      -1.36231904E-07
   304.750000      -1.39686676E-07
   304.864990      -1.43161557E-07
   304.980011      -1.46655609E-07
   305.095001      -1.50167864E-07
   305.209991      -1.53697414E-07
   305.325012      -1.57243250E-07
   305.440002      -1.60804376E-07
   305.554993      -1.64379770E-07
   305.670013      -1.67968352E-07
   305.785004      -1.71569070E-07
   305.899994      -1.75180745E-07
   306.015015      -1.78802310E-07
   306.130005      -1.82432672E-07
   306.244995      -1.86070750E-07
   306.359985      -1.89715394E-07
   306.475006      -1.93365565E-07
   306.589996      -1.97020171E-07
   306.704987      -2.00678130E-07
   306.820007      -2.04338306E-07
   306.934998      -2.07999548E-07
   307.049988      -2.11660634E-07
   307.165009      -2.15320355E-07
   307.279999      -2.18977448E-07
   307.394989      -2.22630590E-07
   307.510010      -2.26278516E-07
   307.625000      -2.29919976E-07
   307.739990      -2.33553649E-07
   307.855011      -2.37178241E-07
   307.970001      -2.40792474E-07
   308.084991      -2.44395039E-07
   308.200012      -2.47984644E-07
   308.315002      -2.51559925E-07
   308.429993      -2.55119375E-07
   308.545013      -2.58661629E-07
   308.660004      -2.62185182E-07
   308.774994      -2.65688527E-07
   308.890015      -2.69170130E-07
   309.005005      -2.72628569E-07
   309.119995      -2.76062309E-07
   309.234985      -2.79469845E-07
   309.350006      -2.82849783E-07
   309.464996      -2.86200617E-07
   309.579987      -2.89520898E-07
   309.695007      -2.92809119E-07
   309.809998      -2.96063860E-07
   309.924988      -2.99283528E-07
   310.040009      -3.02466589E-07
   310.154999      -3.05611508E-07
   310.269989      -3.08716665E-07
   310.385010      -3.11780582E-07
