   0.00000000       0.00000000    
  0.115000002       0.00000000    
  0.230000004       0.00000000    
  0.344999999       0.00000000    
  0.460000008       0.00000000    
  0.574999988       0.00000000    
  0.689999998       0.00000000    
  0.805000007       0.00000000    
  0.920000017       0.00000000    
   1.03499997       0.00000000    
   1.14999998       0.00000000    
   1.26499999       0.00000000    
   1.38000000       0.00000000    
   1.49500000       0.00000000    
   1.61000001       0.00000000    
   1.72500002       0.00000000    
   1.84000003       0.00000000    
   1.95500004       0.00000000    
   2.06999993       0.00000000    
   2.18499994       0.00000000    
   2.29999995       0.00000000    
   2.41499996       0.00000000    
   2.52999997       0.00000000    
   2.64499998       0.00000000    
   2.75999999       0.00000000    
   2.87500000       0.00000000    
   2.99000001       0.00000000    
   3.10500002       0.00000000    
   3.22000003       0.00000000    
   3.33500004       0.00000000    
   3.45000005       0.00000000    
   3.56500006       0.00000000    
   3.68000007       0.00000000    
   3.79500008       0.00000000    
   3.91000009       0.00000000    
   4.02500010       0.00000000    
   4.13999987       0.00000000    
   4.25500011       0.00000000    
   4.36999989       0.00000000    
   4.48500013       0.00000000    
   4.59999990       0.00000000    
   4.71500015       0.00000000    
   4.82999992       0.00000000    
   4.94500017       0.00000000    
   5.05999994       0.00000000    
   5.17500019       0.00000000    
   5.28999996       0.00000000    
   5.40500021       0.00000000    
   5.51999998       0.00000000    
   5.63500023       0.00000000    
   5.75000000       0.00000000    
   5.86499977       0.00000000    
   5.98000002       0.00000000    
   6.09499979       0.00000000    
   6.21000004       0.00000000    
   6.32499981       0.00000000    
   6.44000006       0.00000000    
   6.55499983       0.00000000    
   6.67000008       0.00000000    
   6.78499985       0.00000000    
   6.90000010       0.00000000    
   7.01499987       0.00000000    
   7.13000011       0.00000000    
   7.24499989       0.00000000    
   7.36000013       0.00000000    
   7.47499990       0.00000000    
   7.59000015       0.00000000    
   7.70499992       0.00000000    
   7.82000017       0.00000000    
   7.93499994       0.00000000    
   8.05000019       0.00000000    
   8.16499996       0.00000000    
   8.27999973       0.00000000    
   8.39500046       0.00000000    
   8.51000023       0.00000000    
   8.62500000       0.00000000    
   8.73999977       0.00000000    
   8.85499954       0.00000000    
   8.97000027       0.00000000    
   9.08500004       0.00000000    
   9.19999981       0.00000000    
   9.31499958       0.00000000    
   9.43000031       0.00000000    
   9.54500008       0.00000000    
   9.65999985       0.00000000    
   9.77499962       0.00000000    
   9.89000034       0.00000000    
   10.0050001      -6.38473619E-41
   10.1199999      -1.25414811E-40
   10.2349997      -1.86982261E-40
   10.3500004      -2.48549710E-40
   10.4650002      -3.10115758E-40
   10.5799999      -3.71683207E-40
   10.6949997      -4.33250657E-40
   10.8100004      -4.94818106E-40
   10.9250002      -5.56385555E-40
   11.0400000      -6.17951603E-40
   11.1549997      -5.74458102E-40
   11.2700005      -4.68671278E-40
   11.3850002      -3.65164367E-40
   11.5000000      -2.61657456E-40
   11.6149998      -1.58149143E-40
   11.7299995       3.72040538E-40
   11.8450003       1.09754460E-39
   11.9600000       2.06851832E-39
   12.0749998       3.06340940E-39
   12.1899996       4.00193605E-39
   12.3050003       4.86716078E-39
   12.4200001       5.60328669E-39
   12.5349998       6.22558512E-39
   12.6499996       6.97827017E-39
   12.7650003       7.96497066E-39
   12.8800001       9.77318238E-39
   12.9949999       1.19466425E-38
   13.1099997       1.39123252E-38
   13.2250004       1.49319660E-38
   13.3400002       1.49443479E-38
   13.4549999       1.41152570E-38
   13.5699997       1.35009698E-38
   13.6850004       1.14656707E-38
   13.8000002      -2.06254837E-38
   13.9150000      -5.69889420E-38
   14.0299997      -9.27206235E-38
   14.1450005      -9.87594800E-38
   14.2600002      -1.05317714E-37
   14.3750000      -1.11605822E-37
   14.4899998      -1.13985664E-37
   14.6049995      -9.17352192E-38
   14.7200003      -5.15982029E-38
   14.8350000       6.05780625E-39
   14.9499998       6.88399025E-38
   15.0649996       1.31820046E-37
   15.1800003       1.80916331E-37
   15.2950001       2.06325729E-37
   15.4099998       1.10102487E-37
   15.5249996      -1.05157178E-38
   15.6400003      -1.82441885E-37
   15.7550001      -2.62818773E-37
   15.8699999      -3.15545599E-37
   15.9849997      -2.94245436E-38
   16.1000004       3.08223893E-37
   16.2150002       9.63005398E-37
   16.3299999       1.58961594E-36
   16.4449997       2.27174131E-36
   16.5599995       2.85510746E-36
   16.6749992       3.07479447E-36
   16.7900009       3.08808766E-36
   16.9050007       3.16587196E-36
   17.0200005       3.11489681E-36
   17.1350002       2.99896490E-36
   17.2500000       2.77054042E-36
   17.3649998       2.30916391E-36
   17.4799995       1.57485769E-36
   17.5949993       1.44814724E-37
   17.7099991      -1.98536451E-36
   17.8250008      -5.77105988E-36
   17.9400005      -1.06950894E-35
   18.0550003      -1.61048078E-35
   18.1700001      -2.13892232E-35
   18.2849998      -2.53068580E-35
   18.3999996      -2.82019978E-35
   18.5149994      -3.07341263E-35
   18.6299992      -3.27133822E-35
   18.7450008      -3.34608054E-35
   18.8600006      -3.18550589E-35
   18.9750004      -2.82530584E-35
   19.0900002      -2.25400583E-35
   19.2049999      -1.35660830E-35
   19.3199997      -2.20809321E-36
   19.4349995       1.29124223E-35
   19.5499992       3.20948098E-35
   19.6650009       5.64846904E-35
   19.7800007       8.58511107E-35
   19.8950005       1.17762838E-34
   20.0100002       1.49678462E-34
   20.1250000       1.79791046E-34
   20.2399998       2.05454303E-34
   20.3549995       2.22812452E-34
   20.4699993       2.29693571E-34
   20.5849991       2.23081185E-34
   20.7000008       1.99160702E-34
   20.8150005       1.56559248E-34
   20.9300003       9.45171156E-35
   21.0450001       1.48207625E-35
   21.1599998      -8.31762067E-35
   21.2749996      -1.94749544E-34
   21.3899994      -3.13386702E-34
   21.5049992      -4.32217380E-34
   21.6200008      -5.43489033E-34
   21.7350006      -6.38721661E-34
   21.8500004      -7.08810925E-34
   21.9650002      -7.45525563E-34
   22.0799999      -7.42527869E-34
   22.1949997      -6.93405108E-34
   22.3099995      -5.97071050E-34
   22.4249992      -4.53404334E-34
   22.5400009      -2.66446871E-34
   22.6550007      -4.18963176E-35
   22.7700005       2.13780155E-34
   22.8850002       4.91030898E-34
   23.0000000       7.82498304E-34
   23.1149998       1.08502619E-33
   23.2299995       1.39968353E-33
   23.3449993       1.73384572E-33
   23.4599991       2.10286425E-33
   23.5750008       2.52843215E-33
   23.6900005       3.04114421E-33
   23.8050003       3.67405976E-33
   23.9200001       4.46283961E-33
   24.0349998       5.43533270E-33
   24.1499996       6.60249022E-33
   24.2649994       7.95135750E-33
   24.3799992       9.42991633E-33
   24.4950008       1.09380256E-32
   24.6100006       1.23153994E-32
   24.7250004       1.33343539E-32
   24.8400002       1.36913545E-32
   24.9549999       1.30081248E-32
   25.0699997       1.08394046E-32
   25.1849995       6.68633236E-33
   25.2999992       2.80489339E-35
   25.4150009      -9.64523384E-33
   25.5300007      -2.27816007E-32
   25.6450005      -3.97070648E-32
   25.7600002      -6.05546158E-32
   25.8750000      -8.51900916E-32
   25.9899998      -1.13133973E-31
   26.1049995      -1.43483262E-31
   26.2199993      -1.74847179E-31
   26.3349991      -2.05295104E-31
   26.4500008      -2.32328489E-31
   26.5650005      -2.52895714E-31
   26.6800003      -2.63434303E-31
   26.7950001      -2.59971766E-31
   26.9099998      -2.38273598E-31
   27.0249996      -1.94055721E-31
   27.1399994      -1.23251229E-31
   27.2549992      -2.23342428E-32
   27.3700008       1.11306420E-31
   27.4850006       2.78959644E-31
   27.6000004       4.80159726E-31
   27.7150002       7.12254785E-31
   27.8299999       9.70007876E-31
   27.9449997       1.24524715E-30
   28.0599995       1.52661404E-30
   28.1749992       1.79943321E-30
   28.2900009       2.04575288E-30
   28.4050007       2.24457994E-30
   28.5200005       2.37234922E-30
   28.6350002       2.40364483E-30
   28.7500000       2.31219814E-30
   28.8649998       2.07215674E-30
   28.9799995       1.65961540E-30
   29.0949993       1.05438072E-30
   29.2099991       2.41911142E-31
   29.3250008      -7.84637683E-31
   29.4400005      -2.02235076E-30
   29.5550003      -3.45662070E-30
   29.6700001      -5.05944241E-30
   29.7849998      -6.78812817E-30
   29.8999996      -8.58457920E-30
   30.0149994      -1.03752916E-29
   30.1299992      -1.20722292E-29
   30.2450008      -1.35747126E-29
   30.3600006      -1.47723702E-29
   30.4750004      -1.55492452E-29
   30.5900002      -1.57889407E-29
   30.7049999      -1.53807323E-29
   30.8199997      -1.42264036E-29
   30.9349995      -1.22474986E-29
   31.0499992      -9.39254217E-30
   31.1650009      -5.64375677E-30
   31.2800007      -1.02264792E-30
   31.3950005       4.40612899E-30
   31.5100002       1.05332772E-29
   31.6250000       1.72062807E-29
   31.7399998       2.42342594E-29
   31.8549995       3.13964979E-29
   31.9699993       3.84547092E-29
   32.0849991       4.51687327E-29
   32.2000008       5.13150432E-29
   32.3149986       5.67070512E-29
   32.4300003       6.12156171E-29
   32.5449982       6.47880125E-29
   32.6599998       6.74629607E-29
   32.7750015       6.93794114E-29
   32.8899994       7.07762523E-29
   33.0050011       7.19806687E-29
   33.1199989       7.33827156E-29
   33.2350006       7.53948189E-29
   33.3499985       7.83952071E-29
   33.4650002       8.26558757E-29
   33.5800018       8.82570517E-29
   33.6949997       9.49918843E-29
   33.8100014       1.02266290E-28
   33.9249992       1.09001965E-28
   34.0400009       1.13551289E-28
   34.1549988       1.13634585E-28
   34.2700005       1.06311814E-28
   34.3849983       8.80003915E-29
   34.5000000       5.45518513E-29
   34.6150017       1.39692006E-30
   34.7299995      -7.62320808E-29
   34.8450012      -1.82996820E-28
   34.9599991      -3.23066635E-28
   35.0750008      -4.99655609E-28
   35.1899986      -7.14496706E-28
   35.3050003      -9.67270774E-28
   35.4199982      -1.25501954E-27
   35.5349998      -1.57157636E-27
   35.6500015      -1.90705853E-27
   35.7649994      -2.24746510E-27
   35.8800011      -2.57443408E-27
   35.9949989      -2.86520983E-27
   36.1100006      -3.09286996E-27
   36.2249985      -3.22685614E-27
   36.3400002      -3.23384476E-27
   36.4550018      -3.07897477E-27
   36.5699997      -2.72743785E-27
   36.6850014      -2.14641695E-27
   36.7999992      -1.30732423E-27
   36.9150009      -1.88274301E-28
   37.0299988       1.22329668E-27
   37.1450005       2.92799457E-27
   37.2599983       4.91194797E-27
   37.3750000       7.14456993E-27
   37.4900017       9.57677216E-27
   37.6049995       1.21398097E-26
   37.7200012       1.47449227E-26
   37.8349991       1.72839332E-26
   37.9500008       1.96309284E-26
   38.0649986       2.16450999E-26
   38.1800003       2.31748044E-26
   38.2949982       2.40627767E-26
   38.4099998       2.41524634E-26
   38.5250015       2.32952644E-26
   38.6399994       2.13584475E-26
   38.7550011       1.82334891E-26
   38.8699989       1.38443764E-26
   38.9850006       8.15554834E-27
   39.0999985       1.17895705E-27
   39.2150002      -7.02017103E-27
   39.3300018      -1.63193520E-26
   39.4449997      -2.65369850E-26
   39.5600014      -3.74330462E-26
   39.6749992      -4.87124598E-26
   39.7900009      -6.00313042E-26
   39.9049988      -7.10058939E-26
   40.0200005      -8.12243913E-26
   40.1349983      -9.02606574E-26
   40.2500000      -9.76899029E-26
   40.3650017      -1.03105267E-25
   40.4799995      -1.06134690E-25
   40.5950012      -1.06457038E-25
   40.7099991      -1.03816696E-25
   40.8250008      -9.80354979E-26
   40.9399986      -8.90213138E-26
   41.0550003      -7.67724548E-26
   41.1699982      -6.13773042E-26
   41.2849998      -4.30091927E-26
   41.4000015      -2.19161645E-26
   41.5149994       1.59364810E-27
   41.6300011       2.71704373E-26
   41.7449989       5.44436606E-26
   41.8600006       8.30443428E-26
   41.9749985       1.12626411E-25
   42.0900002       1.42885883E-25
   42.2050018       1.73575099E-25
   42.3199997       2.04510513E-25
   42.4350014       2.35571911E-25
   42.5499992       2.66691809E-25
   42.6650009       2.97833720E-25
   42.7799988       3.28959287E-25
   42.8950005       3.59984447E-25
   43.0099983       3.90726233E-25
   43.1250000       4.20841910E-25
   43.2400017       4.49764509E-25
   43.3549995       4.76638141E-25
   43.4700012       5.00258460E-25
   43.5849991       5.19023193E-25
   43.7000008       5.30899642E-25
   43.8149986       5.33413939E-25
   43.9300003       5.23668351E-25
   44.0449982       4.98391374E-25
   44.1599998       4.54024703E-25
   44.2750015       3.86848636E-25
   44.3899994       2.93147097E-25
   44.5050011       1.69410135E-25
   44.6199989       1.25695849E-26
   44.7350006      -1.79738296E-25
   44.8499985      -4.08893700E-25
   44.9650002      -6.75008851E-25
   45.0800018      -9.76652202E-25
   45.1949997      -1.31059694E-24
   45.3100014      -1.67160967E-24
   45.4249992      -2.05229994E-24
   45.5400009      -2.44304030E-24
   45.6549988      -2.83197890E-24
   45.7700005      -3.20515192E-24
   45.8849983      -3.54670956E-24
   46.0000000      -3.83925389E-24
   46.1150017      -4.06429500E-24
   46.2299995      -4.20281424E-24
   46.3450012      -4.23592708E-24
   46.4599991      -4.14562262E-24
   46.5750008      -3.91556159E-24
   46.6899986      -3.53189909E-24
   46.8050003      -2.98410461E-24
   46.9199982      -2.26573592E-24
   47.0349998      -1.37513878E-24
   47.1500015      -3.16032593E-25
   47.2649994       9.02057120E-25
   47.3800011       2.26354170E-24
   47.4949989       3.74671380E-24
   47.6100006       5.32391063E-24
   47.7249985       6.96190338E-24
   47.8400002       8.62250371E-24
   47.9550018       1.02633770E-23
   48.0699997       1.18390367E-23
   48.1850014       1.33019856E-23
   48.2999992       1.46039626E-23
   48.4150009       1.56972276E-23
   48.5299988       1.65358704E-23
   48.6450005       1.70770432E-23
   48.7599983       1.72820918E-23
   48.8750000       1.71175464E-23
   48.9900017       1.65558964E-23
   49.1049995       1.55761816E-23
   49.2200012       1.41643194E-23
   49.3349991       1.23132470E-23
   49.4500008       1.00228399E-23
   49.5649986       7.29968494E-24
   49.6800003       4.15673925E-24
   49.7949982       6.12944430E-25
   49.9099998      -3.30711436E-24
   50.0250015      -7.57346701E-24
   50.1399994      -1.21508001E-23
   50.2550011      -1.69983006E-23
   50.3699989      -2.20691648E-23
   50.4850006      -2.73098218E-23
   50.5999985      -3.26588320E-23
   50.7150002      -3.80455056E-23
   50.8300018      -4.33883469E-23
   50.9449997      -4.85933616E-23
   51.0600014      -5.35524536E-23
   51.1749992      -5.81420338E-23
   51.2900009      -6.22220224E-23
   51.4049988      -6.56355687E-23
   51.5200005      -6.82095524E-23
   51.6349983      -6.97562246E-23
   51.7500000      -7.00760478E-23
   51.8650017      -6.89619616E-23
   51.9799995      -6.62051199E-23
   52.0950012      -6.16022238E-23
   52.2099991      -5.49641234E-23
   52.3250008      -4.61258299E-23
   52.4399986      -3.49574591E-23
   52.5550003      -2.13759012E-23
   52.6699982      -5.35660852E-24
   52.7849998       1.30548828E-23
   52.9000015       3.37324812E-23
   53.0149994       5.64605547E-23
   53.1300011       8.09272082E-23
   53.2449989       1.06720574E-22
   53.3600006       1.33328436E-22
   53.4749985       1.60141982E-22
   53.5900002       1.86463885E-22
   53.7050018       2.11520846E-22
   53.8199997       2.34480763E-22
   53.9350014       2.54474335E-22
   54.0499992       2.70620488E-22
   54.1650009       2.82054983E-22
   54.2799988       2.87961695E-22
   54.3950005       2.87604550E-22
   54.5099983       2.80359954E-22
   54.6250000       2.65747398E-22
   54.7400017       2.43457495E-22
   54.8549995       2.13375238E-22
   54.9700012       1.75597762E-22
   55.0849991       1.30445269E-22
   55.2000008       7.84638291E-23
   55.3149986       2.04196456E-23
   55.4300003      -4.27152939E-23
   55.5449982      -1.09786593E-22
   55.6599998      -1.79488386E-22
   55.7750015      -2.50401693E-22
   55.8899994      -3.21038217E-22
   56.0050011      -3.89887573E-22
   56.1199989      -4.55465820E-22
   56.2350006      -5.16363458E-22
   56.3499985      -5.71289029E-22
   56.4650002      -6.19107227E-22
   56.5800018      -6.58868795E-22
   56.6949997      -6.89829251E-22
   56.8100014      -7.11457015E-22
   56.9249992      -7.23427253E-22
   57.0400009      -7.25605014E-22
   57.1549988      -7.18014582E-22
   57.2700005      -7.00798987E-22
   57.3849983      -6.74171485E-22
   57.5000000      -6.38361138E-22
   57.6150017      -5.93557979E-22
   57.7299995      -5.39860305E-22
   57.8450012      -4.77229495E-22
   57.9599991      -4.05455699E-22
   58.0750008      -3.24140649E-22
   58.1899986      -2.32698493E-22
   58.3050003      -1.30379030E-22
   58.4199982      -1.63151013E-23
   58.5349998       1.10406953E-22
   58.6500015       2.50654784E-22
   58.7649994       4.05135434E-22
   58.8800011       5.74268525E-22
   58.9949989       7.58048124E-22
   59.1100006       9.55902719E-22
   59.2249985       1.16656226E-21
   59.3400002       1.38793929E-21
   59.4550018       1.61703359E-21
   59.5699997       1.84987090E-21
   59.6850014       2.08148127E-21
   59.7999992       2.30592489E-21
   59.9150009       2.51636703E-21
   60.0299988       2.70521200E-21
   60.1450005       2.86428352E-21
   60.2599983       2.98506037E-21
   60.3750000       3.05895409E-21
   60.4900017       3.07761776E-21
   60.6049995       3.03328302E-21
   60.7200012       2.91910019E-21
   60.8349991       2.72947630E-21
   60.9500008       2.46038633E-21
   61.0649986       2.10964782E-21
   61.1800003       1.67713878E-21
   61.2949982       1.16494788E-21
   61.4099998       5.77447394E-22
   61.5250015      -7.87237682E-23
   61.6399994      -7.94762241E-22
   61.7550011      -1.55989401E-21
   61.8699989      -2.36164649E-21
   61.9850006      -3.18619228E-21
   62.0999985      -4.01874997E-21
   62.2150002      -4.84402015E-21
   62.3300018      -5.64662526E-21
   62.4449997      -6.41155084E-21
   62.5600014      -7.12454216E-21
   62.6749992      -7.77244187E-21
   62.7900009      -8.34343480E-21
   62.9049988      -8.82720944E-21
   63.0200005      -9.21499155E-21
   63.1349983      -9.49945767E-21
   63.2500000      -9.67453077E-21
   63.3650017      -9.73506763E-21
   63.4799995      -9.67644362E-21
   63.5950012      -9.49408423E-21
   63.7099991      -9.18295042E-21
   63.8250008      -8.73703867E-21
   63.9399986      -8.14892618E-21
   64.0550003      -7.40942348E-21
   64.1699982      -6.50736727E-21
   64.2850037      -5.42961758E-21
   64.4000015      -4.16127869E-21
   64.5149994      -2.68620684E-21
   64.6299973      -9.87794712E-22
   64.7450027       9.49938073E-22
   64.8600006       3.14096554E-21
   64.9749985       5.59560341E-21
   65.0899963       8.31862261E-21
   65.2050018       1.13072302E-20
   65.3199997       1.45489389E-20
   65.4349976       1.80194979E-20
   65.5500031       2.16809241E-20
   65.6650009       2.54798027E-20
   65.7799988       2.93460061E-20
   65.8949966       3.31919081E-20
   66.0100021       3.69122757E-20
   66.1250000       4.03849027E-20
   66.2399979       4.34721249E-20
   66.3550034       4.60232436E-20
   66.4700012       4.78779635E-20
   66.5849991       4.88707321E-20
   66.6999969       4.88360325E-20
   66.8150024       4.76144321E-20
   66.9300003       4.50593940E-20
   67.0449982       4.10444984E-20
   67.1600037       3.54709070E-20
   67.2750015       2.82747911E-20
   67.3899994       1.94344130E-20
   67.5049973       8.97655997E-21
   67.6200027      -3.01809791E-21
   67.7350006      -1.64109419E-20
   67.8499985      -3.10030396E-20
   67.9649963      -4.65346545E-20
   68.0800018      -6.26869715E-20
   68.1949997      -7.90860404E-20
   68.3099976      -9.53091202E-20
   68.4250031      -1.10893384E-19
   68.5400009      -1.25346866E-19
   68.6549988      -1.38161354E-19
   68.7699966      -1.48827047E-19
   68.8850021      -1.56848553E-19
   69.0000000      -1.61761567E-19
   69.1149979      -1.63150015E-19
   69.2300034      -1.60662760E-19
   69.3450012      -1.54029405E-19
   69.4599991      -1.43074574E-19
   69.5749969      -1.27730206E-19
   69.6900024      -1.08044903E-19
   69.8050003      -8.41905009E-20
   69.9199982      -5.64649577E-20
   70.0350037      -2.52915901E-20
   70.1500015       8.78549983E-21
   70.2649994       4.51099360E-20
   70.3799973       8.29252248E-20
   70.4950027       1.21390448E-19
   70.6100006       1.59598980E-19
   70.7249985       1.96599842E-19
   70.8399963       2.31421121E-19
   70.9550018       2.63094823E-19
   71.0699997       2.90682460E-19
   71.1849976       3.13300757E-19
   71.3000031       3.30146575E-19
   71.4150009       3.40520893E-19
   71.5299988       3.43850554E-19
   71.6449966       3.39707697E-19
   71.7600021       3.27826308E-19
   71.8750000       3.08115059E-19
   71.9899979       2.80666647E-19
   72.1050034       2.45763037E-19
   72.2200012       2.03876175E-19
   72.3349991       1.55664522E-19
   72.4499969       1.01965003E-19
   72.5650024       4.37804791E-20
   72.6800003      -1.77372420E-20
   72.7949982      -8.13085067E-20
   72.9100037      -1.45551230E-19
   73.0250015      -2.09009477E-19
   73.1399994      -2.70186010E-19
   73.2549973      -3.27576706E-19
   73.3700027      -3.79707903E-19
   73.4850006      -4.25174738E-19
   73.5999985      -4.62679702E-19
   73.7149963      -4.91071280E-19
   73.8300018      -5.09380923E-19
   73.9449997      -5.16857343E-19
   74.0599976      -5.12997305E-19
   74.1750031      -4.97571627E-19
   74.2900009      -4.70645192E-19
   74.4049988      -4.32589663E-19
   74.5199966      -3.84089194E-19
   74.6350021      -3.26136998E-19
   74.7500000      -2.60023166E-19
   74.8649979      -1.87312439E-19
   74.9800034      -1.09813926E-19
   75.0950012      -2.95404938E-20
   75.2099991       5.13395205E-20
   75.3249969       1.30558647E-19
   75.4400024       2.05812631E-19
   75.5550003       2.74828329E-19
   75.6699982       3.35434586E-19
   75.7850037       3.85634471E-19
   75.9000015       4.23677257E-19
   76.0149994       4.48127475E-19
   76.1299973       4.57929669E-19
   76.2450027       4.52465727E-19
   76.3600006       4.31602500E-19
   76.4749985       3.95729616E-19
   76.5899963       3.45782615E-19
   76.7050018       2.83252258E-19
   76.8199997       2.10176732E-19
   76.9349976       1.29116108E-19
   77.0500031       4.31091348E-20
   77.1650009      -4.43908221E-20
   77.2799988      -1.29597889E-19
   77.3949966      -2.08494441E-19
   77.5100021      -2.76950616E-19
   77.6250000      -3.30859010E-19
   77.7399979      -3.66283278E-19
   77.8550034      -3.79616680E-19
   77.9700012      -3.67747026E-19
   78.0849991      -3.28222630E-19
   78.1999969      -2.59414438E-19
   78.3150024      -1.60667194E-19
   78.4300003      -3.24326694E-20
   78.5449982       1.23619958E-19
   78.6600037       3.04527602E-19
   78.7750015       5.05993412E-19
   78.8899994       7.22393166E-19
   79.0049973       9.46832081E-19
   79.1200027       1.17125394E-18
   79.2350006       1.38660979E-18
   79.3499985       1.58308204E-18
   79.4649963       1.75036174E-18
   79.5800018       1.87797896E-18
   79.6949997       1.95567396E-18
   79.8099976       1.97380266E-18
   79.9250031       1.92375885E-18
   80.0400009       1.79840728E-18
   80.1549988       1.59250166E-18
   80.2699966       1.30307530E-18
   80.3850021       9.29786991E-19
   80.5000000       4.75199649E-19
   80.6149979      -5.50208167E-20
   80.7300034      -6.52003042E-19
   80.8450012      -1.30367635E-18
   80.9599991      -1.99489391E-18
   81.0749969      -2.70767813E-18
   81.1900024      -3.42158814E-18
   81.3050003      -4.11420487E-18
   81.4199982      -4.76172186E-18
   81.5350037      -5.33963035E-18
   81.6500015      -5.82347890E-18
   81.7649994      -6.18968582E-18
   81.8799973      -6.41637301E-18
   81.9950027      -6.48420430E-18
   82.1100006      -6.37718698E-18
   82.2249985      -6.08341710E-18
   82.3399963      -5.59573457E-18
   82.4550018      -4.91226542E-18
   82.5699997      -4.03683081E-18
   82.6849976      -2.97919810E-18
   82.8000031      -1.75516435E-18
   82.9150009      -3.86462763E-19
   83.0299988       1.09951204E-18
   83.1449966       2.67015722E-18
   83.2600021       4.28828793E-18
   83.3750000       5.91292152E-18
   83.4899979       7.50021205E-18
   83.6050034       9.00449955E-18
   83.7200012       1.03794673E-17
   83.8349991       1.15793755E-17
   83.9499969       1.25603273E-17
   84.0650024       1.32815775E-17
   84.1800003       1.37068005E-17
   84.2949982       1.38053400E-17
   84.4100037       1.35533626E-17
   84.5250015       1.29349194E-17
   84.6399994       1.19428709E-17
   84.7549973       1.05796334E-17
   84.8700027       8.85774530E-18
   84.9850006       6.80020508E-18
   85.0999985       4.44056319E-18
   85.2149963       1.82274583E-18
   85.3300018      -9.99408715E-19
   85.4449997      -3.96290486E-18
   85.5599976      -6.99665344E-18
   85.6750031      -1.00228416E-17
   85.7900009      -1.29585842E-17
   85.9049988      -1.57178610E-17
   86.0199966      -1.82136866E-17
   86.1350021      -2.03604883E-17
   86.2500000      -2.20766349E-17
   86.3649979      -2.32870384E-17
   86.4800034      -2.39257939E-17
   86.5950012      -2.39387294E-17
   86.7099991      -2.32858307E-17
   86.8249969      -2.19434043E-17
   86.9400024      -1.99059178E-17
   87.0550003      -1.71874284E-17
   87.1699982      -1.38225222E-17
   87.2850037      -9.86669472E-18
   87.4000015      -5.39611976E-18
   87.5149994      -5.06773857E-19
   87.6299973       4.68709652E-18
   87.7450027       1.00551653E-17
   87.8600006       1.54538150E-17
   87.9749985       2.07295233E-17
   88.0899963       2.57227098E-17
   88.2050018       3.02720046E-17
   88.3199997       3.42187712E-17
   88.4349976       3.74118306E-17
   88.5500031       3.97121637E-17
   88.6650009       4.09975395E-17
   88.7799988       4.11668633E-17
   88.8949966       4.01441637E-17
   89.0100021       3.78820729E-17
   89.1250000       3.43646594E-17
   89.2399979       2.96096116E-17
   89.3550034       2.36695515E-17
   89.4700012       1.66325573E-17
   89.5849991       8.62180113E-18
   89.6999969      -2.05718242E-19
   89.8150024      -9.66138270E-18
   89.9300003      -1.95279757E-17
   90.0449982      -2.95636105E-17
   90.1600037      -3.95064339E-17
   90.2750015      -4.90800271E-17
   90.3899994      -5.79995289E-17
   90.5049973      -6.59782749E-17
   90.6200027      -7.27349045E-17
   90.7350006      -7.80008157E-17
   90.8499985      -8.15278013E-17
   90.9649963      -8.30958049E-17
   91.0800018      -8.25204577E-17
   91.1949997      -7.96604047E-17
   91.3099976      -7.44240999E-17
   91.4250031      -6.67758622E-17
   91.5400009      -5.67410298E-17
   91.6549988      -4.44099275E-17
   91.7699966      -2.99404078E-17
   91.8850021      -1.35588137E-17
   92.0000000       4.44087297E-18
   92.1149979       2.36998694E-17
   92.2300034       4.37994980E-17
   92.3450012       6.42682411E-17
   92.4599991       8.45909040E-17
   92.5749969       1.04219874E-16
   92.6900024       1.22588140E-16
   92.8050003       1.39124090E-16
   92.9199982       1.53267382E-16
   93.0350037       1.64485831E-16
   93.1500015       1.72292510E-16
   93.2649994       1.76262792E-16
   93.3799973       1.76050464E-16
   93.4950027       1.71402556E-16
   93.6100006       1.62172108E-16
   93.7249985       1.48328492E-16
   93.8399963       1.29964553E-16
   93.9550018       1.07300473E-16
   94.0699997       8.06836933E-17
   94.1849976       5.05850061E-17
   94.3000031       1.75906591E-17
   94.4150009      -1.76094824E-17
   94.5299988      -5.42373030E-17
   94.6449966      -9.14450483E-17
   94.7600021      -1.28336688E-16
   94.8750000      -1.63991323E-16
   94.9899979      -1.97487836E-16
   95.1050034      -2.27930319E-16
   95.2200012      -2.54473023E-16
   95.3349991      -2.76344446E-16
   95.4499969      -2.92869662E-16
   95.5650024      -3.03489867E-16
   95.6800003      -3.07779136E-16
   95.7949982      -3.05457630E-16
   95.9100037      -2.96400439E-16
   96.0250015      -2.80642635E-16
   96.1399994      -2.58379857E-16
   96.2549973      -2.29964548E-16
   96.3700027      -1.95898339E-16
   96.4850006      -1.56820262E-16
   96.5999985      -1.13491615E-16
   96.7149963      -6.67780195E-17
   96.8300018      -1.76285457E-17
   96.9449997       3.29469678E-17
   97.0599976       8.39019023E-17
   97.1750031       1.34177907E-16
   97.2900009       1.82729968E-16
   97.4049988       2.28551247E-16
   97.5199966       2.70696854E-16
   97.6350021       3.08306334E-16
   97.7500000       3.40623765E-16
   97.8649979       3.67015379E-16
   97.9800034       3.86984393E-16
   98.0950012       4.00181828E-16
   98.2099991       4.06413290E-16
   98.3249969       4.05642199E-16
   98.4400024       3.97987721E-16
   98.5550003       3.83718207E-16
   98.6699982       3.63240047E-16
   98.7850037       3.37082082E-16
   98.9000015       3.05875667E-16
   99.0149994       2.70330909E-16
   99.1299973       2.31210296E-16
   99.2450027       1.89299992E-16
   99.3600006       1.45380368E-16
   99.4749985       1.00196718E-16
   99.5899963       5.44314456E-17
   99.7050018       8.67948292E-18
   99.8199997      -3.65719015E-17
   99.9349976      -8.09576555E-17
   100.050003      -1.24242793E-16
   100.165001      -1.66322185E-16
   100.279999      -2.07212198E-16
   100.394997      -2.47034089E-16
   100.510002      -2.85988499E-16
   100.625000      -3.24323013E-16
   100.739998      -3.62293117E-16
   100.855003      -4.00118485E-16
   100.970001      -4.37936495E-16
   101.084999      -4.75756119E-16
   101.199997      -5.13413298E-16
   101.315002      -5.50532505E-16
   101.430000      -5.86496042E-16
   101.544998      -6.20423894E-16
   101.660004      -6.51166478E-16
   101.775002      -6.77312426E-16
   101.889999      -6.97212248E-16
   102.004997      -7.09018669E-16
   102.120003      -7.10743334E-16
   102.235001      -7.00328747E-16
   102.349998      -6.75733822E-16
   102.464996      -6.35029071E-16
   102.580002      -5.76500894E-16
   102.695000      -4.98756981E-16
   102.809998      -4.00831687E-16
   102.925003      -2.82285376E-16
   103.040001      -1.43291968E-16
   103.154999       1.52883508E-17
   103.269997       1.91856139E-16
   103.385002       3.84043918E-16
   103.500000       5.88712992E-16
   103.614998       8.01979106E-16
   103.730003       1.01926947E-15
   103.845001       1.23540528E-15
   103.959999       1.44471665E-15
   104.074997       1.64118097E-15
   104.190002       1.81858440E-15
   104.305000       1.97070177E-15
   104.419998       2.09148931E-15
   104.535004       2.17528416E-15
   104.650002       2.21700477E-15
   104.764999       2.21234608E-15
   104.879997       2.15796212E-15
   104.995003       2.05162878E-15
   105.110001       1.89238257E-15
   105.224998       1.68062856E-15
   105.339996       1.41821204E-15
   105.455002       1.10845251E-15
   105.570000       7.56133077E-16
   105.684998       3.67444692E-16
   105.800003      -5.01113857E-17
   105.915001      -4.87869961E-16
   106.029999      -9.36189941E-16
   106.144997      -1.38468235E-15
   106.260002      -1.82247334E-15
   106.375000      -2.23849950E-15
   106.489998      -2.62182383E-15
   106.605003      -2.96196686E-15
   106.720001      -3.24924528E-15
   106.834999      -3.47510280E-15
   106.949997      -3.63242880E-15
   107.065002      -3.71584799E-15
   107.180000      -3.72197204E-15
   107.294998      -3.64960493E-15
   107.410004      -3.49988402E-15
   107.525002      -3.27635711E-15
   107.639999      -2.98497439E-15
   107.754997      -2.63400650E-15
   107.870003      -2.23387067E-15
   107.985001      -1.79686859E-15
   108.099998      -1.33684002E-15
   108.214996      -8.68738537E-16
   108.330002      -4.08134752E-16
   108.445000       2.93384850E-17
   108.559998       4.28581492E-16
   108.675003       7.75645910E-16
   108.790001       1.05835549E-15
   108.904999       1.26690421E-15
   109.019997       1.39440544E-15
   109.135002       1.43737447E-15
   109.250000       1.39610840E-15
   109.364998       1.27495579E-15
   109.480003       1.08244172E-15
   109.595001       8.31245471E-16
   109.709999       5.38007111E-16
   109.824997       2.22973112E-16
   109.940002      -9.05363342E-17
   110.055000      -3.76813989E-16
   110.169998      -6.08606460E-16
   110.285004      -7.58075430E-16
   110.400002      -7.97867714E-16
   110.514999      -7.02247806E-16
   110.629997      -4.48267570E-16
   110.745003      -1.69201730E-17
   110.860001       6.05745342E-16
   110.974998       1.42761294E-15
   111.089996       2.44962077E-15
   111.205002       3.66504973E-15
   111.320000       5.05903726E-15
   111.434998       6.60831685E-15
   111.550003       8.28123021E-15
   111.665001       1.00380181E-14
   111.779999       1.18313977E-14
   111.894997       1.36074149E-14
   112.010002       1.53065867E-14
   112.125000       1.68652815E-14
   112.239998       1.82173239E-14
   112.355003       1.92957985E-14
   112.470001       2.00349635E-14
   112.584999       2.03722825E-14
   112.699997       2.02504690E-14
   112.815002       1.96195243E-14
   112.930000       1.84386486E-14
   113.044998       1.66780584E-14
   113.160004       1.43205573E-14
   113.275002       1.13628665E-14
   113.389999       7.81663857E-15
   113.504997       3.70912424E-15
   113.620003      -9.16533589E-16
   113.735001      -6.00144400E-15
   113.849998      -1.14714993E-14
   113.964996      -1.72383571E-14
   114.080002      -2.32008287E-14
   114.195000      -2.92466585E-14
   114.309998      -3.52546937E-14
   114.425003      -4.10973271E-14
   114.540001      -4.66432652E-14
   114.654999      -5.17604521E-14
   114.769997      -5.63191597E-14
   114.885002      -6.01951147E-14
   115.000000      -6.32726090E-14
   115.114998      -6.54474847E-14
   115.230003      -6.66299494E-14
   115.345001      -6.67470636E-14
   115.459999      -6.57449288E-14
   115.574997      -6.35903887E-14
   115.690002      -6.02723302E-14
   115.805000      -5.58023273E-14
   115.919998      -5.02147897E-14
   116.035004      -4.35665399E-14
   116.150002      -3.59357421E-14
   116.264999      -2.74202895E-14
   116.379997      -1.81356852E-14
   116.495003      -8.21239693E-15
   116.610001       2.20717749E-15
   116.724998       1.29720716E-14
   116.839996       2.39262887E-14
   116.955002       3.49125263E-14
   117.070000       4.57758085E-14
   117.184998       5.63671017E-14
   117.300003       6.65465472E-14
   117.415001       7.61864665E-14
   117.529999       8.51738385E-14
   117.644997       9.34122097E-14
   117.760002       1.00823084E-13
   117.875000       1.07346552E-13
   117.989998       1.12941245E-13
   118.105003       1.17583623E-13
   118.220001       1.21266549E-13
   118.334999       1.23997316E-13
   118.449997       1.25794950E-13
   118.565002       1.26687357E-13
   118.680000       1.26707767E-13
   118.794998       1.25891363E-13
   118.910004       1.24271497E-13
   119.025002       1.21876223E-13
   119.139999       1.18725030E-13
   119.254997       1.14825860E-13
   119.370003       1.10172789E-13
   119.485001       1.04744359E-13
   119.599998       9.85025456E-14
   119.714996       9.13926731E-14
   119.830002       8.33441795E-14
   119.945000       7.42723076E-14
   120.059998       6.40807868E-14
   120.175003       5.26652967E-14
   120.290001       3.99177355E-14
   120.404999       2.57313210E-14
   120.519997       1.00061637E-14
   120.635002      -7.34467351E-15
   120.750000      -2.63887880E-14
   120.864998      -4.71681274E-14
   120.980003      -6.96927054E-14
   121.095001      -9.39344970E-14
   121.209999      -1.19822202E-13
   121.324997      -1.47236430E-13
   121.440002      -1.76005938E-13
   121.555000      -2.05904941E-13
   121.669998      -2.36651654E-13
   121.785004      -2.67908254E-13
   121.900002      -2.99282192E-13
   122.014999      -3.30329216E-13
   122.129997      -3.60557694E-13
   122.245003      -3.89434714E-13
   122.360001      -4.16393482E-13
   122.474998      -4.40842133E-13
   122.589996      -4.62173919E-13
   122.705002      -4.79778218E-13
   122.820000      -4.93052593E-13
   122.934998      -5.01415370E-13
   123.050003      -5.04318592E-13
   123.165001      -5.01260762E-13
   123.279999      -4.91799960E-13
   123.394997      -4.75565496E-13
   123.510002      -4.52269353E-13
   123.625000      -4.21716129E-13
   123.739998      -3.83811472E-13
   123.855003      -3.38568881E-13
   123.970001      -2.86114313E-13
   124.084999      -2.26688934E-13
   124.199997      -1.60649055E-13
   124.315002      -8.84645208E-14
   124.430000      -1.07136437E-14
   124.544998       7.19234988E-14
   124.660004       1.58674181E-13
   124.775002       2.48684347E-13
   124.889999       3.41031538E-13
   125.004997       4.34739728E-13
   125.120003       5.28794673E-13
   125.235001       6.22161177E-13
   125.349998       7.13799571E-13
   125.464996       8.02682573E-13
   125.580002       8.87812556E-13
   125.695000       9.68235800E-13
   125.809998       1.04305811E-12
   125.925003       1.11145598E-12
   126.040001       1.17268792E-12
   126.154999       1.22610158E-12
   126.269997       1.27113988E-12
   126.385002       1.30734356E-12
   126.500000       1.33435092E-12
   126.614998       1.35189505E-12
   126.730003       1.35979812E-12
   126.845001       1.35796344E-12
   126.959999       1.34636627E-12
   127.074997       1.32504023E-12
   127.190002       1.29406522E-12
   127.305000       1.25355217E-12
   127.419998       1.20362943E-12
   127.535004       1.14442678E-12
   127.650002       1.07606274E-12
   127.764999       9.98630974E-13
   127.879997       9.12189486E-13
   127.995003       8.16752482E-13
   128.110001       7.12284235E-13
   128.225006       5.98695626E-13
   128.339996       4.75846196E-13
   128.455002       3.43547104E-13
   128.570007       2.01571046E-13
   128.684998       4.96629241E-14
   128.800003      -1.12442892E-13
   128.914993      -2.85003737E-13
   129.029999      -4.68244909E-13
   129.145004      -6.62333632E-13
   129.259995      -8.67350950E-13
   129.375000      -1.08326022E-12
   129.490005      -1.30987669E-12
   129.604996      -1.54683547E-12
   129.720001      -1.79355857E-12
   129.835007      -2.04922537E-12
   129.949997      -2.31274418E-12
   130.065002      -2.58272917E-12
   130.179993      -2.85747706E-12
   130.294998      -3.13495302E-12
   130.410004      -3.41278026E-12
   130.524994      -3.68823635E-12
   130.639999      -3.95825863E-12
   130.755005      -4.21945465E-12
   130.869995      -4.46811988E-12
   130.985001      -4.70027272E-12
   131.100006      -4.91168347E-12
   131.214996      -5.09792469E-12
   131.330002      -5.25442146E-12
   131.445007      -5.37651434E-12
   131.559998      -5.45952433E-12
   131.675003      -5.49882882E-12
   131.789993      -5.48993533E-12
   131.904999      -5.42856688E-12
   132.020004      -5.31074403E-12
   132.134995      -5.13286722E-12
   132.250000      -4.89180354E-12
   132.365005      -4.58496262E-12
   132.479996      -4.21037901E-12
   132.595001      -3.76677595E-12
   132.710007      -3.25363543E-12
   132.824997      -2.67124864E-12
   132.940002      -2.02076355E-12
   133.054993      -1.30422019E-12
   133.169998      -5.24571055E-13
   133.285004       3.14307093E-13
   133.399994       1.20761387E-12
   133.514999       2.14964179E-12
   133.630005       3.13380138E-12
   133.744995       4.15266259E-12
   133.860001       5.19800479E-12
   133.975006       6.26087637E-12
   134.089996       7.33166826E-12
   134.205002       8.40018940E-12
   134.320007       9.45575129E-12
   134.434998       1.04872647E-11
   134.550003       1.14833256E-11
   134.664993       1.24323156E-11
   134.779999       1.33224968E-11
   134.895004       1.41421016E-11
   135.009995       1.48794310E-11
   135.125000       1.55229371E-11
   135.240005       1.60613033E-11
   135.354996       1.64835194E-11
   135.470001       1.67789463E-11
   135.585007       1.69373699E-11
   135.699997       1.69490567E-11
   135.815002       1.68047867E-11
   135.929993       1.64958828E-11
   136.044998       1.60142264E-11
   136.160004       1.53522767E-11
   136.274994       1.45030689E-11
   136.389999       1.34601965E-11
   136.505005       1.22178231E-11
   136.619995       1.07706465E-11
   136.735001       9.11387632E-12
   136.850006       7.24322208E-12
   136.964996       5.15486352E-12
   137.080002       2.84541531E-12
   137.195007       3.11918595E-13
   137.309998      -2.44818857E-12
   137.425003      -5.43708871E-12
   137.539993      -8.65659280E-12
   137.654999      -1.21081470E-11
   137.770004      -1.57928410E-11
   137.884995      -1.97113680E-11
   138.000000      -2.38640583E-11
   138.115005      -2.82508045E-11
   138.229996      -3.28710600E-11
   138.345001      -3.77237928E-11
   138.460007      -4.28074451E-11
   138.574997      -4.81198623E-11
   138.690002      -5.36582896E-11
   138.804993      -5.94192681E-11
   138.919998      -6.53985893E-11
   139.035004      -7.15912746E-11
   139.149994      -7.79914605E-11
   139.264999      -8.45924650E-11
   139.380005      -9.13865789E-11
   139.494995      -9.83651979E-11
   139.610001      -1.05518698E-10
   139.725006      -1.12836407E-10
   139.839996      -1.20306723E-10
   139.955002      -1.27916941E-10
   140.070007      -1.35653419E-10
   140.184998      -1.43501544E-10
   140.300003      -1.51445717E-10
   140.414993      -1.59469493E-10
   140.529999      -1.67555567E-10
   140.645004      -1.75685827E-10
   140.759995      -1.83841456E-10
   140.875000      -1.92002914E-10
   140.990005      -2.00150063E-10
   141.104996      -2.08262227E-10
   141.220001      -2.16318144E-10
   141.335007      -2.24296193E-10
   141.449997      -2.32174210E-10
   141.565002      -2.39929743E-10
   141.679993      -2.47539850E-10
   141.794998      -2.54981314E-10
   141.910004      -2.62230349E-10
   142.024994      -2.69262918E-10
   142.139999      -2.76054457E-10
   142.255005      -2.82579876E-10
   142.369995      -2.88813529E-10
   142.485001      -2.94729130E-10
   142.600006      -3.00299619E-10
   142.714996      -3.05497155E-10
   142.830002      -3.10292875E-10
   142.945007      -3.14657023E-10
   143.059998      -3.18558568E-10
   143.175003      -3.21965343E-10
   143.289993      -3.24843680E-10
   143.404999      -3.27158661E-10
   143.520004      -3.28873734E-10
   143.634995      -3.29950706E-10
   143.750000      -3.30349748E-10
   143.865005      -3.30029420E-10
   143.979996      -3.28946509E-10
   144.095001      -3.27056104E-10
   144.210007      -3.24311605E-10
   144.324997      -3.20664828E-10
   144.440002      -3.16066007E-10
   144.554993      -3.10463932E-10
   144.669998      -3.03806091E-10
   144.785004      -2.96038860E-10
   144.899994      -2.87107615E-10
   145.014999      -2.76957068E-10
   145.130005      -2.65531208E-10
   145.244995      -2.52773941E-10
   145.360001      -2.38629033E-10
   145.475006      -2.23040447E-10
   145.589996      -2.05952713E-10
   145.705002      -1.87311097E-10
   145.820007      -1.67061795E-10
   145.934998      -1.45152307E-10
   146.050003      -1.21531632E-10
   146.164993      -9.61505042E-11
   146.279999      -6.89614685E-11
   146.395004      -3.99190993E-11
   146.509995      -8.98027225E-12
   146.625000       2.38958801E-11
   146.740005       5.87479856E-11
   146.854996       9.56122473E-11
   146.970001       1.34522574E-10
   147.085007       1.75510481E-10
   147.199997       2.18605301E-10
   147.315002       2.63834149E-10
   147.429993       3.11222298E-10
   147.544998       3.60793145E-10
   147.660004       4.12568452E-10
   147.774994       4.66568506E-10
   147.889999       5.22812404E-10
   148.005005       5.81318271E-10
   148.119995       6.42103315E-10
   148.235001       7.05184522E-10
   148.350006       7.70578379E-10
   148.464996       8.38300984E-10
   148.580002       9.08368547E-10
   148.695007       9.80797665E-10
   148.809998       1.05560527E-09
   148.925003       1.13280829E-09
   149.039993       1.21242483E-09
   149.154999       1.29447331E-09
   149.270004       1.37897271E-09
   149.384995       1.46594237E-09
   149.500000       1.55540281E-09
   149.615005       1.64737379E-09
   149.729996       1.74187698E-09
   149.845001       1.83893345E-09
   149.960007       1.93856442E-09
   150.074997       2.04079065E-09
   150.190002       2.14563300E-09
   150.304993       2.25311214E-09
   150.419998       2.36324715E-09
   150.535004       2.47605625E-09
   150.649994       2.59155719E-09
   150.764999       2.70976575E-09
   150.880005       2.83069590E-09
   150.994995       2.95436009E-09
   151.110001       3.08076853E-09
   151.225006       3.20992943E-09
   151.339996       3.34184902E-09
   151.455002       3.47653062E-09
   151.570007       3.61397623E-09
   151.684998       3.75418407E-09
   151.800003       3.89715016E-09
   151.914993       4.04287048E-09
   152.029999       4.19133528E-09
   152.145004       4.34253433E-09
   152.259995       4.49645565E-09
   152.375000       4.65308458E-09
   152.490005       4.81240603E-09
   152.604996       4.97440222E-09
   152.720001       5.13905452E-09
   152.835007       5.30634514E-09
   152.949997       5.47625278E-09
   153.065002       5.64875791E-09
   153.179993       5.82383874E-09
   153.294998       6.00147398E-09
   153.410004       6.18164320E-09
   153.524994       6.36432418E-09
   153.639999       6.54949694E-09
   153.755005       6.73714018E-09
   153.869995       6.92723345E-09
   153.985001       7.11975723E-09
   154.100006       7.31469152E-09
   154.214996       7.51201856E-09
   154.330002       7.71171837E-09
   154.445007       7.91377186E-09
   154.559998       8.11816303E-09
   154.675003       8.32487146E-09
   154.789993       8.53388027E-09
   154.904999       8.74516992E-09
   155.020004       8.95872265E-09
   155.134995       9.17451803E-09
   155.250000       9.39253564E-09
   155.365005       9.61275504E-09
   155.479996       9.83515402E-09
   155.595001       1.00597095E-08
   155.710007       1.02863975E-08
   155.824997       1.05151923E-08
   155.940002       1.07460654E-08
   156.054993       1.09789893E-08
   156.169998       1.12139311E-08
   156.285004       1.14508634E-08
   156.399994       1.16897496E-08
   156.514999       1.19305552E-08
   156.630005       1.21732429E-08
   156.744995       1.24177726E-08
   156.860001       1.26641062E-08
   156.975006       1.29121984E-08
   157.089996       1.31620075E-08
   157.205002       1.34134890E-08
   157.320007       1.36665959E-08
   157.434998       1.39212792E-08
   157.550003       1.41774903E-08
   157.664993       1.44351811E-08
   157.779999       1.46942973E-08
   157.895004       1.49547876E-08
   158.009995       1.52165995E-08
   158.125000       1.54796815E-08
   158.240005       1.57439750E-08
   158.354996       1.60094249E-08
   158.470001       1.62759797E-08
   158.585007       1.65435754E-08
   158.699997       1.68121623E-08
   158.815002       1.70816783E-08
   158.929993       1.73520665E-08
   159.044998       1.76232682E-08
   159.160004       1.78952266E-08
   159.274994       1.81678796E-08
   159.389999       1.84411668E-08
   159.505005       1.87150295E-08
   159.619995       1.89894092E-08
   159.735001       1.92642435E-08
   159.850006       1.95394705E-08
   159.964996       1.98150314E-08
   160.080002       2.00908623E-08
   160.195007       2.03669046E-08
   160.309998       2.06430961E-08
   160.425003       2.09193711E-08
   160.539993       2.11956728E-08
   160.654999       2.14719389E-08
   160.770004       2.17481073E-08
   160.884995       2.20241176E-08
   161.000000       2.22999077E-08
   161.115005       2.25754171E-08
   161.229996       2.28505872E-08
   161.345001       2.31253594E-08
   161.460007       2.33996715E-08
   161.574997       2.36734650E-08
   161.690002       2.39466758E-08
   161.804993       2.42192471E-08
   161.919998       2.44911149E-08
   162.035004       2.47622154E-08
   162.149994       2.50324828E-08
   162.264999       2.53018495E-08
   162.380005       2.55702481E-08
   162.494995       2.58376112E-08
   162.610001       2.61038604E-08
   162.725006       2.63689230E-08
   162.839996       2.66327191E-08
   162.955002       2.68951634E-08
   163.070007       2.71561689E-08
   163.184998       2.74156449E-08
   163.300003       2.76734990E-08
   163.414993       2.79296337E-08
   163.529999       2.81839405E-08
   163.645004       2.84363164E-08
   163.759995       2.86866495E-08
   163.875000       2.89348261E-08
   163.990005       2.91807289E-08
   164.104996       2.94242284E-08
   164.220001       2.96652107E-08
   164.335007       2.99035463E-08
   164.449997       3.01390948E-08
   164.565002       3.03717371E-08
   164.679993       3.06013348E-08
   164.794998       3.08277635E-08
   164.910004       3.10508810E-08
   165.024994       3.12705630E-08
   165.139999       3.14866817E-08
   165.255005       3.16991091E-08
   165.369995       3.19077280E-08
   165.485001       3.21124105E-08
   165.600006       3.23130465E-08
   165.714996       3.25095293E-08
   165.830002       3.27017524E-08
   165.945007       3.28896128E-08
   166.059998       3.30730217E-08
   166.175003       3.32518937E-08
   166.289993       3.34261436E-08
   166.404999       3.35957004E-08
   166.520004       3.37604966E-08
   166.634995       3.39204753E-08
   166.750000       3.40755726E-08
   166.865005       3.42257422E-08
   166.979996       3.43709416E-08
   167.095001       3.45111211E-08
   167.210007       3.46462485E-08
   167.324997       3.47762921E-08
   167.440002       3.49012090E-08
   167.554993       3.50209710E-08
   167.669998       3.51355531E-08
   167.785004       3.52449163E-08
   167.899994       3.53490286E-08
   168.014999       3.54478580E-08
   168.130005       3.55413619E-08
   168.244995       3.56295011E-08
   168.360001       3.57122296E-08
   168.475006       3.57894905E-08
   168.589996       3.58612375E-08
   168.705002       3.59273962E-08
   168.820007       3.59879060E-08
   168.934998       3.60426959E-08
   169.050003       3.60916879E-08
   169.164993       3.61347965E-08
   169.279999       3.61719295E-08
   169.395004       3.62029979E-08
   169.509995       3.62279096E-08
   169.625000       3.62465613E-08
   169.740005       3.62588501E-08
   169.854996       3.62646801E-08
   169.970001       3.62639412E-08
   170.085007       3.62565373E-08
   170.199997       3.62423584E-08
   170.315002       3.62213122E-08
   170.429993       3.61932919E-08
   170.544998       3.61582124E-08
   170.660004       3.61159742E-08
   170.774994       3.60664885E-08
   170.889999       3.60096841E-08
   171.005005       3.59454795E-08
   171.119995       3.58738106E-08
   171.235001       3.57946099E-08
   171.350006       3.57078243E-08
   171.464996       3.56134109E-08
   171.580002       3.55113201E-08
   171.695007       3.54015270E-08
   171.809998       3.52839962E-08
   171.925003       3.51587097E-08
   172.039993       3.50256570E-08
   172.154999       3.48848239E-08
   172.270004       3.47362104E-08
   172.384995       3.45798234E-08
   172.500000       3.44156632E-08
   172.615005       3.42437403E-08
   172.729996       3.40640582E-08
   172.845001       3.38766348E-08
   172.960007       3.36814843E-08
   173.074997       3.34786101E-08
   173.190002       3.32680301E-08
   173.304993       3.30497514E-08
   173.419998       3.28237810E-08
   173.535004       3.25901226E-08
   173.649994       3.23487761E-08
   173.764999       3.20997415E-08
   173.880005       3.18430153E-08
   173.994995       3.15785833E-08
   174.110001       3.13064383E-08
   174.225006       3.10265591E-08
   174.339996       3.07389350E-08
   174.455002       3.04435410E-08
   174.570007       3.01403524E-08
   174.684998       2.98293479E-08
   174.800003       2.95105025E-08
   174.914993       2.91837914E-08
   175.029999       2.88491897E-08
   175.145004       2.85066744E-08
   175.259995       2.81562258E-08
   175.375000       2.77978227E-08
   175.490005       2.74314509E-08
   175.604996       2.70571014E-08
   175.720001       2.66747655E-08
   175.835007       2.62844413E-08
   175.949997       2.58861323E-08
   176.065002       2.54798511E-08
   176.179993       2.50656136E-08
   176.294998       2.46434428E-08
   176.410004       2.42133726E-08
   176.524994       2.37754421E-08
   176.639999       2.33296973E-08
   176.755005       2.28761969E-08
   176.869995       2.24150050E-08
   176.985001       2.19461924E-08
   177.100006       2.14698392E-08
   177.214996       2.09860342E-08
   177.330002       2.04948680E-08
   177.445007       1.99964472E-08
   177.559998       1.94908729E-08
   177.675003       1.89782590E-08
   177.789993       1.84587208E-08
   177.904999       1.79323791E-08
   178.020004       1.73993513E-08
   178.134995       1.68597651E-08
   178.250000       1.63137468E-08
   178.365005       1.57614224E-08
   178.479996       1.52029163E-08
   178.595001       1.46383581E-08
   178.710007       1.40678731E-08
   178.824997       1.34915874E-08
   178.940002       1.29096218E-08
   179.054993       1.23220998E-08
   179.169998       1.17291394E-08
   179.285004       1.11308580E-08
   179.399994       1.05273692E-08
   179.514999       9.91878135E-09
   179.630005       9.30520461E-09
   179.744995       8.68674199E-09
   179.860001       8.06349565E-09
   179.975006       7.43556328E-09
   180.089996       6.80304213E-09
   180.205002       6.16602591E-09
   180.320007       5.52460833E-09
   180.434998       4.87888130E-09
   180.550003       4.22893676E-09
   180.664993       3.57486485E-09
   180.779999       2.91675595E-09
   180.895004       2.25470398E-09
   181.009995       1.58880320E-09
   181.125000       9.19149978E-10
   181.240005       2.45838516E-10
   181.354996      -4.31025854E-10
   181.470001      -1.11134568E-09
   181.585007      -1.79500981E-09
   181.699997      -2.48191245E-09
   181.815002      -3.17193760E-09
   181.929993      -3.86496835E-09
   182.044998      -4.56088278E-09
   182.160004      -5.25955457E-09
   182.274994      -5.96085403E-09
   182.389999      -6.66464306E-09
   182.505005      -7.37077954E-09
   182.619995      -8.07911693E-09
   182.735001      -8.78950335E-09
   182.850006      -9.50178514E-09
   182.964996      -1.02157989E-08
   183.080002      -1.09313758E-08
   183.195007      -1.16483472E-08
   183.309998      -1.23665371E-08
   183.425003      -1.30857662E-08
   183.539993      -1.38058525E-08
   183.654999      -1.45266146E-08
   183.770004      -1.52478616E-08
   183.884995      -1.59694054E-08
   184.000000      -1.66910592E-08
   184.115005      -1.74126225E-08
   184.229996      -1.81339121E-08
   184.345001      -1.88547311E-08
   184.460007      -1.95748875E-08
   184.574997      -2.02941877E-08
   184.690002      -2.10124416E-08
   184.804993      -2.17294485E-08
   184.919998      -2.24450218E-08
   185.035004      -2.31589734E-08
   185.149994      -2.38711060E-08
   185.264999      -2.45812330E-08
   185.380005      -2.52891645E-08
   185.494995      -2.59947157E-08
   185.610001      -2.66977018E-08
   185.725006      -2.73979346E-08
   185.839996      -2.80952346E-08
   185.955002      -2.87894171E-08
   186.070007      -2.94803080E-08
   186.184998      -3.01677190E-08
   186.300003      -3.08514849E-08
   186.414993      -3.15314139E-08
   186.529999      -3.22073426E-08
   186.645004      -3.28790968E-08
   186.759995      -3.35464918E-08
   186.875000      -3.42093642E-08
   186.990005      -3.48675222E-08
   187.104996      -3.55208094E-08
   187.220001      -3.61690411E-08
   187.335007      -3.68120467E-08
   187.449997      -3.74496558E-08
   187.565002      -3.80816978E-08
   187.679993      -3.87079844E-08
   187.794998      -3.93283450E-08
   187.910004      -3.99426128E-08
   188.024994      -4.05505993E-08
   188.139999      -4.11521341E-08
   188.255005      -4.17470432E-08
   188.369995      -4.23351523E-08
   188.485001      -4.29162874E-08
   188.600006      -4.34902603E-08
   188.714996      -4.40568932E-08
   188.830002      -4.46160051E-08
   188.945007      -4.51674289E-08
   189.059998      -4.57109905E-08
   189.175003      -4.62465053E-08
   189.289993      -4.67738026E-08
   189.404999      -4.72927120E-08
   189.520004      -4.78030699E-08
   189.634995      -4.83047096E-08
   189.750000      -4.87974710E-08
   189.865005      -4.92811907E-08
   189.979996      -4.97557089E-08
   190.095001      -5.02208657E-08
   190.210007      -5.06765296E-08
   190.324997      -5.11225444E-08
   190.440002      -5.15587608E-08
   190.554993      -5.19850367E-08
   190.669998      -5.24012300E-08
   190.785004      -5.28072093E-08
   190.899994      -5.32028324E-08
   191.014999      -5.35879678E-08
   191.130005      -5.39624843E-08
   191.244995      -5.43262750E-08
   191.360001      -5.46792087E-08
   191.475006      -5.50211574E-08
   191.589996      -5.53520145E-08
   191.705002      -5.56716628E-08
   191.820007      -5.59799886E-08
   191.934998      -5.62768925E-08
   192.050003      -5.65622464E-08
   192.164993      -5.68359511E-08
   192.279999      -5.70978997E-08
   192.395004      -5.73479930E-08
   192.509995      -5.75861385E-08
   192.625000      -5.78122119E-08
   192.740005      -5.80261243E-08
   192.854996      -5.82277799E-08
   192.970001      -5.84170756E-08
   193.085007      -5.85939119E-08
   193.199997      -5.87581965E-08
   193.315002      -5.89098299E-08
   193.429993      -5.90487197E-08
   193.544998      -5.91747735E-08
   193.660004      -5.92878990E-08
   193.774994      -5.93880145E-08
   193.889999      -5.94750134E-08
   194.005005      -5.95488281E-08
   194.119995      -5.96093628E-08
   194.235001      -5.96565428E-08
   194.350006      -5.96902794E-08
   194.464996      -5.97105156E-08
   194.580002      -5.97171663E-08
   194.695007      -5.97101675E-08
   194.809998      -5.96894481E-08
   194.925003      -5.96549583E-08
   195.039993      -5.96066130E-08
   195.154999      -5.95443730E-08
   195.270004      -5.94681886E-08
   195.384995      -5.93780030E-08
   195.500000      -5.92737806E-08
   195.615005      -5.91554645E-08
   195.729996      -5.90230407E-08
   195.845001      -5.88764770E-08
   195.960007      -5.87157558E-08
   196.074997      -5.85408593E-08
   196.190002      -5.83517874E-08
   196.304993      -5.81485331E-08
   196.419998      -5.79310999E-08
   196.535004      -5.76995021E-08
   196.649994      -5.74537466E-08
   196.764999      -5.71938443E-08
   196.880005      -5.69198200E-08
   196.994995      -5.66316949E-08
   197.110001      -5.63294904E-08
   197.225006      -5.60132314E-08
   197.339996      -5.56829391E-08
   197.455002      -5.53386599E-08
   197.570007      -5.49804255E-08
   197.684998      -5.46082681E-08
   197.800003      -5.42222267E-08
   197.914993      -5.38223510E-08
   198.029999      -5.34086730E-08
   198.145004      -5.29812461E-08
   198.259995      -5.25401198E-08
   198.375000      -5.20853405E-08
   198.490005      -5.16169543E-08
   198.604996      -5.11350073E-08
   198.720001      -5.06395530E-08
   198.835007      -5.01306268E-08
   198.949997      -4.96082855E-08
   199.065002      -4.90725718E-08
   199.179993      -4.85235425E-08
   199.294998      -4.79612297E-08
   199.410004      -4.73856829E-08
   199.524994      -4.67969521E-08
   199.639999      -4.61950869E-08
   199.755005      -4.55801334E-08
   199.869995      -4.49521416E-08
   199.985001      -4.43111823E-08
   200.100006      -4.36573160E-08
   200.214996      -4.29906066E-08
   200.330002      -4.23111288E-08
   200.445007      -4.16189749E-08
   200.559998      -4.09142373E-08
   200.675003      -4.01970048E-08
   200.789993      -3.94673947E-08
   200.904999      -3.87255206E-08
   201.020004      -3.79715175E-08
   201.134995      -3.72055133E-08
   201.250000      -3.64276538E-08
   201.365005      -3.56380987E-08
   201.479996      -3.48370079E-08
   201.595001      -3.40245521E-08
   201.710007      -3.32009122E-08
   201.824997      -3.23662874E-08
   201.940002      -3.15208624E-08
   202.054993      -3.06648467E-08
   202.169998      -2.97984588E-08
   202.285004      -2.89219173E-08
   202.399994      -2.80354495E-08
   202.514999      -2.71392953E-08
   202.630005      -2.62336890E-08
   202.744995      -2.53188794E-08
   202.860001      -2.43951188E-08
   202.975006      -2.34626540E-08
   203.089996      -2.25217462E-08
   203.205002      -2.15726494E-08
   203.320007      -2.06156212E-08
   203.434998      -1.96509173E-08
   203.550003      -1.86787954E-08
   203.664993      -1.76995059E-08
   203.779999      -1.67133027E-08
   203.895004      -1.57204312E-08
   204.009995      -1.47211310E-08
   204.125000      -1.37156411E-08
   204.240005      -1.27041915E-08
   204.354996      -1.16870114E-08
   204.470001      -1.06643263E-08
   204.585007      -9.63635127E-09
   204.699997      -8.60329941E-09
   204.815002      -7.56538387E-09
   204.929993      -6.52281074E-09
   205.044998      -5.47578471E-09
   205.160004      -4.42450476E-09
   205.274994      -3.36917161E-09
   205.389999      -2.30998820E-09
   205.505005      -1.24714561E-09
   205.619995      -1.80844409E-10
   205.735001       8.88714491E-10
   205.850006       1.96133332E-09
   205.964996       3.03680836E-09
   206.080002       4.11493639E-09
   206.195007       5.19550758E-09
   206.309998       6.27831298E-09
   206.425003       7.36314121E-09
   206.539993       8.44976622E-09
   206.654999       9.53796864E-09
   206.770004       1.06275246E-08
   206.884995       1.17181980E-08
   207.000000       1.28097568E-08
   207.115005       1.39019596E-08
   207.229996       1.49945620E-08
   207.345001       1.60873128E-08
   207.460007       1.71799641E-08
   207.574997       1.82722619E-08
   207.690002       1.93639398E-08
   207.804993       2.04547312E-08
   207.919998       2.15443716E-08
   208.035004       2.26325820E-08
   208.149994       2.37190889E-08
   208.264999       2.48036027E-08
   208.380005       2.58858464E-08
   208.494995       2.69655231E-08
   208.610001       2.80423507E-08
   208.725006       2.91160234E-08
   208.839996       3.01862464E-08
   208.955002       3.12527249E-08
   209.070007       3.23151568E-08
   209.184998       3.33732366E-08
   209.300003       3.44266624E-08
   209.414993       3.54751357E-08
   209.529999       3.65183404E-08
   209.645004       3.75559743E-08
   209.759995       3.85877428E-08
   209.875000       3.96133260E-08
   209.990005       4.06324219E-08
   210.104996       4.16447286E-08
   210.220001       4.26499369E-08
   210.335007       4.36477343E-08
   210.449997       4.46378294E-08
   210.565002       4.56199061E-08
   210.679993       4.65936552E-08
   210.794998       4.75587676E-08
   210.910004       4.85149272E-08
   211.024994       4.94618355E-08
   211.139999       5.03991870E-08
   211.255005       5.13266833E-08
   211.369995       5.22440047E-08
   211.485001       5.31508668E-08
   211.600006       5.40469784E-08
   211.714996       5.49320411E-08
   211.830002       5.58057920E-08
   211.945007       5.66679397E-08
   212.059998       5.75182142E-08
   212.175003       5.83563597E-08
   212.289993       5.91821134E-08
   212.404999       5.99952230E-08
   212.520004       6.07954505E-08
   212.634995       6.15825613E-08
   212.750000       6.23563210E-08
   212.865005       6.31165165E-08
   212.979996       6.38629274E-08
   213.095001       6.45953619E-08
   213.210007       6.53136070E-08
   213.324997       6.60174848E-08
   213.440002       6.67068178E-08
   213.554993       6.73814284E-08
   213.669998       6.80411532E-08
   213.785004       6.86858428E-08
   213.899994       6.93153552E-08
   214.014999       6.99295413E-08
   214.130005       7.05282588E-08
   214.244995       7.11113870E-08
   214.360001       7.16788051E-08
   214.475006       7.22303852E-08
   214.589996       7.27659923E-08
   214.705002       7.32855412E-08
   214.820007       7.37888897E-08
   214.934998       7.42759241E-08
   215.050003       7.47465307E-08
   215.164993       7.52005818E-08
   215.279999       7.56379563E-08
   215.395004       7.60585195E-08
   215.509995       7.64621291E-08
   215.625000       7.68486856E-08
   215.740005       7.72180258E-08
   215.854996       7.75700357E-08
   215.970001       7.79045806E-08
   216.085007       7.82215039E-08
   216.199997       7.85206566E-08
   216.315002       7.88019037E-08
   216.429993       7.90650887E-08
   216.544998       7.93100483E-08
   216.660004       7.95366333E-08
   216.774994       7.97446660E-08
   216.889999       7.99339830E-08
   217.005005       8.01044209E-08
   217.119995       8.02558091E-08
   217.235001       8.03879630E-08
   217.350006       8.05007261E-08
   217.464996       8.05939138E-08
   217.580002       8.06673626E-08
   217.695007       8.07209233E-08
   217.809998       8.07544254E-08
   217.925003       8.07677267E-08
   218.039993       8.07606639E-08
   218.154999       8.07331233E-08
   218.270004       8.06849698E-08
   218.384995       8.06161040E-08
   218.500000       8.05264122E-08
   218.615005       8.04158162E-08
   218.729996       8.02842379E-08
   218.845001       8.01316062E-08
   218.960007       7.99578501E-08
   219.074997       7.97629554E-08
   219.190002       7.95468935E-08
   219.304993       7.93096504E-08
   219.419998       7.90512189E-08
   219.535004       7.87716061E-08
   219.649994       7.84708618E-08
   219.764999       7.81490073E-08
   219.880005       7.78061207E-08
   219.994995       7.74422588E-08
   220.110001       7.70575284E-08
   220.225006       7.66520216E-08
   220.339996       7.62258807E-08
   220.455002       7.57792122E-08
   220.570007       7.53121938E-08
   220.684998       7.48249747E-08
   220.800003       7.43177253E-08
   220.914993       7.37906163E-08
   221.029999       7.32438536E-08
   221.145004       7.26776292E-08
   221.259995       7.20921349E-08
   221.375000       7.14875839E-08
   221.490005       7.08641750E-08
   221.604996       7.02221286E-08
   221.720001       6.95616649E-08
   221.835007       6.88829829E-08
   221.949997       6.81862957E-08
   222.065002       6.74718024E-08
   222.179993       6.67397231E-08
   222.294998       6.59902639E-08
   222.410004       6.52236096E-08
   222.524994       6.44399734E-08
   222.639999       6.36395256E-08
   222.755005       6.28224441E-08
   222.869995       6.19889136E-08
   222.985001       6.11390973E-08
   223.100006       6.02731305E-08
   223.214996       5.93911835E-08
   223.330002       5.84933666E-08
   223.445007       5.75798182E-08
   223.559998       5.66506451E-08
   223.675003       5.57059678E-08
   223.789993       5.47458896E-08
   223.904999       5.37704956E-08
   224.020004       5.27798676E-08
   224.134995       5.17740837E-08
   224.250000       5.07532256E-08
   224.365005       4.97173644E-08
   224.479996       4.86665677E-08
   224.595001       4.76009028E-08
   224.710007       4.65204444E-08
   224.824997       4.54252564E-08
   224.940002       4.43154207E-08
   225.054993       4.31910152E-08
   225.169998       4.20521360E-08
   225.285004       4.08988718E-08
   225.399994       3.97313471E-08
   225.514999       3.85496790E-08
   225.630005       3.73540061E-08
   225.744995       3.61444741E-08
   225.860001       3.49212534E-08
   225.975006       3.36845360E-08
   226.089996       3.24345280E-08
   226.205002       3.11714601E-08
   226.320007       2.98955811E-08
   226.434998       2.86071540E-08
   226.550003       2.73064735E-08
   226.664993       2.59938471E-08
   226.779999       2.46696175E-08
   226.895004       2.33341275E-08
   227.009995       2.19877609E-08
   227.125000       2.06309068E-08
   227.240005       1.92639824E-08
   227.354996       1.78874142E-08
   227.470001       1.65016658E-08
   227.585007       1.51071990E-08
   227.699997       1.37045024E-08
   227.815002       1.22940778E-08
   227.929993       1.08764313E-08
   228.044998       9.45209777E-09
   228.160004       8.02161804E-09
   228.274994       6.58552901E-09
   228.389999       5.14438847E-09
   228.505005       3.69875486E-09
   228.619995       2.24919283E-09
   228.735001       7.96264943E-10
   228.850006      -6.59468147E-10
   228.964996      -2.11744644E-09
   229.080002      -3.57710461E-09
   229.195007      -5.03789854E-09
   229.309998      -6.49927712E-09
   229.425003      -7.96070676E-09
   229.539993      -9.42166078E-09
   229.654999      -1.08816147E-08
   229.770004      -1.23400712E-08
   229.884995      -1.37965372E-08
   230.000000      -1.52505262E-08
   230.115005      -1.67015717E-08
   230.229996      -1.81492155E-08
   230.345001      -1.95930276E-08
   230.460007      -2.10325819E-08
   230.574997      -2.24674697E-08
   230.690002      -2.38972966E-08
   230.804993      -2.53216879E-08
   230.919998      -2.67402882E-08
   231.035004      -2.81527530E-08
   231.149994      -2.95587466E-08
   231.264999      -3.09579633E-08
   231.380005      -3.23501048E-08
   231.494995      -3.37348851E-08
   231.610001      -3.51120448E-08
   231.725006      -3.64813317E-08
   231.839996      -3.78425007E-08
   231.955002      -3.91953279E-08
   232.070007      -4.05396037E-08
   232.184998      -4.18751327E-08
   232.300003      -4.32017231E-08
   232.414993      -4.45191972E-08
   232.529999      -4.58273917E-08
   232.645004      -4.71261465E-08
   232.759995      -4.84153233E-08
   232.875000      -4.96947870E-08
   232.990005      -5.09643989E-08
   233.104996      -5.22240491E-08
   233.220001      -5.34735953E-08
   233.335007      -5.47129417E-08
   233.449997      -5.59419568E-08
   233.565002      -5.71605128E-08
   233.679993      -5.83685029E-08
   233.794998      -5.95658030E-08
   233.910004      -6.07522992E-08
   234.024994      -6.19278566E-08
   234.139999      -6.30923509E-08
   234.255005      -6.42456328E-08
   234.369995      -6.53875745E-08
   234.485001      -6.65180124E-08
   234.600006      -6.76367833E-08
   234.714996      -6.87437236E-08
   234.830002      -6.98386486E-08
   234.945007      -7.09213523E-08
   235.059998      -7.19916216E-08
   235.175003      -7.30492502E-08
   235.289993      -7.40939967E-08
   235.404999      -7.51255911E-08
   235.520004      -7.61437846E-08
   235.634995      -7.71482789E-08
   235.750000      -7.81387755E-08
   235.865005      -7.91149617E-08
   235.979996      -8.00765037E-08
   236.095001      -8.10230532E-08
   236.210007      -8.19542407E-08
   236.324997      -8.28697040E-08
   236.440002      -8.37690521E-08
   236.554993      -8.46518873E-08
   236.669998      -8.55178044E-08
   236.785004      -8.63663914E-08
   236.899994      -8.71972290E-08
   237.014999      -8.80099265E-08
   237.130005      -8.88040503E-08
   237.244995      -8.95791956E-08
   237.360001      -9.03349431E-08
   237.475006      -9.10708877E-08
   237.589996      -9.17866387E-08
   237.705002      -9.24818266E-08
   237.820007      -9.31560677E-08
   237.934998      -9.38090068E-08
   238.050003      -9.44403098E-08
   238.164993      -9.50496499E-08
   238.279999      -9.56367288E-08
   238.395004      -9.62012692E-08
   238.509995      -9.67430083E-08
   238.625000      -9.72617329E-08
   238.740005      -9.77572228E-08
   238.854996      -9.82293074E-08
   238.970001      -9.86778304E-08
   239.085007      -9.91026781E-08
   239.199997      -9.95037439E-08
   239.315002      -9.98809639E-08
   239.429993      -1.00234274E-07
   239.544998      -1.00563653E-07
   239.660004      -1.00869094E-07
   239.774994      -1.01150633E-07
   239.889999      -1.01408304E-07
   240.005005      -1.01642165E-07
   240.119995      -1.01852301E-07
   240.235001      -1.02038797E-07
   240.350006      -1.02201774E-07
   240.464996      -1.02341353E-07
   240.580002      -1.02457669E-07
   240.695007      -1.02550864E-07
   240.809998      -1.02621094E-07
   240.925003      -1.02668501E-07
   241.039993      -1.02693235E-07
   241.154999      -1.02695466E-07
   241.270004      -1.02675322E-07
   241.384995      -1.02632960E-07
   241.500000      -1.02568521E-07
   241.615005      -1.02482126E-07
   241.729996      -1.02373882E-07
   241.845001      -1.02243931E-07
   241.960007      -1.02092379E-07
   242.074997      -1.01919312E-07
   242.190002      -1.01724829E-07
   242.304993      -1.01509016E-07
   242.419998      -1.01271937E-07
   242.535004      -1.01013661E-07
   242.649994      -1.00734248E-07
   242.764999      -1.00433759E-07
   242.880005      -1.00112238E-07
   242.994995      -9.97697214E-08
   243.110001      -9.94062361E-08
   243.225006      -9.90218183E-08
   243.339996      -9.86164892E-08
   243.455002      -9.81902559E-08
   243.570007      -9.77431540E-08
   243.684998      -9.72751835E-08
   243.800003      -9.67863656E-08
   243.914993      -9.62767004E-08
   244.029999      -9.57462163E-08
   244.145004      -9.51949346E-08
   244.259995      -9.46228766E-08
   244.375000      -9.40300851E-08
   244.490005      -9.34166025E-08
   244.604996      -9.27824786E-08
   244.720001      -9.21277703E-08
   244.835007      -9.14525913E-08
   244.949997      -9.07569842E-08
   245.065002      -9.00410697E-08
   245.179993      -8.93049688E-08
   245.294998      -8.85488234E-08
   245.410004      -8.77727544E-08
   245.524994      -8.69769252E-08
   245.639999      -8.61615064E-08
   245.755005      -8.53266897E-08
   245.869995      -8.44726529E-08
   245.985001      -8.35996019E-08
   246.100006      -8.27077358E-08
   246.214996      -8.17972889E-08
   246.330002      -8.08684746E-08
   246.445007      -7.99215485E-08
   246.559998      -7.89567522E-08
   246.675003      -7.79743630E-08
   246.789993      -7.69746435E-08
   246.904999      -7.59578924E-08
   247.020004      -7.49243867E-08
   247.134995      -7.38744461E-08
   247.250000      -7.28083904E-08
   247.365005      -7.17265536E-08
   247.479996      -7.06292695E-08
   247.595001      -6.95168794E-08
   247.710007      -6.83897454E-08
   247.824997      -6.72482301E-08
   247.940002      -6.60927100E-08
   248.054993      -6.49235758E-08
   248.169998      -6.37412114E-08
   248.285004      -6.25460288E-08
   248.399994      -6.13384472E-08
   248.514999      -6.01188930E-08
   248.630005      -5.88877924E-08
   248.744995      -5.76456110E-08
   248.860001      -5.63928104E-08
   248.975006      -5.51298669E-08
   249.089996      -5.38572635E-08
   249.205002      -5.25755155E-08
   249.320007      -5.12851344E-08
   249.434998      -4.99866530E-08
   249.550003      -4.86806151E-08
   249.664993      -4.73675819E-08
   249.779999      -4.60481360E-08
   249.895004      -4.47228530E-08
   250.009995      -4.33923368E-08
   250.125000      -4.20571951E-08
   250.240005      -4.07180423E-08
   250.354996      -3.93755144E-08
   250.470001      -3.80302545E-08
   250.585007      -3.66828985E-08
   250.699997      -3.53341107E-08
   250.815002      -3.39845556E-08
   250.929993      -3.26349117E-08
   251.044998      -3.12858539E-08
   251.160004      -2.99380751E-08
   251.274994      -2.85922663E-08
   251.389999      -2.72491274E-08
   251.505005      -2.59093618E-08
   251.619995      -2.45736711E-08
   251.735001      -2.32427659E-08
   251.850006      -2.19173444E-08
   251.964996      -2.05981081E-08
   252.080002      -1.92857588E-08
   252.195007      -1.79809803E-08
   252.309998      -1.66844529E-08
   252.425003      -1.53968571E-08
   252.539993      -1.41188545E-08
   252.654999      -1.28510935E-08
   252.770004      -1.15942234E-08
   252.884995      -1.03488693E-08
   253.000000      -9.11565490E-09
   253.115005      -7.89519117E-09
   253.229996      -6.68806610E-09
   253.345001      -5.49486234E-09
   253.460007      -4.31614433E-09
   253.574997      -3.15246007E-09
   253.690002      -2.00434402E-09
   253.804993      -8.72303285E-10
   253.919998       2.43166293E-10
   254.035004       1.34158584E-09
   254.149994       2.42250242E-09
   254.264999       3.48548523E-09
   254.380005       4.53011095E-09
   254.494995       5.55599211E-09
   254.610001       6.56274191E-09
   254.725006       7.55000507E-09
   254.839996       8.51743742E-09
   254.955002       9.46470102E-09
   255.070007       1.03914886E-08
   255.184998       1.12974892E-08
   255.300003       1.21824080E-08
   255.414993       1.30459608E-08
   255.529999       1.38878695E-08
   255.645004       1.47078554E-08
   255.759995       1.55056608E-08
   255.875000       1.62810192E-08
   255.990005       1.70336705E-08
   256.105011       1.77633463E-08
   256.220001       1.84698035E-08
   256.334991       1.91527771E-08
   256.450012       1.98120169E-08
   256.565002       2.04472457E-08
   256.679993       2.10582165E-08
   256.795013       2.16446399E-08
   256.910004       2.22062635E-08
   257.024994       2.27428032E-08
   257.140015       2.32539819E-08
   257.255005       2.37394921E-08
   257.369995       2.41990445E-08
   257.484985       2.46323335E-08
   257.600006       2.50390411E-08
   257.714996       2.54188581E-08
   257.829987       2.57714561E-08
   257.945007       2.60964974E-08
   258.059998       2.63936215E-08
   258.174988       2.66624998E-08
   258.290009       2.69027751E-08
   258.404999       2.71140852E-08
   258.519989       2.72960694E-08
   258.635010       2.74483494E-08
   258.750000       2.75705467E-08
   258.864990       2.76623009E-08
   258.980011       2.77232335E-08
   259.095001       2.77529715E-08
   259.209991       2.77511383E-08
   259.325012       2.77173573E-08
   259.440002       2.76512395E-08
   259.554993       2.75524208E-08
   259.670013       2.74205316E-08
   259.785004       2.72552168E-08
   259.899994       2.70561209E-08
   260.015015       2.68229030E-08
   260.130005       2.65552167E-08
   260.244995       2.62527511E-08
   260.359985       2.59151722E-08
   260.475006       2.55422155E-08
   260.589996       2.51335877E-08
   260.704987       2.46890348E-08
   260.820007       2.42083065E-08
   260.934998       2.36911948E-08
   261.049988       2.31375008E-08
   261.165009       2.25470416E-08
   261.279999       2.19196732E-08
   261.394989       2.12552731E-08
   261.510010       2.05537400E-08
   261.625000       1.98150207E-08
   261.739990       1.90390725E-08
   261.855011       1.82259008E-08
   261.970001       1.73755286E-08
   262.084991       1.64880216E-08
   262.200012       1.55634758E-08
   262.315002       1.46020094E-08
   262.429993       1.36037768E-08
   262.545013       1.25689503E-08
   262.660004       1.14977547E-08
   262.774994       1.03903970E-08
   262.890015       9.24713994E-09
   263.005005       8.06825451E-09
   263.119995       6.85401513E-09
   263.234985       5.60474289E-09
   263.350006       4.32075087E-09
   263.464996       3.00236680E-09
   263.579987       1.64994696E-09
   263.695007       2.63842836E-10
   263.809998      -1.15558452E-09
   263.924988      -2.60798472E-09
   264.040009      -4.09296685E-09
   264.154999      -5.61016256E-09
   264.269989      -7.15920034E-09
   264.385010      -8.73969608E-09
   264.500000      -1.03512896E-08
   264.614990      -1.19936168E-08
   264.730011      -1.36663205E-08
   264.845001      -1.53690394E-08
   264.959991      -1.71014420E-08
   265.075012      -1.88631937E-08
   265.190002      -2.06539728E-08
   265.304993      -2.24734560E-08
   265.420013      -2.43213538E-08
   265.535004      -2.61973607E-08
   265.649994      -2.81011996E-08
   265.765015      -3.00325986E-08
   265.880005      -3.19912807E-08
   265.994995      -3.39770061E-08
   266.109985      -3.59895012E-08
   266.225006      -3.80285243E-08
   266.339996      -4.00938340E-08
   266.454987      -4.21851887E-08
   266.570007      -4.43023396E-08
   266.684998      -4.64450558E-08
   266.799988      -4.86130958E-08
   266.915009      -5.08062286E-08
   267.029999      -5.30242197E-08
   267.144989      -5.52668205E-08
   267.260010      -5.75337964E-08
   267.375000      -5.98249130E-08
   267.489990      -6.21398968E-08
   267.605011      -6.44785061E-08
   267.720001      -6.68404923E-08
   267.834991      -6.92255568E-08
   267.950012      -7.16334512E-08
   268.065002      -7.40638413E-08
   268.179993      -7.65164501E-08
   268.295013      -7.89909365E-08
   268.410004      -8.14869665E-08
   268.524994      -8.40041849E-08
   268.640015      -8.65422152E-08
   268.755005      -8.91006735E-08
   268.869995      -9.16791407E-08
   268.984985      -9.42771905E-08
   269.100006      -9.68943610E-08
   269.214996      -9.95301903E-08
   269.329987      -1.02184167E-07
   269.445007      -1.04855800E-07
   269.559998      -1.07544537E-07
   269.674988      -1.10249836E-07
   269.790009      -1.12971108E-07
   269.904999      -1.15707749E-07
   270.019989      -1.18459148E-07
   270.135010      -1.21224673E-07
   270.250000      -1.24003662E-07
   270.364990      -1.26795456E-07
   270.480011      -1.29599343E-07
   270.595001      -1.32414627E-07
   270.709991      -1.35240597E-07
   270.825012      -1.38076501E-07
   270.940002      -1.40921600E-07
   271.054993      -1.43775111E-07
   271.170013      -1.46636324E-07
   271.285004      -1.49504402E-07
   271.399994      -1.52378590E-07
   271.515015      -1.55258078E-07
   271.630005      -1.58142072E-07
   271.744995      -1.61029760E-07
   271.859985      -1.63920333E-07
   271.975006      -1.66812967E-07
   272.089996      -1.69706851E-07
   272.204987      -1.72601176E-07
   272.320007      -1.75495103E-07
   272.434998      -1.78387850E-07
   272.549988      -1.81278580E-07
   272.665009      -1.84166481E-07
   272.779999      -1.87050787E-07
   272.894989      -1.89930688E-07
   273.010010      -1.92805416E-07
   273.125000      -1.95674204E-07
   273.239990      -1.98536313E-07
   273.355011      -2.01391003E-07
   273.470001      -2.04237594E-07
   273.584991      -2.07075388E-07
   273.700012      -2.09903732E-07
   273.815002      -2.12721972E-07
   273.929993      -2.15529496E-07
   274.045013      -2.18325724E-07
   274.160004      -2.21110056E-07
   274.274994      -2.23881983E-07
   274.390015      -2.26640978E-07
   274.505005      -2.29386572E-07
   274.619995      -2.32118268E-07
   274.734985      -2.34835639E-07
   274.850006      -2.37538273E-07
   274.964996      -2.40225745E-07
   275.079987      -2.42897698E-07
   275.195007      -2.45553792E-07
   275.309998      -2.48193686E-07
   275.424988      -2.50817038E-07
   275.540009      -2.53423536E-07
   275.654999      -2.56012953E-07
   275.769989      -2.58584919E-07
   275.885010      -2.61139235E-07
   276.000000      -2.63675588E-07
   276.114990      -2.66193723E-07
   276.230011      -2.68693356E-07
   276.345001      -2.71174230E-07
   276.459991      -2.73636061E-07
   276.575012      -2.76078566E-07
   276.690002      -2.78501432E-07
   276.804993      -2.80904374E-07
   276.920013      -2.83287022E-07
   277.035004      -2.85649037E-07
   277.149994      -2.87990076E-07
   277.265015      -2.90309714E-07
   277.380005      -2.92607581E-07
   277.494995      -2.94883250E-07
   277.609985      -2.97136239E-07
   277.725006      -2.99366121E-07
   277.839996      -3.01572413E-07
   277.954987      -3.03754632E-07
   278.070007      -3.05912209E-07
   278.184998      -3.08044662E-07
   278.299988      -3.10151421E-07
   278.415009      -3.12231890E-07
   278.529999      -3.14285529E-07
   278.644989      -3.16311713E-07
   278.760010      -3.18309873E-07
   278.875000      -3.20279327E-07
   278.989990      -3.22219506E-07
   279.105011      -3.24129758E-07
   279.220001      -3.26009427E-07
   279.334991      -3.27857862E-07
   279.450012      -3.29674407E-07
   279.565002      -3.31458438E-07
   279.679993      -3.33209300E-07
   279.795013      -3.34926312E-07
   279.910004      -3.36608878E-07
   280.024994      -3.38256314E-07
   280.140015      -3.39868052E-07
   280.255005      -3.41443439E-07
   280.369995      -3.42981849E-07
   280.484985      -3.44482714E-07
   280.600006      -3.45945438E-07
   280.714996      -3.47369422E-07
   280.829987      -3.48754128E-07
   280.945007      -3.50098958E-07
   281.059998      -3.51403401E-07
   281.174988      -3.52666859E-07
   281.290009      -3.53888879E-07
   281.404999      -3.55068920E-07
   281.519989      -3.56206442E-07
   281.635010      -3.57301019E-07
   281.750000      -3.58352196E-07
   281.864990      -3.59359490E-07
   281.980011      -3.60322503E-07
   282.095001      -3.61240865E-07
   282.209991      -3.62114179E-07
   282.325012      -3.62942103E-07
   282.440002      -3.63724325E-07
   282.554993      -3.64460504E-07
   282.670013      -3.65150356E-07
   282.785004      -3.65793625E-07
   282.899994      -3.66390026E-07
   283.015015      -3.66939332E-07
   283.130005      -3.67441316E-07
   283.244995      -3.67895751E-07
   283.359985      -3.68302409E-07
   283.475006      -3.68661063E-07
   283.589996      -3.68971541E-07
   283.704987      -3.69233646E-07
   283.820007      -3.69447093E-07
   283.934998      -3.69611769E-07
   284.049988      -3.69727445E-07
   284.165009      -3.69793923E-07
   284.279999      -3.69811005E-07
   284.394989      -3.69778490E-07
   284.510010      -3.69696181E-07
   284.625000      -3.69563850E-07
   284.739990      -3.69381297E-07
   284.855011      -3.69148324E-07
   284.970001      -3.68864647E-07
   285.084991      -3.68530067E-07
   285.200012      -3.68144327E-07
   285.315002      -3.67707145E-07
   285.429993      -3.67218234E-07
   285.545013      -3.66677284E-07
   285.660004      -3.66083981E-07
   285.774994      -3.65437984E-07
   285.890015      -3.64738980E-07
   286.005005      -3.63986629E-07
   286.119995      -3.63180561E-07
   286.234985      -3.62320463E-07
   286.350006      -3.61406052E-07
   286.464996      -3.60436957E-07
   286.579987      -3.59412951E-07
   286.695007      -3.58333693E-07
   286.809998      -3.57198957E-07
   286.924988      -3.56008485E-07
   287.040009      -3.54762051E-07
   287.154999      -3.53459427E-07
   287.269989      -3.52100500E-07
   287.385010      -3.50685099E-07
   287.500000      -3.49213053E-07
   287.614990      -3.47684335E-07
   287.730011      -3.46098830E-07
   287.845001      -3.44456566E-07
   287.959991      -3.42757517E-07
   288.075012      -3.41001709E-07
   288.190002      -3.39189228E-07
   288.304993      -3.37320188E-07
   288.420013      -3.35394731E-07
   288.535004      -3.33412970E-07
   288.649994      -3.31375190E-07
   288.765015      -3.29281590E-07
   288.880005      -3.27132454E-07
   288.994995      -3.24927981E-07
   289.109985      -3.22668541E-07
   289.225006      -3.20354445E-07
   289.339996      -3.17986036E-07
   289.454987      -3.15563625E-07
   289.570007      -3.13087611E-07
   289.684998      -3.10558363E-07
   289.799988      -3.07976194E-07
   289.915009      -3.05341445E-07
   290.029999      -3.02654541E-07
   290.144989      -2.99915740E-07
   290.260010      -2.97125439E-07
   290.375000      -2.94283893E-07
   290.489990      -2.91391473E-07
   290.605011      -2.88448433E-07
   290.720001      -2.85455059E-07
   290.834991      -2.82411605E-07
   290.950012      -2.79318328E-07
   291.065002      -2.76175399E-07
   291.179993      -2.72983101E-07
   291.295013      -2.69741520E-07
   291.410004      -2.66450826E-07
   291.524994      -2.63111161E-07
   291.640015      -2.59722611E-07
   291.755005      -2.56285233E-07
   291.869995      -2.52799055E-07
   291.984985      -2.49264133E-07
   292.100006      -2.45680411E-07
   292.214996      -2.42047889E-07
   292.329987      -2.38366539E-07
   292.445007      -2.34636246E-07
   292.559998      -2.30856941E-07
   292.674988      -2.27028508E-07
   292.790009      -2.23150820E-07
   292.904999      -2.19223722E-07
   293.019989      -2.15247042E-07
   293.135010      -2.11220623E-07
   293.250000      -2.07144282E-07
   293.364990      -2.03017791E-07
   293.480011      -1.98840979E-07
   293.595001      -1.94613605E-07
   293.709991      -1.90335470E-07
   293.825012      -1.86006375E-07
   293.940002      -1.81626092E-07
   294.054993      -1.77194465E-07
   294.170013      -1.72711282E-07
   294.285004      -1.68176399E-07
   294.399994      -1.63589661E-07
   294.515015      -1.58950940E-07
   294.630005      -1.54260150E-07
   294.744995      -1.49517192E-07
   294.859985      -1.44722023E-07
   294.975006      -1.39874629E-07
   295.089996      -1.34974997E-07
   295.204987      -1.30023167E-07
   295.320007      -1.25019184E-07
   295.434998      -1.19963175E-07
   295.549988      -1.14855219E-07
   295.665009      -1.09695499E-07
   295.779999      -1.04484187E-07
   295.894989      -9.92215234E-08
   296.010010      -9.39077722E-08
   296.125000      -8.85432456E-08
   296.239990      -8.31282776E-08
   296.355011      -7.76632518E-08
   296.470001      -7.21486018E-08
   296.584991      -6.65847892E-08
   296.700012      -6.09722832E-08
   296.815002      -5.53116202E-08
   296.929993      -4.96033472E-08
   297.045013      -4.38480292E-08
   297.160004      -3.80462488E-08
   297.274994      -3.21986207E-08
   297.390015      -2.63057593E-08
   297.505005      -2.03683026E-08
   297.619995      -1.43868943E-08
   297.734985      -8.36220515E-09
   297.850006      -2.29490293E-09
   297.964996       3.81432130E-09
   298.079987       9.96476679E-09
   298.195007       1.61557185E-08
   298.309998       2.23864358E-08
   298.424988       2.86561725E-08
   298.540009       3.49641738E-08
   298.654999       4.13096686E-08
   298.769989       4.76918594E-08
   298.885010       5.41099574E-08
   299.000000       6.05631456E-08
   299.114990       6.70506353E-08
   299.230011       7.35715915E-08
   299.345001       8.01252185E-08
   299.459991       8.67106991E-08
   299.575012       9.33272233E-08
   299.690002       9.99739953E-08
   299.804993       1.06650226E-07
   299.920013       1.13355121E-07
   300.035004       1.20087890E-07
   300.149994       1.26847766E-07
   300.265015       1.33633947E-07
   300.380005       1.40445664E-07
   300.494995       1.47282137E-07
   300.609985       1.54142569E-07
   300.725006       1.61026179E-07
   300.839996       1.67932171E-07
   300.954987       1.74859736E-07
   301.070007       1.81808119E-07
   301.184998       1.88776525E-07
   301.299988       1.95764159E-07
   301.415009       2.02770266E-07
   301.529999       2.09794081E-07
   301.644989       2.16834835E-07
   301.760010       2.23891789E-07
   301.875000       2.30964218E-07
   301.989990       2.38051356E-07
   302.105011       2.45152478E-07
   302.220001       2.52266858E-07
   302.334991       2.59393744E-07
   302.450012       2.66532368E-07
   302.565002       2.73682048E-07
   302.679993       2.80842016E-07
   302.795013       2.88011506E-07
   302.910004       2.95189778E-07
   303.024994       3.02376094E-07
   303.140015       3.09569714E-07
   303.255005       3.16769871E-07
   303.369995       3.23975769E-07
   303.484985       3.31186726E-07
   303.600006       3.38401918E-07
   303.714996       3.45620606E-07
   303.829987       3.52842051E-07
   303.945007       3.60065513E-07
   304.059998       3.67290198E-07
   304.174988       3.74515423E-07
   304.290009       3.81740364E-07
   304.404999       3.88964366E-07
   304.519989       3.96186664E-07
   304.635010       4.03406489E-07
   304.750000       4.10623102E-07
   304.864990       4.17835821E-07
   304.980011       4.25043851E-07
   305.095001       4.32246452E-07
   305.209991       4.39442857E-07
   305.325012       4.46632356E-07
   305.440002       4.53814152E-07
   305.554993       4.60987479E-07
   305.670013       4.68151541E-07
   305.785004       4.75305541E-07
   305.899994       4.82448684E-07
   306.015015       4.89580088E-07
   306.130005       4.96698988E-07
   306.244995       5.03804472E-07
   306.359985       5.10895632E-07
   306.475006       5.17971557E-07
   306.589996       5.25031282E-07
   306.704987       5.32073784E-07
   306.820007       5.39098210E-07
   306.934998       5.46103422E-07
   307.049988       5.53088455E-07
   307.165009       5.60052172E-07
   307.279999       5.66993606E-07
   307.394989       5.73911620E-07
   307.510010       5.80805136E-07
   307.625000       5.87673014E-07
   307.739990       5.94514120E-07
   307.855011       6.01327372E-07
   307.970001       6.08111691E-07
   308.084991       6.14865826E-07
   308.200012       6.21588640E-07
   308.315002       6.28279054E-07
   308.429993       6.34935816E-07
   308.545013       6.41557733E-07
   308.660004       6.48143725E-07
   308.774994       6.54692542E-07
   308.890015       6.61202932E-07
   309.005005       6.67673817E-07
   309.119995       6.74103831E-07
   309.234985       6.80491837E-07
   309.350006       6.86836529E-07
   309.464996       6.93136769E-07
   309.579987       6.99391251E-07
   309.695007       7.05598666E-07
   309.809998       7.11757707E-07
   309.924988       7.17867181E-07
   310.040009       7.23925609E-07
   310.154999       7.29931799E-07
   310.269989       7.35884214E-07
   310.385010       7.41781548E-07
