   0.00000000       0.00000000    
  0.115000002       0.00000000    
  0.230000004       0.00000000    
  0.344999999       0.00000000    
  0.460000008       0.00000000    
  0.574999988       0.00000000    
  0.689999998       0.00000000    
  0.805000007       0.00000000    
  0.920000017       0.00000000    
   1.03499997       0.00000000    
   1.14999998       0.00000000    
   1.26499999       0.00000000    
   1.38000000       0.00000000    
   1.49500000       0.00000000    
   1.61000001       0.00000000    
   1.72500002       0.00000000    
   1.84000003       0.00000000    
   1.95500004       0.00000000    
   2.06999993       0.00000000    
   2.18499994       0.00000000    
   2.29999995       0.00000000    
   2.41499996       0.00000000    
   2.52999997       0.00000000    
   2.64499998       0.00000000    
   2.75999999       0.00000000    
   2.87500000       0.00000000    
   2.99000001       0.00000000    
   3.10500002       0.00000000    
   3.22000003       0.00000000    
   3.33500004       0.00000000    
   3.45000005       0.00000000    
   3.56500006       0.00000000    
   3.68000007       0.00000000    
   3.79500008       0.00000000    
   3.91000009       0.00000000    
   4.02500010       0.00000000    
   4.13999987       0.00000000    
   4.25500011       0.00000000    
   4.36999989       0.00000000    
   4.48500013       0.00000000    
   4.59999990       0.00000000    
   4.71500015       0.00000000    
   4.82999992       0.00000000    
   4.94500017       0.00000000    
   5.05999994       0.00000000    
   5.17500019       0.00000000    
   5.28999996       0.00000000    
   5.40500021       0.00000000    
   5.51999998       0.00000000    
   5.63500023       0.00000000    
   5.75000000       0.00000000    
   5.86499977       0.00000000    
   5.98000002       0.00000000    
   6.09499979       0.00000000    
   6.21000004       0.00000000    
   6.32499981       0.00000000    
   6.44000006       0.00000000    
   6.55499983       0.00000000    
   6.67000008       0.00000000    
   6.78499985       0.00000000    
   6.90000010       0.00000000    
   7.01499987       0.00000000    
   7.13000011       0.00000000    
   7.24499989       0.00000000    
   7.36000013       0.00000000    
   7.47499990       0.00000000    
   7.59000015       0.00000000    
   7.70499992       0.00000000    
   7.82000017       0.00000000    
   7.93499994       0.00000000    
   8.05000019       0.00000000    
   8.16499996       0.00000000    
   8.27999973       0.00000000    
   8.39500046       0.00000000    
   8.51000023       0.00000000    
   8.62500000       0.00000000    
   8.73999977       0.00000000    
   8.85499954       0.00000000    
   8.97000027       0.00000000    
   9.08500004       0.00000000    
   9.19999981       0.00000000    
   9.31499958       0.00000000    
   9.43000031       0.00000000    
   9.54500008       0.00000000    
   9.65999985       0.00000000    
   9.77499962       0.00000000    
   9.89000034       0.00000000    
   10.0050001      -6.61286758E-41
   10.1199999      -1.29896164E-40
   10.2349997      -1.93663652E-40
   10.3500004      -2.57429738E-40
   10.4650002      -3.21197226E-40
   10.5799999      -3.84964714E-40
   10.6949997      -4.48730801E-40
   10.8100004      -5.12498289E-40
   10.9250002      -5.76265777E-40
   11.0400000      -6.40031863E-40
   11.1549997      -7.37108216E-40
   11.2700005      -7.64587678E-40
   11.3850002      -7.94429731E-40
   11.5000000      -8.24271783E-40
   11.6149998      -8.54113835E-40
   11.7299995      -8.83955887E-40
   11.8450003      -9.13796538E-40
   11.9600000      -6.66615896E-40
   12.0749998      -3.61013721E-40
   12.1899996      -2.05472394E-41
   12.3050003       4.53991275E-40
   12.4200001       1.15538320E-39
   12.5349998       2.18642217E-39
   12.6499996       3.65474614E-39
   12.7650003       5.31031582E-39
   12.8800001       6.86837894E-39
   12.9949999       8.18135357E-39
   13.1099997       9.37658829E-39
   13.2250004       1.15460463E-38
   13.3400002       1.46152501E-38
   13.4549999       1.91884535E-38
   13.5699997       2.61844613E-38
   13.6850004       3.60256879E-38
   13.8000002       2.15093387E-38
   13.9150000       8.52581515E-39
   14.0299997      -4.91234986E-39
   14.1450005       5.69665381E-39
   14.2600002       1.06848405E-38
   14.3750000       3.30945919E-39
   14.4899998      -1.96836598E-38
   14.6049995      -1.82157884E-38
   14.7200003      -1.91266030E-38
   14.8350000      -1.80995059E-38
   14.9499998      -2.48998181E-38
   15.0649996      -3.86110248E-38
   15.1800003      -5.44198967E-38
   15.2950001      -8.43066726E-38
   15.4099998      -1.06344529E-37
   15.5249996      -1.17474998E-37
   15.6400003      -1.91422303E-37
   15.7550001      -2.53138312E-37
   15.8699999      -3.30039464E-37
   15.9849997      -2.46283295E-37
   16.1000004      -2.48478087E-37
   16.2150002      -8.60225402E-38
   16.3299999       6.03066507E-38
   16.4449997       1.79547419E-37
   16.5599995       1.89864821E-37
   16.6749992       1.65877103E-37
   16.7900009       2.64371793E-37
   16.9050007       3.19463742E-37
   17.0200005       3.19210544E-37
   17.1350002       6.72134266E-37
   17.2500000       1.97669179E-36
   17.3649998       4.79434311E-36
   17.4799995       9.10477987E-36
   17.5949993       1.48721416E-35
   17.7099991       2.10872781E-35
   17.8250008       2.76535620E-35
   17.9400005       3.38586511E-35
   18.0550003       3.81550973E-35
   18.1700001       4.05027714E-35
   18.2849998       4.11475283E-35
   18.3999996       3.93780420E-35
   18.5149994       3.42493911E-35
   18.6299992       2.57650339E-35
   18.7450008       1.39326042E-35
   18.8600006      -9.59403814E-37
   18.9750004      -1.84599693E-35
   19.0900002      -3.68568706E-35
   19.2049999      -5.44392613E-35
   19.3199997      -6.92651953E-35
   19.4349995      -7.81923173E-35
   19.5499992      -7.68468239E-35
   19.6650009      -6.21223682E-35
   19.7800007      -2.91058084E-35
   19.8950005       2.56635987E-35
   20.0100002       1.05673900E-34
   20.1250000       2.10874457E-34
   20.2399998       3.39742548E-34
   20.3549995       4.86313171E-34
   20.4699993       6.43402103E-34
   20.5849991       7.96041468E-34
   20.7000008       9.27790967E-34
   20.8150005       1.01695534E-33
   20.9300003       1.03830874E-33
   21.0450001       9.62740802E-34
   21.1599998       7.61953418E-34
   21.2749996       4.12100493E-34
   21.3899994      -1.08812768E-34
   21.5049992      -8.13753229E-34
   21.6200008      -1.70508449E-33
   21.7350006      -2.76959106E-33
   21.8500004      -3.97683918E-33
   21.9650002      -5.27813604E-33
   22.0799999      -6.60237928E-33
   22.1949997      -7.85801296E-33
   22.3099995      -8.93609483E-33
   22.4249992      -9.71473421E-33
   22.5400009      -1.00638193E-32
   22.6550007      -9.85119955E-33
   22.7700005      -8.95073267E-33
   22.8850002      -7.25930798E-33
   23.0000000      -4.70071889E-33
   23.1149998      -1.24394100E-33
   23.2299995       3.09110750E-33
   23.3449993       8.22451814E-33
   23.4599991       1.40094036E-32
   23.5750008       2.02285827E-32
   23.6900005       2.65975727E-32
   23.8050003       3.27674663E-32
   23.9200001       3.83394477E-32
   24.0349998       4.28751514E-32
   24.1499996       4.59186885E-32
   24.2649994       4.70133147E-32
   24.3799992       4.57258986E-32
   24.4950008       4.16668931E-32
   24.6100006       3.45105893E-32
   24.7250004       2.40126224E-32
   24.8400002       1.00223082E-32
   24.9549999      -7.50802862E-33
   25.0699997      -2.85196941E-32
   25.1849995      -5.28442310E-32
   25.2999992      -8.01972499E-32
   25.4150009      -1.10173102E-31
   25.5300007      -1.42228292E-31
   25.6450005      -1.75658705E-31
   25.7600002      -2.09547008E-31
   25.8750000      -2.42703613E-31
   25.9899998      -2.73583239E-31
   26.1049995      -3.00176400E-31
   26.2199993      -3.19893061E-31
   26.3349991      -3.29440638E-31
   26.4500008      -3.24712800E-31
   26.5650005      -3.00702011E-31
   26.6800003      -2.51479454E-31
   26.7950001      -1.70248657E-31
   26.9099998      -4.95194451E-32
   27.0249996       1.18571281E-31
   27.1399994       3.41769693E-31
   27.2549992       6.27012966E-31
   27.3700008       9.79534647E-31
   27.4850006       1.40177429E-30
   27.6000004       1.89210241E-30
   27.7150002       2.44342977E-30
   27.8299999       3.04176034E-30
   27.9449997       3.66480093E-30
   28.0599995       4.28074794E-30
   28.1749992       4.84740806E-30
   28.2900009       5.31182688E-30
   28.4050007       5.61058977E-30
   28.5200005       5.67098423E-30
   28.6350002       5.41316653E-30
   28.7500000       4.75344261E-30
   28.8649998       3.60874396E-30
   28.9799995       1.90226978E-30
   29.0949993      -4.29792708E-31
   29.2099991      -3.43069174E-30
   29.3250008      -7.11497729E-30
   29.4400005      -1.14602680E-29
   29.5550003      -1.63994214E-29
   29.6700001      -2.18137927E-29
   29.7849998      -2.75282345E-29
   29.8999996      -3.33085913E-29
   30.0149994      -3.88623864E-29
   30.1299992      -4.38433348E-29
   30.2450008      -4.78601746E-29
   30.3600006      -5.04901072E-29
   30.4750004      -5.12968431E-29
   30.5900002      -4.98529945E-29
   30.7049999      -4.57661170E-29
   30.8199997      -3.87073671E-29
   30.9349995      -2.84413029E-29
   31.0499992      -1.48551009E-29
   31.1650009       2.01495305E-30
   31.2800007       2.19619329E-29
   31.3950005       4.45940472E-29
   31.5100002       6.93298789E-29
   31.6250000       9.54051287E-29
   31.7399998       1.21892106E-28
   31.8549995       1.47732886E-28
   31.9699993       1.71785789E-28
   32.0849991       1.92884063E-28
   32.2000008       2.09904384E-28
   32.3149986       2.21841611E-28
   32.4300003       2.27884890E-28
   32.5449982       2.27489858E-28
   32.6599998       2.20439847E-28
   32.7750015       2.06889606E-28
   32.8899994       1.87384630E-28
   33.0050011       1.62849606E-28
   33.1199989       1.34541241E-28
   33.2350006       1.03961915E-28
   33.3499985       7.27337916E-29
   33.4650002       4.24350196E-29
   33.5800018       1.44044529E-29
   33.6949997      -1.04760696E-29
   33.8100014      -3.20084622E-29
   33.9249992      -5.08972608E-29
   34.0400009      -6.89404198E-29
   34.1549988      -8.91700087E-29
   34.2700005      -1.15919135E-28
   34.3849983      -1.54792214E-28
   34.5000000      -2.12517751E-28
   34.6150017      -2.96666613E-28
   34.7299995      -4.15225248E-28
   34.8450012      -5.76020898E-28
   34.9599991      -7.86006436E-28
   35.0750008      -1.05042309E-27
   35.1899986      -1.37187245E-27
   35.3050003      -1.74934162E-27
   35.4199982      -2.17723780E-27
   35.5349998      -2.64449961E-27
   35.6500015      -3.13386069E-27
   35.7649994      -3.62135111E-27
   35.8800011      -4.07611248E-27
   35.9949989      -4.46061360E-27
   36.1100006      -4.73133272E-27
   36.2249985      -4.83996017E-27
   36.3400002      -4.73515530E-27
   36.4550018      -4.36486291E-27
   36.5699997      -3.67915828E-27
   36.6850014      -2.63355243E-27
   36.7999992      -1.19265947E-27
   36.9150009       6.65928219E-28
   37.0299988       2.94773920E-27
   37.1450005       5.63771579E-27
   37.2599983       8.69694650E-27
   37.3750000       1.20601017E-26
   37.4900017       1.56338396E-26
   37.6049995       1.92964375E-26
   37.7200012       2.28988756E-26
   37.8349991       2.62675582E-26
   37.9500008       2.92087830E-26
   38.0649986       3.15150178E-26
   38.1800003       3.29728852E-26
   38.2949982       3.33727329E-26
   38.4099998       3.25194812E-26
   38.5250015       3.02443539E-26
   38.6399994       2.64170073E-26
   38.7550011       2.09574134E-26
   38.8699989       1.38468370E-26
   38.9850006       5.13718509E-27
   39.0999985      -5.04205301E-27
   39.2150002      -1.64799607E-26
   39.3300018      -2.88841143E-26
   39.4449997      -4.18847639E-26
   39.5600014      -5.50436571E-26
   39.6749992      -6.78676142E-26
   39.7900009      -7.98266839E-26
   39.9049988      -9.03765707E-26
   40.0200005      -9.89844730E-26
   40.1349983      -1.05157340E-25
   40.2500000      -1.08471283E-25
   40.3650017      -1.08600385E-25
   40.4799995      -1.05343327E-25
   40.5950012      -9.86456326E-26
   40.7099991      -8.86159749E-26
   40.8250008      -7.55343130E-26
   40.9399986      -5.98505441E-26
   41.0550003      -4.21723191E-26
   41.1699982      -2.32411180E-26
   41.2849998      -3.89671518E-27
   41.4000015       1.49695170E-26
   41.5149994       3.24712682E-26
   41.6300011       4.77913291E-26
   41.7449989       6.02503486E-26
   41.8600006       6.93761813E-26
   41.9749985       7.49695379E-26
   42.0900002       7.71609318E-26
   42.2050018       7.64538043E-26
   42.3199997       7.37484305E-26
   42.4350014       7.03420490E-26
   42.5499992       6.79009374E-26
   42.6650009       6.84016545E-26
   42.7799988       7.40395880E-26
   42.8950005       8.71054480E-26
   43.0099983       1.09831378E-25
   43.1250000       1.44211921E-25
   43.2400017       1.91806106E-25
   43.3549995       2.53530133E-25
   43.4700012       3.29451364E-25
   43.5849991       4.18597552E-25
   43.7000008       5.18794424E-25
   43.8149986       6.26547203E-25
   43.9300003       7.36980482E-25
   44.0449982       8.43850131E-25
   44.1599998       9.39638454E-25
   44.2750015       1.01574184E-24
   44.3899994       1.06275420E-24
   44.5050011       1.07084762E-24
   44.6199989       1.03024248E-24
   44.7350006       9.31756550E-25
   44.8499985       7.67413799E-25
   44.9650002       5.31089117E-25
   45.0800018       2.19158255E-25
   45.1949997      -1.68881167E-25
   45.3100014      -6.29856376E-25
   45.4249992      -1.15647433E-24
   45.5400009      -1.73702478E-24
   45.6549988      -2.35526848E-24
   45.7700005      -2.99054329E-24
   45.8849983      -3.61811449E-24
   46.0000000      -4.20978423E-24
   46.1150017      -4.73476248E-24
   46.2299995      -5.16078957E-24
   46.3450012      -5.45548829E-24
   46.4599991      -5.58789741E-24
   46.5750008      -5.53013701E-24
   46.6899986      -5.25912897E-24
   46.8050003      -4.75830012E-24
   46.9199982      -4.01915954E-24
   47.0349998      -3.04266964E-24
   47.1500015      -1.84030462E-24
   47.2649994      -4.34704514E-25
   47.3800011       1.14015181E-24
   47.4949989       2.83932438E-24
   47.6100006       4.60788406E-24
   47.7249985       6.38249017E-24
   47.8400002       8.09355748E-24
   47.9550018       9.66796923E-24
   48.0699997       1.10322497E-23
   48.1850014       1.21160610E-23
   48.2999992       1.28559060E-23
   48.4150009       1.31988152E-23
   48.5299988       1.31058629E-23
   48.6450005       1.25552680E-23
   48.7599983       1.15448957E-23
   48.8750000       1.00939368E-23
   48.9900017       8.24361460E-24
   49.1049995       6.05676753E-24
   49.2200012       3.61622122E-24
   49.3349991       1.02192996E-24
   49.4500008      -1.61309473E-24
   49.5649986      -4.16793121E-24
   49.6800003      -6.51980404E-24
   49.7949982      -8.55078126E-24
   49.9099998      -1.01547950E-23
   50.0250015      -1.12446127E-23
   50.1399994      -1.17583276E-23
   50.2550011      -1.16649753E-23
   50.3699989      -1.09688127E-23
   50.4850006      -9.71189222E-24
   50.5999985      -7.97462171E-24
   50.7150002      -5.87400266E-24
   50.8300018      -3.55950212E-24
   50.9449997      -1.20646227E-24
   51.0600014       9.92722482E-25
   51.1749992       2.83941628E-24
   51.2900009       4.14109574E-24
   51.4049988       4.72459564E-24
   51.5200005       4.44956323E-24
   51.6349983       3.22132061E-24
   51.7500000       1.00222875E-24
   51.8650017      -2.17934974E-24
   51.9799995      -6.22325623E-24
   52.0950012      -1.09557697E-23
   52.2099991      -1.61323586E-23
   52.3250008      -2.14453636E-23
   52.4399986      -2.65368107E-23
   52.5550003      -3.10160229E-23
   52.6699982      -3.44817192E-23
   52.7849998      -3.65475692E-23
   52.9000015      -3.68702417E-23
   53.0149994      -3.51783307E-23
   53.1300011      -3.13005997E-23
   53.2449989      -2.51915157E-23
   53.3600006      -1.69522485E-23
   53.4749985      -6.84516064E-24
   53.5900002       4.70005339E-24
   53.7050018       1.70900089E-23
   53.8199997       2.95823660E-23
   53.9350014       4.13121313E-23
   54.0499992       5.13296045E-23
   54.1650009       5.86493912E-23
   54.2799988       6.23090684E-23
   54.3950005       6.14351999E-23
   54.5099983       5.53141757E-23
   54.6250000       4.34640586E-23
   54.7400017       2.57036631E-23
   54.8549995       2.21410024E-24
   54.9700012      -2.64113976E-23
   55.0849991      -5.91341179E-23
   55.2000008      -9.44572266E-23
   55.3149986      -1.30437280E-22
   55.4300003      -1.64722929E-22
   55.5449982      -1.94622146E-22
   55.6599998      -2.17198575E-22
   55.7750015      -2.29395677E-22
   55.8899994      -2.28185830E-22
   56.0050011      -2.10740038E-22
   56.1199989      -1.74611761E-22
   56.2350006      -1.17927725E-22
   56.3499985      -3.95762996E-23
   56.4650002       6.06161729E-23
   56.5800018       1.81731704E-22
   56.6949997       3.21640225E-22
   56.8100014       4.76922130E-22
   56.9249992       6.42844140E-22
   57.0400009       8.13394050E-22
   57.1549988       9.81382447E-22
   57.2700005       1.13861219E-21
   57.3849983       1.27611613E-21
   57.5000000       1.38446073E-21
   57.6150017       1.45410657E-21
   57.7299995       1.47581784E-21
   57.8450012       1.44110413E-21
   57.9599991       1.34268084E-21
   58.0750008       1.17492655E-21
   58.1899986       9.34317062E-22
   58.3050003       6.19815460E-22
   58.4199982       2.33193670E-22
   58.5349998      -2.20732596E-22
   58.6500015      -7.33975371E-22
   58.7649994      -1.29536777E-21
   58.8800011      -1.89069012E-21
   58.9949989      -2.50293241E-21
   59.1100006      -3.11269761E-21
   59.2249985      -3.69873407E-21
   59.3400002      -4.23858615E-21
   59.4550018      -4.70934723E-21
   59.5699997      -5.08848030E-21
   59.6850014      -5.35468423E-21
   59.7999992      -5.48876867E-21
   59.9150009      -5.47449657E-21
   60.0299988      -5.29936006E-21
   60.1450005      -4.95524767E-21
   60.2599983      -4.43897428E-21
   60.3750000      -3.75263813E-21
   60.4900017      -2.90377897E-21
   60.6049995      -1.90533017E-21
   60.7200012      -7.75351164E-22
   60.8349991       4.63455353E-22
   60.9500008       1.78442366E-21
   61.0649986       3.15777895E-21
   61.1800003       4.55163039E-21
   61.2949982       5.93305796E-21
   61.4099998       7.26924384E-21
   61.5250015       8.52858754E-21
   61.6399994       9.68175648E-21
   61.7550011       1.07026040E-20
   61.8699989       1.15689133E-20
   61.9850006       1.22629154E-20
   62.0999985       1.27715515E-20
   62.2150002       1.30864537E-20
   62.3300018       1.32036460E-20
   62.4449997       1.31229765E-20
   62.5600014       1.28472991E-20
   62.6749992       1.23814616E-20
   62.7900009       1.17311708E-20
   62.9049988       1.09017825E-20
   63.0200005       9.89713687E-21
   63.1349983       8.71850466E-21
   63.2500000       7.36375164E-21
   63.3650017       5.82681291E-21
   63.4799995       4.09754175E-21
   63.5950012       2.16201465E-21
   63.7099991       3.32448113E-24
   63.8250008      -2.39711247E-21
   63.9399986      -5.05775708E-21
   64.0550003      -7.99468931E-21
   64.1699982      -1.12189715E-20
   64.2850037      -1.47337427E-20
   64.4000015      -1.85311819E-20
   64.5149994      -2.25894850E-20
   64.6299973      -2.68700655E-20
   64.7450027      -3.13151387E-20
   64.8600006      -3.58459042E-20
   64.9749985      -4.03615122E-20
   65.0899963      -4.47389391E-20
   65.2050018      -4.88339646E-20
   65.3199997      -5.24833045E-20
   65.4349976      -5.55079485E-20
   65.5500031      -5.77177163E-20
   65.6650009      -5.89169666E-20
   65.7799988      -5.89112539E-20
   65.8949966      -5.75148632E-20
   66.0100021      -5.45588880E-20
   66.1250000      -4.98995412E-20
   66.2399979      -4.34264749E-20
   66.3550034      -3.50706000E-20
   66.4700012      -2.48111694E-20
   66.5849991      -1.26816853E-20
   66.6999969       1.22568901E-21
   66.8150024       1.67574239E-20
   66.9300003       3.36979746E-20
   67.0449982       5.17712215E-20
   67.1600037       7.06441194E-20
   67.2750015       8.99324850E-20
   67.3899994       1.09208843E-19
   67.5049973       1.28011990E-19
   67.6200027       1.45858102E-19
   67.7350006       1.62252821E-19
   67.8499985       1.76704029E-19
   67.9649963       1.88734724E-19
   68.0800018       1.97895517E-19
   68.1949997       2.03776280E-19
   68.3099976       2.06016518E-19
   68.4250031       2.04314038E-19
   68.5400009       1.98431788E-19
   68.6549988       1.88202472E-19
   68.7699966       1.73531209E-19
   68.8850021       1.54396001E-19
   69.0000000       1.30846531E-19
   69.1149979       1.03001454E-19
   69.2300034       7.10446881E-20
   69.3450012       3.52212374E-20
   69.4599991      -4.16693001E-21
   69.5749969      -4.67643522E-20
   69.6900024      -9.21645026E-20
   69.8050003      -1.39910492E-19
   69.9199982      -1.89493999E-19
   70.0350037      -2.40352242E-19
   70.1500015      -2.91862821E-19
   70.2649994      -3.43337262E-19
   70.3799973      -3.94012906E-19
   70.4950027      -4.43044864E-19
   70.6100006      -4.89498190E-19
   70.7249985      -5.32341751E-19
   70.8399963      -5.70445154E-19
   70.9550018      -6.02579570E-19
   71.0699997      -6.27424405E-19
   71.1849976      -6.43580276E-19
   71.3000031      -6.49590312E-19
   71.4150009      -6.43969464E-19
   71.5299988      -6.25243439E-19
   71.6449966      -5.91996414E-19
   71.7600021      -5.42927388E-19
   71.8750000      -4.76914601E-19
   71.9899979      -3.93085817E-19
   72.1050034      -2.90893339E-19
   72.2200012      -1.70190007E-19
   72.3349991      -3.13042464E-20
   72.4499969       1.24889810E-19
   72.5650024       2.96911001E-19
   72.6800003       4.82622199E-19
   72.7949982       6.79197432E-19
   72.9100037       8.83109913E-19
   73.0250015       1.09014247E-18
   73.1399994       1.29542512E-18
   73.2549973       1.49350045E-18
   73.3700027       1.67841884E-18
   73.4850006       1.84386334E-18
   73.5999985       1.98330283E-18
   73.7149963       2.09017270E-18
   73.8300018       2.15807658E-18
   73.9449997       2.18100851E-18
   74.0599976       2.15358375E-18
   74.1750031       2.07127783E-18
   74.2900009       1.93066044E-18
   74.4049988       1.72961615E-18
   74.5199966       1.46754693E-18
   74.6350021       1.14554134E-18
   74.7500000       7.66505312E-19
   74.8649979       3.35245394E-19
   74.9800034      -1.41503551E-19
   75.0950012      -6.55111432E-19
   75.2099991      -1.19515098E-18
   75.3249969      -1.74956310E-18
   75.4400024      -2.30488935E-18
   75.5550003      -2.84656713E-18
   75.6699982      -3.35928573E-18
   75.7850037      -3.82739240E-18
   75.9000015      -4.23533844E-18
   76.0149994      -4.56815622E-18
   76.1299973      -4.81194702E-18
   76.2450027      -4.95437098E-18
   76.3600006      -4.98511729E-18
   76.4749985      -4.89633806E-18
   76.5899963      -4.68303382E-18
   76.7050018      -4.34336989E-18
   76.8199997      -3.87891211E-18
   76.9349976      -3.29476771E-18
   77.0500031      -2.59962580E-18
   77.1650009      -1.80568771E-18
   77.2799988      -9.28485836E-19
   77.3949966       1.34078643E-20
   77.5100021       9.98777990E-19
   77.6250000       2.00426007E-18
   77.7399979       3.00491845E-18
   77.8550034       3.97489484E-18
   77.9700012       4.88810637E-18
   78.0849991       5.71897828E-18
   78.1999969       6.44318111E-18
   78.3150024       7.03836072E-18
   78.4300003       7.48482815E-18
   78.5449982       7.76619859E-18
   78.6600037       7.86994607E-18
   78.7750015       7.78787569E-18
   78.8899994       7.51647029E-18
   79.0049973       7.05713027E-18
   79.1200027       6.41627623E-18
   79.2350006       5.60531539E-18
   79.3499985       4.64047414E-18
   79.4649963       3.54250065E-18
   79.5800018       2.33623081E-18
   79.6949997       1.05004623E-18
   79.8099976      -2.84781354E-19
   79.9250031      -1.63483170E-18
   80.0400009      -2.96535233E-18
   80.1549988      -4.24113202E-18
   80.2699966      -5.42740538E-18
   80.3850021      -6.49077542E-18
   80.5000000      -7.40012568E-18
   80.6149979      -8.12750529E-18
   80.7300034      -8.64896574E-18
   80.8450012      -8.94532140E-18
   80.9599991      -9.00282699E-18
   81.0749969      -8.81374260E-18
   81.1900024      -8.37677038E-18
   81.3050003      -7.69735235E-18
   81.4199982      -6.78781267E-18
   81.5350037      -5.66733201E-18
   81.6500015      -4.36174777E-18
   81.7649994      -2.90317503E-18
   81.8799973      -1.32944716E-18
   81.9950027       3.16625067E-19
   82.1100006       1.98816355E-18
   82.2249985       3.63529418E-18
   82.3399963       5.20635873E-18
   82.4550018       6.64925413E-18
   82.5699997       7.91285772E-18
   82.6849976       8.94852424E-18
   82.8000031       9.71160828E-18
   82.9150009       1.01629710E-17
   83.0299988       1.02704358E-17
   83.1449966       1.00101477E-17
   83.2600021       9.36778487E-18
   83.3750000       8.33958365E-18
   83.4899979       6.93313094E-18
   83.6050034       5.16789277E-18
   83.7200012       3.07543436E-18
   83.8349991       6.99307951E-19
   83.9499969      -1.90540537E-18
   84.0650024      -4.67292195E-18
   84.1800003      -7.52793914E-18
   84.2949982      -1.03871758E-17
   84.4100037      -1.31612492E-17
   84.5250015      -1.57568427E-17
   84.6399994      -1.80791440E-17
   84.7549973      -2.00344881E-17
   84.8700027      -2.15331376E-17
   84.9850006      -2.24921410E-17
   85.0999985      -2.28381887E-17
   85.2149963      -2.25103836E-17
   85.3300018      -2.14628454E-17
   85.4449997      -1.96670512E-17
   85.5599976      -1.71138408E-17
   85.6750031      -1.38150189E-17
   85.7900009      -9.80443449E-18
   85.9049988      -5.13853737E-18
   86.0199966       1.03688996E-19
   86.1350021       5.82144031E-18
   86.2500000       1.18934576E-17
   86.3649979       1.81800915E-17
   86.4800034       2.45259945E-17
   86.5950012       3.07634657E-17
   86.7099991       3.67163339E-17
   86.8249969       4.22043794E-17
   86.9400024       4.70481009E-17
   87.0550003       5.10738103E-17
   87.1699982       5.41188474E-17
   87.2850037       5.60368344E-17
   87.4000015       5.67027479E-17
   87.5149994       5.60177365E-17
   87.6299973       5.39133857E-17
   87.7450027       5.03554337E-17
   87.8600006       4.53466533E-17
   87.9749985       3.89288302E-17
   88.0899963       3.11837132E-17
   88.2050018       2.22328232E-17
   88.3199997       1.22360899E-17
   88.4349976       1.38928675E-18
   88.5500031      -1.00797491E-17
   88.6650009      -2.19160163E-17
   88.7799988      -3.38433073E-17
   88.8949966      -4.55710674E-17
   89.0100021      -5.68020030E-17
   89.1250000      -6.72402017E-17
   89.2399979      -7.65995717E-17
   89.3550034      -8.46122850E-17
   89.4700012      -9.10370365E-17
   89.5849991      -9.56667466E-17
   89.6999969      -9.83355687E-17
   89.8150024      -9.89247794E-17
   89.9300003      -9.73675027E-17
   90.0449982      -9.36519728E-17
   90.1600037      -8.78231818E-17
   90.2750015      -7.99828926E-17
   90.3899994      -7.02878792E-17
   90.5049973      -5.89465051E-17
   90.6200027      -4.62136081E-17
   90.7350006      -3.23839390E-17
   90.8499985      -1.77842095E-17
   90.9649963      -2.76410839E-18
   91.0800018       1.23135281E-17
   91.1949997       2.70830645E-17
   91.3099976       4.11865966E-17
   91.4250031       5.42843299E-17
   91.5400009       6.60645266E-17
   91.6549988       7.62526124E-17
   91.7699966       8.46192598E-17
   91.8850021       9.09871079E-17
   92.0000000       9.52359443E-17
   92.1149979       9.73061855E-17
   92.2300034       9.72005578E-17
   92.3450012       9.49838792E-17
   92.4599991       9.07810804E-17
   92.5749969       8.47733073E-17
   92.6900024       7.71924815E-17
   92.8050003       6.83142991E-17
   92.9199982       5.84499784E-17
   93.0350037       4.79369429E-17
   93.1500015       3.71287595E-17
   93.2649994       2.63845899E-17
   93.3799973       1.60584708E-17
   93.4950027       6.48871823E-18
   93.6100006      -2.01226325E-18
   93.7249985      -9.16744834E-18
   93.8399963      -1.47437433E-17
   93.9550018      -1.85593472E-17
   94.0699997      -2.04897535E-17
   94.1849976      -2.04722040E-17
   94.3000031      -1.85085583E-17
   94.4150009      -1.46663937E-17
   94.5299988      -9.07839987E-18
   94.6449966      -1.94006093E-18
   94.7600021       6.49435877E-18
   94.8750000       1.59173604E-17
   94.9899979       2.59752315E-17
   95.1050034       3.62762837E-17
   95.2200012       4.64001340E-17
   95.3349991       5.59078803E-17
   95.4499969       6.43528319E-17
   95.5650024       7.12916000E-17
   95.6800003       7.62952288E-17
   95.7949982       7.89602790E-17
   95.9100037       7.89193633E-17
   96.0250015       7.58513107E-17
   96.1399994       6.94902389E-17
   96.2549973       5.96339451E-17
   96.3700027       4.61509806E-17
   96.4850006       2.89867909E-17
   96.5999985       8.16843833E-18
   96.7149963      -1.61918405E-17
   96.8300018      -4.38943061E-17
   96.9449997      -7.46505886E-17
   97.0599976      -1.08083819E-16
   97.1750031      -1.43729805E-16
   97.2900009      -1.81039277E-16
   97.4049988      -2.19381269E-16
   97.5199966      -2.58047555E-16
   97.6350021      -2.96258191E-16
   97.7500000      -3.33168101E-16
   97.8649979      -3.67875276E-16
   97.9800034      -3.99430139E-16
   98.0950012      -4.26846584E-16
   98.2099991      -4.49115186E-16
   98.3249969      -4.65217759E-16
   98.4400024      -4.74145062E-16
   98.5550003      -4.74916021E-16
   98.6699982      -4.66600222E-16
   98.7850037      -4.48342268E-16
   98.9000015      -4.19389094E-16
   99.0149994      -3.79118792E-16
   99.1299973      -3.27071688E-16
   99.2450027      -2.62982395E-16
   99.3600006      -1.86812058E-16
   99.4749985      -9.87800492E-17
   99.5899963       6.06048713E-19
   99.7050018       1.10523440E-16
   99.8199997       2.29811897E-16
   99.9349976       3.56957233E-16
   100.050003       4.90082305E-16
   100.165001       6.26947371E-16
   100.279999       7.64960378E-16
   100.394997       9.01199222E-16
   100.510002       1.03244666E-15
   100.625000       1.15523838E-15
   100.739998       1.26592430E-15
   100.855003       1.36074414E-15
   100.970001       1.43591471E-15
   101.084999       1.48772941E-15
   101.199997       1.51266680E-15
   101.315002       1.50750731E-15
   101.430000       1.46945372E-15
   101.544998       1.39625366E-15
   101.660004       1.28631895E-15
   101.775002       1.13883929E-15
   101.889999       9.53884671E-16
   102.004997       7.32492652E-16
   102.120003       4.76736824E-16
   102.235001       1.89771829E-16
   102.349998      -1.24148851E-16
   102.464996      -4.59684992E-16
   102.580002      -8.10454253E-16
   102.695000      -1.16911077E-15
   102.809998      -1.52745970E-15
   102.925003      -1.87660488E-15
   103.040001      -2.20713090E-15
   103.154999      -2.50931541E-15
   103.269997      -2.77336819E-15
   103.385002      -2.98969257E-15
   103.500000      -3.14916304E-15
   103.614998      -3.24341197E-15
   103.730003      -3.26511974E-15
   103.845001      -3.20829547E-15
   103.959999      -3.06854583E-15
   104.074997      -2.84331850E-15
   104.190002      -2.53211330E-15
   104.305000      -2.13665226E-15
   104.419998      -1.66100154E-15
   104.535004      -1.11163725E-15
   104.650002      -4.97449003E-16
   104.764999       1.70320300E-16
   104.879997       8.78205348E-16
   104.995003       1.61071796E-15
   105.110001       2.35061553E-15
   105.224998       3.07923581E-15
   105.339996       3.77689238E-15
   105.455002       4.42332506E-15
   105.570000       4.99819277E-15
   105.684998       5.48160675E-15
   105.800003       5.85467903E-15
   105.915001       6.10008480E-15
   106.029999       6.20261560E-15
   106.144997       6.14971331E-15
   106.260002       5.93196401E-15
   106.375000       5.54354095E-15
   106.489998       4.98258026E-15
   106.605003       4.25146970E-15
   106.720001       3.35704992E-15
   106.834999       2.31070228E-15
   106.949997       1.12833100E-15
   107.065002      -1.69780859E-16
   107.180000      -1.55923286E-15
   107.294998      -3.01189309E-15
   107.410004      -4.49640029E-15
   107.525002      -5.97877443E-15
   107.639999      -7.42313078E-15
   107.754997      -8.79247220E-15
   107.870003      -1.00495538E-14
   107.985001      -1.11577931E-14
   108.099998      -1.20822033E-14
   108.214996      -1.27903330E-14
   108.330002      -1.32531722E-14
   108.445000      -1.34460119E-14
   108.559998      -1.33492350E-14
   108.675003      -1.29489925E-14
   108.790001      -1.22377745E-14
   108.904999      -1.12148196E-14
   109.019997      -9.88638306E-15
   109.135002      -8.26582184E-15
   109.250000      -6.37350365E-15
   109.364998      -4.23653651E-15
   109.480003      -1.88831257E-15
   109.595001       6.32116813E-16
   109.709999       3.28083008E-15
   109.824997       6.00996007E-15
   109.940002       8.76874426E-15
   110.055000       1.15046615E-14
   110.169998       1.41646381E-14
   110.285004       1.66962645E-14
   110.400002       1.90490358E-14
   110.514999       2.11755137E-14
   110.629997       2.30324386E-14
   110.745003       2.45817161E-14
   110.860001       2.57912706E-14
   110.974998       2.66357184E-14
   111.089996       2.70968652E-14
   111.205002       2.71639824E-14
   111.320000       2.68338716E-14
   111.434998       2.61107088E-14
   111.550003       2.50056713E-14
   111.665001       2.35363622E-14
   111.779999       2.17260376E-14
   111.894997       1.96026836E-14
   112.010002       1.71979621E-14
   112.125000       1.45460561E-14
   112.239998       1.16824792E-14
   112.355003       8.64284806E-15
   112.470001       5.46172689E-15
   112.584999       2.17153519E-15
   112.699997      -1.19841408E-15
   112.815002      -4.62270264E-15
   112.930000      -8.08039023E-15
   113.044998      -1.15553565E-14
   113.160004      -1.50363967E-14
   113.275002      -1.85170178E-14
   113.389999      -2.19949757E-14
   113.504997      -2.54715225E-14
   113.620003      -2.89504037E-14
   113.735001      -3.24366049E-14
   113.849998      -3.59349222E-14
   113.964996      -3.94483471E-14
   114.080002      -4.29763884E-14
   114.195000      -4.65133235E-14
   114.309998      -5.00465046E-14
   114.425003      -5.35547592E-14
   114.540001      -5.70069708E-14
   114.654999      -6.03608689E-14
   114.769997      -6.35621994E-14
   114.885002      -6.65442229E-14
   115.000000      -6.92276640E-14
   115.114998      -7.15211107E-14
   115.230003      -7.33219976E-14
   115.345001      -7.45180285E-14
   115.459999      -7.49891685E-14
   115.574997      -7.46101721E-14
   115.690002      -7.32534964E-14
   115.805000      -7.07927843E-14
   115.919998      -6.71065512E-14
   116.035004      -6.20822499E-14
   116.150002      -5.56204761E-14
   116.264999      -4.76392031E-14
   116.379997      -3.80779934E-14
   116.495003      -2.69019934E-14
   116.610001      -1.41056143E-14
   116.724998       2.84213779E-16
   116.839996       1.62054055E-14
   116.955002       3.35587237E-14
   117.070000       5.22066385E-14
   117.184998       7.19729520E-14
   117.300003       9.26434561E-14
   117.415001       1.13967483E-13
   117.529999       1.35660539E-13
   117.644997       1.57407710E-13
   117.760002       1.78868232E-13
   117.875000       1.99680713E-13
   117.989998       2.19469205E-13
   118.105003       2.37849806E-13
   118.220001       2.54437937E-13
   118.334999       2.68855576E-13
   118.449997       2.80739055E-13
   118.565002       2.89746390E-13
   118.680000       2.95564680E-13
   118.794998       2.97916883E-13
   118.910004       2.96568027E-13
   119.025002       2.91330626E-13
   119.139999       2.82069181E-13
   119.254997       2.68703679E-13
   119.370003       2.51211866E-13
   119.485001       2.29630253E-13
   119.599998       2.04054127E-13
   119.714996       1.74636157E-13
   119.830002       1.41583848E-13
   119.945000       1.05155989E-13
   120.059998       6.56580300E-14
   120.175003       2.34366817E-14
   120.290001      -2.11260774E-14
   120.404999      -6.76196498E-14
   120.519997      -1.15611541E-13
   120.635002      -1.64654314E-13
   120.750000      -2.14292302E-13
   120.864998      -2.64068010E-13
   120.980003      -3.13528012E-13
   121.095001      -3.62228124E-13
   121.209999      -4.09737836E-13
   121.324997      -4.55643715E-13
   121.440002      -4.99551897E-13
   121.555000      -5.41089526E-13
   121.669998      -5.79905102E-13
   121.785004      -6.15668053E-13
   121.900002      -6.48067212E-13
   122.014999      -6.76808490E-13
   122.129997      -7.01612325E-13
   122.245003      -7.22210161E-13
   122.360001      -7.38341137E-13
   122.474998      -7.49748408E-13
   122.589996      -7.56175992E-13
   122.705002      -7.57365904E-13
   122.820000      -7.53055604E-13
   122.934998      -7.42976806E-13
   123.050003      -7.26855154E-13
   123.165001      -7.04410651E-13
   123.279999      -6.75359996E-13
   123.394997      -6.39419507E-13
   123.510002      -5.96310111E-13
   123.625000      -5.45763142E-13
   123.739998      -4.87527716E-13
   123.855003      -4.21379213E-13
   123.970001      -3.47128549E-13
   124.084999      -2.64632446E-13
   124.199997      -1.73804412E-13
   124.315002      -7.46258117E-14
   124.430000       3.28429639E-14
   124.544998       1.48451509E-13
   124.660004       2.71949076E-13
   124.775002       4.02974962E-13
   124.889999       5.41050169E-13
   125.004997       6.85570361E-13
   125.120003       8.35800721E-13
   125.235001       9.90872532E-13
   125.349998       1.14978144E-12
   125.464996       1.31138882E-12
   125.580002       1.47442377E-12
   125.695000       1.63748951E-12
   125.809998       1.79906990E-12
   125.925003       1.95753960E-12
   126.040001       2.11117495E-12
   126.154999       2.25816804E-12
   126.269997       2.39664083E-12
   126.385002       2.52466212E-12
   126.500000       2.64026474E-12
   126.614998       2.74146331E-12
   126.730003       2.82627372E-12
   126.845001       2.89273141E-12
   126.959999       2.93891105E-12
   127.074997       2.96294543E-12
   127.190002       2.96304322E-12
   127.305000       2.93750809E-12
   127.419998       2.88475580E-12
   127.535004       2.80333027E-12
   127.650002       2.69192156E-12
   127.764999       2.54937954E-12
   127.879997       2.37473062E-12
   127.995003       2.16719134E-12
   128.110001       1.92618317E-12
   128.225006       1.65134724E-12
   128.339996       1.34255736E-12
   128.455002       9.99935378E-13
   128.570007       6.23864242E-13
   128.684998       2.15003810E-13
   128.800003      -2.25695493E-13
   128.914993      -6.96976819E-13
   129.029999      -1.19726332E-12
   129.145004      -1.72464300E-12
   129.259995      -2.27685492E-12
   129.375000      -2.85127607E-12
   129.490005      -3.44490994E-12
   129.604996      -4.05437576E-12
   129.720001      -4.67590029E-12
   129.835007      -5.30531565E-12
   129.949997      -5.93805387E-12
   130.065002      -6.56915147E-12
   130.179993      -7.19325771E-12
   130.294998      -7.80464322E-12
   130.410004      -8.39722215E-12
   130.524994      -8.96456954E-12
   130.639999      -9.49995985E-12
   130.755005      -9.99639694E-12
   130.869995      -1.04466626E-11
   130.985001      -1.08433644E-11
   131.100006      -1.11789935E-11
   131.214996      -1.14459935E-11
   131.330002      -1.16368287E-11
   131.445007      -1.17440606E-11
   131.559998      -1.17604338E-11
   131.675003      -1.16789599E-11
   131.789993      -1.14930183E-11
   131.904999      -1.11964431E-11
   132.020004      -1.07836266E-11
   132.134995      -1.02496206E-11
   132.250000      -9.59023225E-12
   132.365005      -8.80213003E-12
   132.479996      -7.88293562E-12
   132.595001      -6.83132413E-12
   132.710007      -5.64711255E-12
   132.824997      -4.33134561E-12
   132.940002      -2.88637430E-12
   133.054993      -1.31592437E-12
   133.169998       3.74836555E-13
   133.285004       2.17925244E-12
   133.399994       4.08913788E-12
   133.514999       6.09474493E-12
   133.630005       8.18475582E-12
   133.744995       1.03462716E-11
   133.860001       1.25648303E-11
   133.975006       1.48244264E-11
   134.089996       1.71075602E-11
   134.205002       1.93952805E-11
   134.320007       2.16672635E-11
   134.434998       2.39018839E-11
   134.550003       2.60763269E-11
   134.664993       2.81666825E-11
   134.779999       3.01480646E-11
   134.895004       3.19947645E-11
   135.009995       3.36803641E-11
   135.125000       3.51779092E-11
   135.240005       3.64600503E-11
   135.354996       3.74992190E-11
   135.470001       3.82677848E-11
   135.585007       3.87382557E-11
   135.699997       3.88834138E-11
   135.815002       3.86765203E-11
   135.929993       3.80914779E-11
   136.044998       3.71030116E-11
   136.160004       3.56868285E-11
   136.274994       3.38197734E-11
   136.389999       3.14800130E-11
   136.505005       2.86471524E-11
   136.619995       2.53023956E-11
   136.735001       2.14286661E-11
   136.850006       1.70107192E-11
   136.964996       1.20352495E-11
   137.080002       6.49098397E-12
   137.195007       3.68749654E-13
   137.309998      -6.33847402E-12
   137.425003      -1.36354990E-11
   137.539993      -2.15249121E-11
   137.654999      -3.00070663E-11
   137.770004      -3.90800864E-11
   137.884995      -4.87399010E-11
   138.000000      -5.89802721E-11
   138.115005      -6.97928521E-11
   138.229996      -8.11672743E-11
   138.345001      -9.30912014E-11
   138.460007      -1.05550450E-10
   138.574997      -1.18529048E-10
   138.690002      -1.32009390E-10
   138.804993      -1.45972331E-10
   138.919998      -1.60397279E-10
   139.035004      -1.75262332E-10
   139.149994      -1.90544386E-10
   139.264999      -2.06219194E-10
   139.380005      -2.22261556E-10
   139.494995      -2.38645270E-10
   139.610001      -2.55343358E-10
   139.725006      -2.72327993E-10
   139.839996      -2.89570590E-10
   139.955002      -3.07041864E-10
   140.070007      -3.24711785E-10
   140.184998      -3.42549628E-10
   140.300003      -3.60523777E-10
   140.414993      -3.78601983E-10
   140.529999      -3.96750993E-10
   140.645004      -4.14936613E-10
   140.759995      -4.33123565E-10
   140.875000      -4.51275406E-10
   140.990005      -4.69354389E-10
   141.104996      -4.87321239E-10
   141.220001      -5.05135322E-10
   141.335007      -5.22754007E-10
   141.449997      -5.40132827E-10
   141.565002      -5.57225321E-10
   141.679993      -5.73982695E-10
   141.794998      -5.90353766E-10
   141.910004      -6.06284911E-10
   142.024994      -6.21719731E-10
   142.139999      -6.36598996E-10
   142.255005      -6.50860477E-10
   142.369995      -6.64439004E-10
   142.485001      -6.77266132E-10
   142.600006      -6.89270307E-10
   142.714996      -7.00376479E-10
   142.830002      -7.10506542E-10
   142.945007      -7.19578841E-10
   143.059998      -7.27508609E-10
   143.175003      -7.34207584E-10
   143.289993      -7.39584505E-10
   143.404999      -7.43544948E-10
   143.520004      -7.45991435E-10
   143.634995      -7.46823825E-10
   143.750000      -7.45939144E-10
   143.865005      -7.43232087E-10
   143.979996      -7.38595130E-10
   144.095001      -7.31918692E-10
   144.210007      -7.23091476E-10
   144.324997      -7.12000681E-10
   144.440002      -6.98532399E-10
   144.554993      -6.82571832E-10
   144.669998      -6.64003574E-10
   144.785004      -6.42711939E-10
   144.899994      -6.18581353E-10
   145.014999      -5.91496463E-10
   145.130005      -5.61342695E-10
   145.244995      -5.28006416E-10
   145.360001      -4.91375163E-10
   145.475006      -4.51338078E-10
   145.589996      -4.07786083E-10
   145.705002      -3.60612151E-10
   145.820007      -3.09711534E-10
   145.934998      -2.54982008E-10
   146.050003      -1.96324082E-10
   146.164993      -1.33641112E-10
   146.279999      -6.68395062E-11
   146.395004       4.17109359E-12
   146.509995       7.94778895E-11
   146.625000       1.59164570E-10
   146.740005       2.43311538E-10
   146.854996       3.31995681E-10
   146.970001       4.25290386E-10
   147.085007       5.23265653E-10
   147.199997       6.25988206E-10
   147.315002       7.33521410E-10
   147.429993       8.45925385E-10
   147.544998       9.63257141E-10
   147.660004       1.08557086E-09
   147.774994       1.21291766E-09
   147.889999       1.34534639E-09
   148.005005       1.48290313E-09
   148.119995       1.62563207E-09
   148.235001       1.77357484E-09
   148.350006       1.92677119E-09
   148.464996       2.08525974E-09
   148.580002       2.24907692E-09
   148.695007       2.41825782E-09
   148.809998       2.59283617E-09
   148.925003       2.77284484E-09
   149.039993       2.95831537E-09
   149.154999       3.14927795E-09
   149.270004       3.34576211E-09
   149.384995       3.54779606E-09
   149.500000       3.75540710E-09
   149.615005       3.96862143E-09
   149.729996       4.18746327E-09
   149.845001       4.41195702E-09
   149.960007       4.64212402E-09
   150.074997       4.87798513E-09
   150.190002       5.11955855E-09
   150.304993       5.36686162E-09
   150.419998       5.61990809E-09
   150.535004       5.87871174E-09
   150.649994       6.14328100E-09
   150.764999       6.41362385E-09
   150.880005       6.68974431E-09
   150.994995       6.97164504E-09
   151.110001       7.25932292E-09
   151.225006       7.55277441E-09
   151.339996       7.85199195E-09
   151.455002       8.15696222E-09
   151.570007       8.46767012E-09
   151.684998       8.78409789E-09
   151.800003       9.10622333E-09
   151.914993       9.43402068E-09
   152.029999       9.76745973E-09
   152.145004       1.01065094E-08
   152.259995       1.04511342E-08
   152.375000       1.08012932E-08
   152.490005       1.11569456E-08
   152.604996       1.15180470E-08
   152.720001       1.18845485E-08
   152.835007       1.22564021E-08
   152.949997       1.26335564E-08
   153.065002       1.30159563E-08
   153.179993       1.34035485E-08
   153.294998       1.37962752E-08
   153.410004       1.41940806E-08
   153.524994       1.45969041E-08
   153.639999       1.50046890E-08
   153.755005       1.54173758E-08
   153.869995       1.58349049E-08
   153.985001       1.62572160E-08
   154.100006       1.66842522E-08
   154.214996       1.71159531E-08
   154.330002       1.75522619E-08
   154.445007       1.79931181E-08
   154.559998       1.84384632E-08
   154.675003       1.88882385E-08
   154.789993       1.93423872E-08
   154.904999       1.98008507E-08
   155.020004       2.02635686E-08
   155.134995       2.07304804E-08
   155.250000       2.12015276E-08
   155.365005       2.16766498E-08
   155.479996       2.21557812E-08
   155.595001       2.26388597E-08
   155.710007       2.31258159E-08
   155.824997       2.36165825E-08
   155.940002       2.41110900E-08
   156.054993       2.46092622E-08
   156.169998       2.51110244E-08
   156.285004       2.56162949E-08
   156.399994       2.61249919E-08
   156.514999       2.66370321E-08
   156.630005       2.71523231E-08
   156.744995       2.76707759E-08
   156.860001       2.81922947E-08
   156.975006       2.87167818E-08
   157.089996       2.92441360E-08
   157.205002       2.97742506E-08
   157.320007       3.03070209E-08
   157.434998       3.08423331E-08
   157.550003       3.13800754E-08
   157.664993       3.19201305E-08
   157.779999       3.24623777E-08
   157.895004       3.30066996E-08
   158.009995       3.35529684E-08
   158.125000       3.41010669E-08
   158.240005       3.46508600E-08
   158.354996       3.52022234E-08
   158.470001       3.57550292E-08
   158.585007       3.63091424E-08
   158.699997       3.68644351E-08
   158.815002       3.74207687E-08
   158.929993       3.79780154E-08
   159.044998       3.85360401E-08
   159.160004       3.90947008E-08
   159.274994       3.96538695E-08
   159.389999       4.02134006E-08
   159.505005       4.07731555E-08
   159.619995       4.13329886E-08
   159.735001       4.18927613E-08
   159.850006       4.24523279E-08
   159.964996       4.30115392E-08
   160.080002       4.35702461E-08
   160.195007       4.41282957E-08
   160.309998       4.46855317E-08
   160.425003       4.52417943E-08
   160.539993       4.57969165E-08
   160.654999       4.63507419E-08
   160.770004       4.69030930E-08
   160.884995       4.74537991E-08
   161.000000       4.80026792E-08
   161.115005       4.85495555E-08
   161.229996       4.90942327E-08
   161.345001       4.96365224E-08
   161.460007       5.01762329E-08
   161.574997       5.07131617E-08
   161.690002       5.12471061E-08
   161.804993       5.17778567E-08
   161.919998       5.23052037E-08
   162.035004       5.28289341E-08
   162.149994       5.33488347E-08
   162.264999       5.38646781E-08
   162.380005       5.43762546E-08
   162.494995       5.48833370E-08
   162.610001       5.53857049E-08
   162.725006       5.58831346E-08
   162.839996       5.63754021E-08
   162.955002       5.68622838E-08
   163.070007       5.73435592E-08
   163.184998       5.78190082E-08
   163.300003       5.82884105E-08
   163.414993       5.87515423E-08
   163.529999       5.92081904E-08
   163.645004       5.96581415E-08
   163.759995       6.01011791E-08
   163.875000       6.05370900E-08
   163.990005       6.09656681E-08
   164.104996       6.13867002E-08
   164.220001       6.17999945E-08
   164.335007       6.22053449E-08
   164.449997       6.26025454E-08
   164.565002       6.29914041E-08
   164.679993       6.33717150E-08
   164.794998       6.37432933E-08
   164.910004       6.41059401E-08
   165.024994       6.44594635E-08
   165.139999       6.48036718E-08
   165.255005       6.51383729E-08
   165.369995       6.54633823E-08
   165.485001       6.57785080E-08
   165.600006       6.60835440E-08
   165.714996       6.63783126E-08
   165.830002       6.66626079E-08
   165.945007       6.69362379E-08
   166.059998       6.71990037E-08
   166.175003       6.74506992E-08
   166.289993       6.76911327E-08
   166.404999       6.79200838E-08
   166.520004       6.81373606E-08
   166.634995       6.83427359E-08
   166.750000       6.85360106E-08
   166.865005       6.87169575E-08
   166.979996       6.88853490E-08
   167.095001       6.90409792E-08
   167.210007       6.91836277E-08
   167.324997       6.93130602E-08
   167.440002       6.94290563E-08
   167.554993       6.95313958E-08
   167.669998       6.96198441E-08
   167.785004       6.96941811E-08
   167.899994       6.97541864E-08
   168.014999       6.97996398E-08
   168.130005       6.98303069E-08
   168.244995       6.98459814E-08
   168.360001       6.98464575E-08
   168.475006       6.98315148E-08
   168.589996       6.98009543E-08
   168.705002       6.97545701E-08
   168.820007       6.96921774E-08
   168.934998       6.96135771E-08
   169.050003       6.95185918E-08
   169.164993       6.94070437E-08
   169.279999       6.92787623E-08
   169.395004       6.91335842E-08
   169.509995       6.89713531E-08
   169.625000       6.87919339E-08
   169.740005       6.85951704E-08
   169.854996       6.83809347E-08
   169.970001       6.81491130E-08
   170.085007       6.78995846E-08
   170.199997       6.76322287E-08
   170.315002       6.73469458E-08
   170.429993       6.70436435E-08
   170.544998       6.67222295E-08
   170.660004       6.63826114E-08
   170.774994       6.60247181E-08
   170.889999       6.56484715E-08
   171.005005       6.52537935E-08
   171.119995       6.48406271E-08
   171.235001       6.44088942E-08
   171.350006       6.39585380E-08
   171.464996       6.34894946E-08
   171.580002       6.30017070E-08
   171.695007       6.24951113E-08
   171.809998       6.19696578E-08
   171.925003       6.14252684E-08
   172.039993       6.08619004E-08
   172.154999       6.02794827E-08
   172.270004       5.96779657E-08
   172.384995       5.90572675E-08
   172.500000       5.84173385E-08
   172.615005       5.77581112E-08
   172.729996       5.70795287E-08
   172.845001       5.63815270E-08
   172.960007       5.56640387E-08
   173.074997       5.49270140E-08
   173.190002       5.41703891E-08
   173.304993       5.33941105E-08
   173.419998       5.25981214E-08
   173.535004       5.17823757E-08
   173.649994       5.09468201E-08
   173.764999       5.00914190E-08
   173.880005       4.92161334E-08
   173.994995       4.83209277E-08
   174.110001       4.74057771E-08
   174.225006       4.64706638E-08
   174.339996       4.55155664E-08
   174.455002       4.45404815E-08
   174.570007       4.35454055E-08
   174.684998       4.25303561E-08
   174.800003       4.14953369E-08
   174.914993       4.04403835E-08
   175.029999       3.93655206E-08
   175.145004       3.82708016E-08
   175.259995       3.71562692E-08
   175.375000       3.60219836E-08
   175.490005       3.48680231E-08
   175.604996       3.36944659E-08
   175.720001       3.25013971E-08
   175.835007       3.12889128E-08
   175.949997       3.00571266E-08
   176.065002       2.88061468E-08
   176.179993       2.75360978E-08
   176.294998       2.62471058E-08
   176.410004       2.49393093E-08
   176.524994       2.36128503E-08
   176.639999       2.22678782E-08
   176.755005       2.09045457E-08
   176.869995       1.95230161E-08
   176.985001       1.81234583E-08
   177.100006       1.67060428E-08
   177.214996       1.52709436E-08
   177.330002       1.38183465E-08
   177.445007       1.23484405E-08
   177.559998       1.08614158E-08
   177.675003       9.35747035E-09
   177.789993       7.83680854E-09
   177.904999       6.29963681E-09
   178.020004       4.74616924E-09
   178.134995       3.17662097E-09
   178.250000       1.59121638E-09
   178.365005      -9.81727026E-12
   178.479996      -1.62624880E-09
   178.595001      -3.25783911E-09
   178.710007      -4.90434759E-09
   178.824997      -6.56552501E-09
   178.940002      -8.24111890E-09
   179.054993      -9.93087212E-09
   179.169998      -1.16345200E-08
   179.285004      -1.33517952E-08
   179.399994      -1.50824260E-08
   179.514999      -1.68261316E-08
   179.630005      -1.85826323E-08
   179.744995      -2.03516386E-08
   179.860001      -2.21328573E-08
   179.975006      -2.39259936E-08
   180.089996      -2.57307420E-08
   180.205002      -2.75467951E-08
   180.320007      -2.93738420E-08
   180.434998      -3.12115667E-08
   180.550003      -3.30596492E-08
   180.664993      -3.49177647E-08
   180.779999      -3.67855790E-08
   180.895004      -3.86627619E-08
   181.009995      -4.05489722E-08
   181.125000      -4.24438653E-08
   181.240005      -4.43470931E-08
   181.354996      -4.62583039E-08
   181.470001      -4.81771352E-08
   181.585007      -5.01032247E-08
   181.699997      -5.20362065E-08
   181.815002      -5.39757004E-08
   181.929993      -5.59213369E-08
   182.044998      -5.78727217E-08
   182.160004      -5.98294605E-08
   182.274994      -6.17911695E-08
   182.389999      -6.37574331E-08
   182.505005      -6.57278463E-08
   182.619995      -6.77019969E-08
   182.735001      -6.96794586E-08
   182.850006      -7.16598052E-08
   182.964996      -7.36426031E-08
   183.080002      -7.56274119E-08
   183.195007      -7.76137981E-08
   183.309998      -7.96013140E-08
   183.425003      -8.15894978E-08
   183.539993      -8.35778948E-08
   183.654999      -8.55660431E-08
   183.770004      -8.75534880E-08
   183.884995      -8.95397463E-08
   184.000000      -9.15243561E-08
   184.115005      -9.35068414E-08
   184.229996      -9.54867190E-08
   184.345001      -9.74635057E-08
   184.460007      -9.94367326E-08
   184.574997      -1.01405902E-07
   184.690002      -1.03370539E-07
   184.804993      -1.05330159E-07
   184.919998      -1.07284265E-07
   185.035004      -1.09232388E-07
   185.149994      -1.11174039E-07
   185.264999      -1.13108747E-07
   185.380005      -1.15036030E-07
   185.494995      -1.16955420E-07
   185.610001      -1.18866417E-07
   185.725006      -1.20768561E-07
   185.839996      -1.22661376E-07
   185.955002      -1.24544385E-07
   186.070007      -1.26417120E-07
   186.184998      -1.28279112E-07
   186.300003      -1.30129891E-07
   186.414993      -1.31968960E-07
   186.529999      -1.33795865E-07
   186.645004      -1.35610122E-07
   186.759995      -1.37411263E-07
   186.875000      -1.39198775E-07
   186.990005      -1.40972205E-07
   187.104996      -1.42731054E-07
   187.220001      -1.44474825E-07
   187.335007      -1.46203050E-07
   187.449997      -1.47915188E-07
   187.565002      -1.49610770E-07
   187.679993      -1.51289299E-07
   187.794998      -1.52950250E-07
   187.910004      -1.54593138E-07
   188.024994      -1.56217467E-07
   188.139999      -1.57822697E-07
   188.255005      -1.59408344E-07
   188.369995      -1.60973897E-07
   188.485001      -1.62518845E-07
   188.600006      -1.64042703E-07
   188.714996      -1.65544947E-07
   188.830002      -1.67025092E-07
   188.945007      -1.68482643E-07
   189.059998      -1.69917087E-07
   189.175003      -1.71327954E-07
   189.289993      -1.72714778E-07
   189.404999      -1.74077073E-07
   189.520004      -1.75414371E-07
   189.634995      -1.76726232E-07
   189.750000      -1.78012172E-07
   189.865005      -1.79271794E-07
   189.979996      -1.80504642E-07
   190.095001      -1.81710277E-07
   190.210007      -1.82888314E-07
   190.324997      -1.84038328E-07
   190.440002      -1.85159934E-07
   190.554993      -1.86252734E-07
   190.669998      -1.87316346E-07
   190.785004      -1.88350398E-07
   190.899994      -1.89354537E-07
   191.014999      -1.90328421E-07
   191.130005      -1.91271653E-07
   191.244995      -1.92183933E-07
   191.360001      -1.93064878E-07
   191.475006      -1.93914190E-07
   191.589996      -1.94731484E-07
   191.705002      -1.95516463E-07
   191.820007      -1.96268772E-07
   191.934998      -1.96988083E-07
   192.050003      -1.97674069E-07
   192.164993      -1.98326404E-07
   192.279999      -1.98944718E-07
   192.395004      -1.99528699E-07
   192.509995      -2.00077977E-07
   192.625000      -2.00592225E-07
   192.740005      -2.01071103E-07
   192.854996      -2.01514254E-07
   192.970001      -2.01921324E-07
   193.085007      -2.02291957E-07
   193.199997      -2.02625813E-07
   193.315002      -2.02922521E-07
   193.429993      -2.03181756E-07
   193.544998      -2.03403147E-07
   193.660004      -2.03586382E-07
   193.774994      -2.03731076E-07
   193.889999      -2.03836962E-07
   194.005005      -2.03903667E-07
   194.119995      -2.03930881E-07
   194.235001      -2.03918304E-07
   194.350006      -2.03865625E-07
   194.464996      -2.03772544E-07
   194.580002      -2.03638777E-07
   194.695007      -2.03464069E-07
   194.809998      -2.03248177E-07
   194.925003      -2.02990819E-07
   195.039993      -2.02691780E-07
   195.154999      -2.02350861E-07
   195.270004      -2.01967879E-07
   195.384995      -2.01542619E-07
   195.500000      -2.01074940E-07
   195.615005      -2.00564685E-07
   195.729996      -2.00011726E-07
   195.845001      -1.99415965E-07
   195.960007      -1.98777272E-07
   196.074997      -1.98095606E-07
   196.190002      -1.97370881E-07
   196.304993      -1.96603068E-07
   196.419998      -1.95792126E-07
   196.535004      -1.94938067E-07
   196.649994      -1.94040865E-07
   196.764999      -1.93100547E-07
   196.880005      -1.92117156E-07
   196.994995      -1.91090720E-07
   197.110001      -1.90021296E-07
   197.225006      -1.88908956E-07
   197.339996      -1.87753770E-07
   197.455002      -1.86555823E-07
   197.570007      -1.85315216E-07
   197.684998      -1.84032032E-07
   197.800003      -1.82706415E-07
   197.914993      -1.81338464E-07
   198.029999      -1.79928321E-07
   198.145004      -1.78476100E-07
   198.259995      -1.76981956E-07
   198.375000      -1.75446019E-07
   198.490005      -1.73868486E-07
   198.604996      -1.72249472E-07
   198.720001      -1.70589161E-07
   198.835007      -1.68887738E-07
   198.949997      -1.67145359E-07
   199.065002      -1.65362238E-07
   199.179993      -1.63538530E-07
   199.294998      -1.61674464E-07
   199.410004      -1.59770238E-07
   199.524994      -1.57826051E-07
   199.639999      -1.55842116E-07
   199.755005      -1.53818661E-07
   199.869995      -1.51755913E-07
   199.985001      -1.49654099E-07
   200.100006      -1.47513475E-07
   200.214996      -1.45334283E-07
   200.330002      -1.43116779E-07
   200.445007      -1.40861232E-07
   200.559998      -1.38567913E-07
   200.675003      -1.36237105E-07
   200.789993      -1.33869079E-07
   200.904999      -1.31464134E-07
   201.020004      -1.29022609E-07
   201.134995      -1.26544776E-07
   201.250000      -1.24030976E-07
   201.365005      -1.21481548E-07
   201.479996      -1.18896850E-07
   201.595001      -1.16277228E-07
   201.710007      -1.13623038E-07
   201.824997      -1.10934685E-07
   201.940002      -1.08212546E-07
   202.054993      -1.05457033E-07
   202.169998      -1.02668558E-07
   202.285004      -9.98475400E-08
   202.399994      -9.69944338E-08
   202.514999      -9.41096872E-08
   202.630005      -9.11937690E-08
   202.744995      -8.82471554E-08
   202.860001      -8.52703437E-08
   202.975006      -8.22638384E-08
   203.089996      -7.92281654E-08
   203.205002      -7.61638432E-08
   203.320007      -7.30714333E-08
   203.434998      -6.99514686E-08
   203.550003      -6.68045388E-08
   203.664993      -6.36311981E-08
   203.779999      -6.04320576E-08
   203.895004      -5.72077141E-08
   204.009995      -5.39587788E-08
   204.125000      -5.06858768E-08
   204.240005      -4.73896478E-08
   204.354996      -4.40707382E-08
   204.470001      -4.07298018E-08
   204.585007      -3.73675135E-08
   204.699997      -3.39845521E-08
   204.815002      -3.05816030E-08
   204.929993      -2.71593699E-08
   205.044998      -2.37185613E-08
   205.160004      -2.02598915E-08
   205.274994      -1.67840923E-08
   205.389999      -1.32918929E-08
   205.505005      -9.78403758E-09
   205.619995      -6.26127328E-09
   205.735001      -2.72435763E-09
   205.850006       8.25944924E-10
   205.964996       4.38886660E-09
   206.080002       7.96363508E-09
   206.195007       1.15494689E-08
   206.309998       1.51455826E-08
   206.425003       1.87511819E-08
   206.539993       2.23654730E-08
   206.654999       2.59876565E-08
   206.770004       2.96169222E-08
   206.884995       3.32524621E-08
   207.000000       3.68934572E-08
   207.115005       4.05390956E-08
   207.229996       4.41885462E-08
   207.345001       4.78409881E-08
   207.460007       5.14955829E-08
   207.574997       5.51514994E-08
   207.690002       5.88078990E-08
   207.804993       6.24639469E-08
   207.919998       6.61187940E-08
   208.035004       6.97716089E-08
   208.149994       7.34215391E-08
   208.264999       7.70677460E-08
   208.380005       8.07093983E-08
   208.494995       8.43456434E-08
   208.610001       8.79756357E-08
   208.725006       9.15985368E-08
   208.839996       9.52135224E-08
   208.955002       9.88197328E-08
   209.070007       1.02416330E-07
   209.184998       1.06002489E-07
   209.300003       1.09577357E-07
   209.414993       1.13140111E-07
   209.529999       1.16689904E-07
   209.645004       1.20225920E-07
   209.759995       1.23747313E-07
   209.875000       1.27253259E-07
   209.990005       1.30742933E-07
   210.104996       1.34215526E-07
   210.220001       1.37670199E-07
   210.335007       1.41106142E-07
   210.449997       1.44522517E-07
   210.565002       1.47918541E-07
   210.679993       1.51293378E-07
   210.794998       1.54646216E-07
   210.910004       1.57976260E-07
   211.024994       1.61282685E-07
   211.139999       1.64564696E-07
   211.255005       1.67821455E-07
   211.369995       1.71052193E-07
   211.485001       1.74256073E-07
   211.600006       1.77432327E-07
   211.714996       1.80580116E-07
   211.830002       1.83698646E-07
   211.945007       1.86787133E-07
   212.059998       1.89844741E-07
   212.175003       1.92870701E-07
   212.289993       1.95864160E-07
   212.404999       1.98824367E-07
   212.520004       2.01750481E-07
   212.634995       2.04641694E-07
   212.750000       2.07497209E-07
   212.865005       2.10316202E-07
   212.979996       2.13097863E-07
   213.095001       2.15841396E-07
   213.210007       2.18545992E-07
   213.324997       2.21210826E-07
   213.440002       2.23835116E-07
   213.554993       2.26418052E-07
   213.669998       2.28958854E-07
   213.785004       2.31456710E-07
   213.899994       2.33910839E-07
   214.014999       2.36320489E-07
   214.130005       2.38684891E-07
   214.244995       2.41003278E-07
   214.360001       2.43274940E-07
   214.475006       2.45499109E-07
   214.589996       2.47675104E-07
   214.705002       2.49802184E-07
   214.820007       2.51879726E-07
   214.934998       2.53907046E-07
   215.050003       2.55883464E-07
   215.164993       2.57808352E-07
   215.279999       2.59681144E-07
   215.395004       2.61501185E-07
   215.509995       2.63267935E-07
   215.625000       2.64980827E-07
   215.740005       2.66639319E-07
   215.854996       2.68242900E-07
   215.970001       2.69791059E-07
   216.085007       2.71283312E-07
   216.199997       2.72719262E-07
   216.315002       2.74098397E-07
   216.429993       2.75420319E-07
   216.544998       2.76684631E-07
   216.660004       2.77890933E-07
   216.774994       2.79038886E-07
   216.889999       2.80128091E-07
   217.005005       2.81158208E-07
   217.119995       2.82128923E-07
   217.235001       2.83039867E-07
   217.350006       2.83890756E-07
   217.464996       2.84681278E-07
   217.580002       2.85411147E-07
   217.695007       2.86080052E-07
   217.809998       2.86687651E-07
   217.925003       2.87233718E-07
   218.039993       2.87717995E-07
   218.154999       2.88140143E-07
   218.270004       2.88499933E-07
   218.384995       2.88797111E-07
   218.500000       2.89031391E-07
   218.615005       2.89202490E-07
   218.729996       2.89310179E-07
   218.845001       2.89354261E-07
   218.960007       2.89334452E-07
   219.074997       2.89250551E-07
   219.190002       2.89102303E-07
   219.304993       2.88889538E-07
   219.419998       2.88612057E-07
   219.535004       2.88269689E-07
   219.649994       2.87862235E-07
   219.764999       2.87389582E-07
   219.880005       2.86851616E-07
   219.994995       2.86248195E-07
   220.110001       2.85579262E-07
   220.225006       2.84844702E-07
   220.339996       2.84044518E-07
   220.455002       2.83178679E-07
   220.570007       2.82247186E-07
   220.684998       2.81250038E-07
   220.800003       2.80187294E-07
   220.914993       2.79059037E-07
   221.029999       2.77865382E-07
   221.145004       2.76606414E-07
   221.259995       2.75282304E-07
   221.375000       2.73893249E-07
   221.490005       2.72439422E-07
   221.604996       2.70921049E-07
   221.720001       2.69338386E-07
   221.835007       2.67691718E-07
   221.949997       2.65981299E-07
   222.065002       2.64207500E-07
   222.179993       2.62370634E-07
   222.294998       2.60471097E-07
   222.410004       2.58509289E-07
   222.524994       2.56485578E-07
   222.639999       2.54400447E-07
   222.755005       2.52254353E-07
   222.869995       2.50047748E-07
   222.985001       2.47781117E-07
   223.100006       2.45454999E-07
   223.214996       2.43069906E-07
   223.330002       2.40626377E-07
   223.445007       2.38124969E-07
   223.559998       2.35566262E-07
   223.675003       2.32950796E-07
   223.789993       2.30279198E-07
   223.904999       2.27552064E-07
   224.020004       2.24770034E-07
   224.134995       2.21933732E-07
   224.250000       2.19043798E-07
   224.365005       2.16100929E-07
   224.479996       2.13105778E-07
   224.595001       2.10059071E-07
   224.710007       2.06961502E-07
   224.824997       2.03813812E-07
   224.940002       2.00616725E-07
   225.054993       1.97370980E-07
   225.169998       1.94077359E-07
   225.285004       1.90736628E-07
   225.399994       1.87349556E-07
   225.514999       1.83916924E-07
   225.630005       1.80439557E-07
   225.744995       1.76918235E-07
   225.860001       1.73353769E-07
   225.975006       1.69746997E-07
   226.089996       1.66098744E-07
   226.205002       1.62409847E-07
   226.320007       1.58681161E-07
   226.434998       1.54913536E-07
   226.550003       1.51107812E-07
   226.664993       1.47264856E-07
   226.779999       1.43385563E-07
   226.895004       1.39470785E-07
   227.009995       1.35521404E-07
   227.125000       1.31538286E-07
   227.240005       1.27522370E-07
   227.354996       1.23474479E-07
   227.470001       1.19395551E-07
   227.585007       1.15286483E-07
   227.699997       1.11148154E-07
   227.815002       1.06981474E-07
   227.929993       1.02787361E-07
   228.044998       9.85667228E-08
   228.160004       9.43204697E-08
   228.274994       9.00495181E-08
   228.389999       8.57548059E-08
   228.505005       8.14372427E-08
   228.619995       7.70977735E-08
   228.735001       7.27373362E-08
   228.850006       6.83568828E-08
   228.964996       6.39573585E-08
   229.080002       5.95397296E-08
   229.195007       5.51049801E-08
   229.309998       5.06540836E-08
   229.425003       4.61880383E-08
   229.539993       4.17078532E-08
   229.654999       3.72145550E-08
   229.770004       3.27091776E-08
   229.884995       2.81927743E-08
   230.000000       2.36664128E-08
   230.115005       1.91311837E-08
   230.229996       1.45881884E-08
   230.345001       1.00385513E-08
   230.460007       5.48341283E-09
   230.574997       9.23934651E-10
   230.690002      -3.63871089E-09
   230.804993      -8.20332602E-09
   230.919998      -1.27686954E-08
   231.035004      -1.73335906E-08
   231.149994      -2.18967706E-08
   231.264999      -2.64569664E-08
   231.380005      -3.10129096E-08
   231.494995      -3.55633176E-08
   231.610001      -4.01068796E-08
   231.725006      -4.46422916E-08
   231.839996      -4.91682393E-08
   231.955002      -5.36833866E-08
   232.070007      -5.81864086E-08
   232.184998      -6.26759658E-08
   232.300003      -6.71507223E-08
   232.414993      -7.16093567E-08
   232.529999      -7.60505188E-08
   232.645004      -8.04728941E-08
   232.759995      -8.48751611E-08
   232.875000      -8.92559981E-08
   232.990005      -9.36141262E-08
   233.104996      -9.79482451E-08
   233.220001      -1.02257090E-07
   233.335007      -1.06539403E-07
   233.449997      -1.10793948E-07
   233.565002      -1.15019503E-07
   233.679993      -1.19214874E-07
   233.794998      -1.23378882E-07
   233.910004      -1.27510376E-07
   234.024994      -1.31608218E-07
   234.139999      -1.35671314E-07
   234.255005      -1.39698585E-07
   234.369995      -1.43688979E-07
   234.485001      -1.47641444E-07
   234.600006      -1.51555014E-07
   234.714996      -1.55428680E-07
   234.830002      -1.59261504E-07
   234.945007      -1.63052562E-07
   235.059998      -1.66800945E-07
   235.175003      -1.70505771E-07
   235.289993      -1.74166161E-07
   235.404999      -1.77781288E-07
   235.520004      -1.81350302E-07
   235.634995      -1.84872391E-07
   235.750000      -1.88346746E-07
   235.865005      -1.91772614E-07
   235.979996      -1.95149170E-07
   236.095001      -1.98475661E-07
   236.210007      -2.01751348E-07
   236.324997      -2.04975478E-07
   236.440002      -2.08147299E-07
   236.554993      -2.11266098E-07
   236.669998      -2.14331152E-07
   236.785004      -2.17341778E-07
   236.899994      -2.20297238E-07
   237.014999      -2.23196864E-07
   237.130005      -2.26039930E-07
   237.244995      -2.28825797E-07
   237.360001      -2.31553770E-07
   237.475006      -2.34223194E-07
   237.589996      -2.36833401E-07
   237.705002      -2.39383724E-07
   237.820007      -2.41873494E-07
   237.934998      -2.44302072E-07
   238.050003      -2.46668833E-07
   238.164993      -2.48973151E-07
   238.279999      -2.51214402E-07
   238.395004      -2.53391988E-07
   238.509995      -2.55505284E-07
   238.625000      -2.57553751E-07
   238.740005      -2.59536790E-07
   238.854996      -2.61453835E-07
   238.970001      -2.63304401E-07
   239.085007      -2.65087920E-07
   239.199997      -2.66803909E-07
   239.315002      -2.68451913E-07
   239.429993      -2.70031421E-07
   239.544998      -2.71542035E-07
   239.660004      -2.72983357E-07
   239.774994      -2.74354903E-07
   239.889999      -2.75656333E-07
   240.005005      -2.76887334E-07
   240.119995      -2.78047565E-07
   240.235001      -2.79136685E-07
   240.350006      -2.80154410E-07
   240.464996      -2.81100512E-07
   240.580002      -2.81974735E-07
   240.695007      -2.82776881E-07
   240.809998      -2.83506779E-07
   240.925003      -2.84164230E-07
   241.039993      -2.84749092E-07
   241.154999      -2.85261308E-07
   241.270004      -2.85700736E-07
   241.384995      -2.86067319E-07
   241.500000      -2.86361001E-07
   241.615005      -2.86581724E-07
   241.729996      -2.86729545E-07
   241.845001      -2.86804436E-07
   241.960007      -2.86806426E-07
   242.074997      -2.86735570E-07
   242.190002      -2.86591927E-07
   242.304993      -2.86375609E-07
   242.419998      -2.86086703E-07
   242.535004      -2.85725321E-07
   242.649994      -2.85291634E-07
   242.764999      -2.84785813E-07
   242.880005      -2.84207999E-07
   242.994995      -2.83558393E-07
   243.110001      -2.82837249E-07
   243.225006      -2.82044738E-07
   243.339996      -2.81181116E-07
   243.455002      -2.80246581E-07
   243.570007      -2.79241419E-07
   243.684998      -2.78165913E-07
   243.800003      -2.77020291E-07
   243.914993      -2.75804894E-07
   244.029999      -2.74519977E-07
   244.145004      -2.73165881E-07
   244.259995      -2.71742920E-07
   244.375000      -2.70251405E-07
   244.490005      -2.68691707E-07
   244.604996      -2.67064195E-07
   244.720001      -2.65369266E-07
   244.835007      -2.63607291E-07
   244.949997      -2.61778695E-07
   245.065002      -2.59883876E-07
   245.179993      -2.57923347E-07
   245.294998      -2.55897447E-07
   245.410004      -2.53806718E-07
   245.524994      -2.51651642E-07
   245.639999      -2.49432730E-07
   245.755005      -2.47150467E-07
   245.869995      -2.44805392E-07
   245.985001      -2.42398102E-07
   246.100006      -2.39929165E-07
   246.214996      -2.37399163E-07
   246.330002      -2.34808766E-07
   246.445007      -2.32158584E-07
   246.559998      -2.29449327E-07
   246.675003      -2.26681678E-07
   246.789993      -2.23856375E-07
   246.904999      -2.20974158E-07
   247.020004      -2.18035808E-07
   247.134995      -2.15042121E-07
   247.250000      -2.11993907E-07
   247.365005      -2.08892033E-07
   247.479996      -2.05737337E-07
   247.595001      -2.02530714E-07
   247.710007      -1.99273074E-07
   247.824997      -1.95965328E-07
   247.940002      -1.92608454E-07
   248.054993      -1.89203405E-07
   248.169998      -1.85751190E-07
   248.285004      -1.82252819E-07
   248.399994      -1.78709357E-07
   248.514999      -1.75121869E-07
   248.630005      -1.71491436E-07
   248.744995      -1.67819167E-07
   248.860001      -1.64106211E-07
   248.975006      -1.60353693E-07
   249.089996      -1.56562777E-07
   249.205002      -1.52734629E-07
   249.320007      -1.48870427E-07
   249.434998      -1.44971338E-07
   249.550003      -1.41038555E-07
   249.664993      -1.37073258E-07
   249.779999      -1.33076654E-07
   249.895004      -1.29049894E-07
   250.009995      -1.24994216E-07
   250.125000      -1.20910769E-07
   250.240005      -1.16800770E-07
   250.354996      -1.12665411E-07
   250.470001      -1.08505887E-07
   250.585007      -1.04323391E-07
   250.699997      -1.00119131E-07
   250.815002      -9.58942934E-08
   250.929993      -9.16500937E-08
   251.044998      -8.73877326E-08
   251.160004      -8.31083966E-08
   251.274994      -7.88132652E-08
   251.389999      -7.45035251E-08
   251.505005      -7.01803629E-08
   251.619995      -6.58449082E-08
   251.735001      -6.14983406E-08
   251.850006      -5.71417793E-08
   251.964996      -5.27763646E-08
   252.080002      -4.84032121E-08
   252.195007      -4.40234409E-08
   252.309998      -3.96381452E-08
   252.425003      -3.52484371E-08
   252.539993      -3.08554107E-08
   252.654999      -2.64601550E-08
   252.770004      -2.20637659E-08
   252.884995      -1.76673307E-08
   253.000000      -1.32719471E-08
   253.115005      -8.87870755E-09
   253.229996      -4.48870097E-09
   253.345001      -1.03011828E-10
   253.460007       4.27726476E-09
   253.574997       8.65105321E-09
   253.690002       1.30172664E-08
   253.804993       1.73748287E-08
   253.919998       2.17226699E-08
   254.035004       2.60597197E-08
   254.149994       3.03849248E-08
   254.264999       3.46972122E-08
   254.380005       3.89955375E-08
   254.494995       4.32788489E-08
   254.610001       4.75461022E-08
   254.725006       5.17962455E-08
   254.839996       5.60282416E-08
   254.955002       6.02410495E-08
   255.070007       6.44336282E-08
   255.184998       6.86049333E-08
   255.300003       7.27539344E-08
   255.414993       7.68795800E-08
   255.529999       8.09808398E-08
   255.645004       8.50566693E-08
   255.759995       8.91060239E-08
   255.875000       9.31278734E-08
   255.990005       9.71211804E-08
   256.105011       1.01084915E-07
   256.220001       1.05018032E-07
   256.334991       1.08919515E-07
   256.450012       1.12788321E-07
   256.565002       1.16623433E-07
   256.679993       1.20423820E-07
   256.795013       1.24188503E-07
   256.910004       1.27916437E-07
   257.024994       1.31606640E-07
   257.140015       1.35258105E-07
   257.255005       1.38869851E-07
   257.369995       1.42440925E-07
   257.484985       1.45970347E-07
   257.600006       1.49457151E-07
   257.714996       1.52900384E-07
   257.829987       1.56299123E-07
   257.945007       1.59652416E-07
   258.059998       1.62959353E-07
   258.174988       1.66219039E-07
   258.290009       1.69430564E-07
   258.404999       1.72593047E-07
   258.519989       1.75705622E-07
   258.635010       1.78767465E-07
   258.750000       1.81777750E-07
   258.864990       1.84735669E-07
   258.980011       1.87640438E-07
   259.095001       1.90491320E-07
   259.209991       1.93287562E-07
   259.325012       1.96028481E-07
   259.440002       1.98713437E-07
   259.554993       2.01341749E-07
   259.670013       2.03912805E-07
   259.785004       2.06426009E-07
   259.899994       2.08880820E-07
   260.015015       2.11276642E-07
   260.130005       2.13612978E-07
   260.244995       2.15889330E-07
   260.359985       2.18105214E-07
   260.475006       2.20260148E-07
   260.589996       2.22353677E-07
   260.704987       2.24385374E-07
   260.820007       2.26354857E-07
   260.934998       2.28261698E-07
   261.049988       2.30105528E-07
   261.165009       2.31885977E-07
   261.279999       2.33602748E-07
   261.394989       2.35255513E-07
   261.510010       2.36843974E-07
   261.625000       2.38367875E-07
   261.739990       2.39826960E-07
   261.855011       2.41221016E-07
   261.970001       2.42549788E-07
   262.084991       2.43813105E-07
   262.200012       2.45010796E-07
   262.315002       2.46142662E-07
   262.429993       2.47208590E-07
   262.545013       2.48208408E-07
   262.660004       2.49141976E-07
   262.774994       2.50009265E-07
   262.890015       2.50810103E-07
   263.005005       2.51544463E-07
   263.119995       2.52212288E-07
   263.234985       2.52813550E-07
   263.350006       2.53348219E-07
   263.464996       2.53816381E-07
   263.579987       2.54217980E-07
   263.695007       2.54553129E-07
   263.809998       2.54821913E-07
   263.924988       2.55024446E-07
   264.040009       2.55160813E-07
   264.154999       2.55231214E-07
   264.269989       2.55235761E-07
   264.385010       2.55174683E-07
   264.500000       2.55048207E-07
   264.614990       2.54856502E-07
   264.730011       2.54599854E-07
   264.845001       2.54278490E-07
   264.959991       2.53892750E-07
   265.075012       2.53442892E-07
   265.190002       2.52929283E-07
   265.304993       2.52352237E-07
   265.420013       2.51712152E-07
   265.535004       2.51009368E-07
   265.649994       2.50244369E-07
   265.765015       2.49417553E-07
   265.880005       2.48529346E-07
   265.994995       2.47580260E-07
   266.109985       2.46570750E-07
   266.225006       2.45501354E-07
   266.339996       2.44372529E-07
   266.454987       2.43184871E-07
   266.570007       2.41938835E-07
   266.684998       2.40634989E-07
   266.799988       2.39273930E-07
   266.915009       2.37856142E-07
   267.029999       2.36382277E-07
   267.144989       2.34852877E-07
   267.260010       2.33268551E-07
   267.375000       2.31629897E-07
   267.489990       2.29937513E-07
   267.605011       2.28192008E-07
   267.720001       2.26394036E-07
   267.834991       2.24544209E-07
   267.950012       2.22643166E-07
   268.065002       2.20691518E-07
   268.179993       2.18689905E-07
   268.295013       2.16638952E-07
   268.410004       2.14539313E-07
   268.524994       2.12391598E-07
   268.640015       2.10196433E-07
   268.755005       2.07954471E-07
   268.869995       2.05666311E-07
   268.984985       2.03332590E-07
   269.100006       2.00953949E-07
   269.214996       1.98530984E-07
   269.329987       1.96064349E-07
   269.445007       1.93554669E-07
   269.559998       1.91002613E-07
   269.674988       1.88408833E-07
   269.790009       1.85773970E-07
   269.904999       1.83098720E-07
   270.019989       1.80383765E-07
   270.135010       1.77629829E-07
   270.250000       1.74837609E-07
   270.364990       1.72007816E-07
   270.480011       1.69141231E-07
   270.595001       1.66238578E-07
   270.709991       1.63300626E-07
   270.825012       1.60328142E-07
   270.940002       1.57321921E-07
   271.054993       1.54282773E-07
   271.170013       1.51211509E-07
   271.285004       1.48108953E-07
   271.399994       1.44975928E-07
   271.515015       1.41813288E-07
   271.630005       1.38621928E-07
   271.744995       1.35402686E-07
   271.859985       1.32156487E-07
   271.975006       1.28884224E-07
   272.089996       1.25586794E-07
   272.204987       1.22265135E-07
   272.320007       1.18920191E-07
   272.434998       1.15552893E-07
   272.549988       1.12164223E-07
   272.665009       1.08755131E-07
   272.779999       1.05326599E-07
   272.894989       1.01879621E-07
   273.010010       9.84151995E-08
   273.125000       9.49343288E-08
   273.239990       9.14380252E-08
   273.355011       8.79273045E-08
   273.470001       8.44031973E-08
   273.584991       8.08667195E-08
   273.700012       7.73188873E-08
   273.815002       7.37607664E-08
   273.929993       7.01933587E-08
   274.045013       6.66176945E-08
   274.160004       6.30348040E-08
   274.274994       5.94457177E-08
   274.390015       5.58514550E-08
   274.505005       5.22530428E-08
   274.619995       4.86514864E-08
   274.734985       4.50478019E-08
   274.850006       4.14429842E-08
   274.964996       3.78380207E-08
   275.079987       3.42338957E-08
   275.195007       3.06315826E-08
   275.309998       2.70320371E-08
   275.424988       2.34362076E-08
   275.540009       1.98450198E-08
   275.654999       1.62593867E-08
   275.769989       1.26802053E-08
   275.885010       9.10835229E-09
   276.000000       5.54468560E-09
   276.114990       1.99004013E-09
   276.230011      -1.55477353E-09
   276.345001      -5.08895859E-09
   276.459991      -8.61174865E-09
   276.575012      -1.21224017E-08
   276.690002      -1.56201896E-08
   276.804993      -1.91044176E-08
   276.920013      -2.25743939E-08
   277.035004      -2.60294719E-08
   277.149994      -2.94689979E-08
   277.265015      -3.28923555E-08
   277.380005      -3.62989354E-08
   277.494995      -3.96881497E-08
   277.609985      -4.30594191E-08
   277.725006      -4.64121754E-08
   277.839996      -4.97458714E-08
   277.954987      -5.30599564E-08
   278.070007      -5.63538975E-08
   278.184998      -5.96271690E-08
   278.299988      -6.28792378E-08
   278.415009      -6.61095854E-08
   278.529999      -6.93177000E-08
   278.644989      -7.25030489E-08
   278.760010      -7.56651275E-08
   278.875000      -7.88034171E-08
   278.989990      -8.19173991E-08
   279.105011      -8.50065689E-08
   279.220001      -8.80704007E-08
   279.334991      -9.11083831E-08
   279.450012      -9.41200113E-08
   279.565002      -9.71047740E-08
   279.679993      -1.00062167E-07
   279.795013      -1.02991699E-07
   279.910004      -1.05892859E-07
   280.024994      -1.08765171E-07
   280.140015      -1.11608145E-07
   280.255005      -1.14421304E-07
   280.369995      -1.17204173E-07
   280.484985      -1.19956283E-07
   280.600006      -1.22677164E-07
   280.714996      -1.25366384E-07
   280.829987      -1.28023459E-07
   280.945007      -1.30647948E-07
   281.059998      -1.33239425E-07
   281.174988      -1.35797436E-07
   281.290009      -1.38321582E-07
   281.404999      -1.40811423E-07
   281.519989      -1.43266575E-07
   281.635010      -1.45686641E-07
   281.750000      -1.48071280E-07
   281.864990      -1.50420149E-07
   281.980011      -1.52732881E-07
   282.095001      -1.55009218E-07
   282.209991      -1.57248834E-07
   282.325012      -1.59451503E-07
   282.440002      -1.61616967E-07
   282.554993      -1.63745028E-07
   282.670013      -1.65835502E-07
   282.785004      -1.67888203E-07
   282.899994      -1.69902989E-07
   283.015015      -1.71879748E-07
   283.130005      -1.73818378E-07
   283.244995      -1.75718782E-07
   283.359985      -1.77580887E-07
   283.475006      -1.79404651E-07
   283.589996      -1.81190032E-07
   283.704987      -1.82937015E-07
   283.820007      -1.84645572E-07
   283.934998      -1.86315759E-07
   284.049988      -1.87947578E-07
   284.165009      -1.89541083E-07
   284.279999      -1.91096333E-07
   284.394989      -1.92613399E-07
   284.510010      -1.94092365E-07
   284.625000      -1.95533374E-07
   284.739990      -1.96936497E-07
   284.855011      -1.98301890E-07
   284.970001      -1.99629696E-07
   285.084991      -2.00920084E-07
   285.200012      -2.02173197E-07
   285.315002      -2.03389234E-07
   285.429993      -2.04568352E-07
   285.545013      -2.05710734E-07
   285.660004      -2.06816594E-07
   285.774994      -2.07886103E-07
   285.890015      -2.08919445E-07
   286.005005      -2.09916806E-07
   286.119995      -2.10878369E-07
   286.234985      -2.11804306E-07
   286.350006      -2.12694800E-07
   286.464996      -2.13550010E-07
   286.579987      -2.14370118E-07
   286.695007      -2.15155254E-07
   286.809998      -2.15905601E-07
   286.924988      -2.16621316E-07
   287.040009      -2.17302542E-07
   287.154999      -2.17949449E-07
   287.269989      -2.18562178E-07
   287.385010      -2.19140915E-07
   287.500000      -2.19685802E-07
   287.614990      -2.20197037E-07
   287.730011      -2.20674778E-07
   287.845001      -2.21119237E-07
   287.959991      -2.21530584E-07
   288.075012      -2.21909019E-07
   288.190002      -2.22254741E-07
   288.304993      -2.22567962E-07
   288.420013      -2.22848911E-07
   288.535004      -2.23097786E-07
   288.649994      -2.23314814E-07
   288.765015      -2.23500237E-07
   288.880005      -2.23654254E-07
   288.994995      -2.23777135E-07
   289.109985      -2.23869122E-07
   289.225006      -2.23930471E-07
   289.339996      -2.23961464E-07
   289.454987      -2.23962402E-07
   289.570007      -2.23933583E-07
   289.684998      -2.23875375E-07
   289.799988      -2.23788120E-07
   289.915009      -2.23672174E-07
   290.029999      -2.23527977E-07
   290.144989      -2.23355940E-07
   290.260010      -2.23156547E-07
   290.375000      -2.22930240E-07
   290.489990      -2.22677542E-07
   290.605011      -2.22398967E-07
   290.720001      -2.22095025E-07
   290.834991      -2.21766285E-07
   290.950012      -2.21413316E-07
   291.065002      -2.21036700E-07
   291.179993      -2.20637020E-07
   291.295013      -2.20214886E-07
   291.410004      -2.19770939E-07
   291.524994      -2.19305790E-07
   291.640015      -2.18820091E-07
   291.755005      -2.18314497E-07
   291.869995      -2.17789676E-07
   291.984985      -2.17246296E-07
   292.100006      -2.16685038E-07
   292.214996      -2.16106585E-07
   292.329987      -2.15511633E-07
   292.445007      -2.14900851E-07
   292.559998      -2.14274948E-07
   292.674988      -2.13634564E-07
   292.790009      -2.12980382E-07
   292.904999      -2.12313054E-07
   293.019989      -2.11633193E-07
   293.135010      -2.10941408E-07
   293.250000      -2.10238298E-07
   293.364990      -2.09524401E-07
   293.480011      -2.08800245E-07
   293.595001      -2.08066353E-07
   293.709991      -2.07323197E-07
   293.825012      -2.06571201E-07
   293.940002      -2.05810807E-07
   294.054993      -2.05042426E-07
   294.170013      -2.04266385E-07
   294.285004      -2.03483054E-07
   294.399994      -2.02692732E-07
   294.515015      -2.01895745E-07
   294.630005      -2.01092348E-07
   294.744995      -2.00282756E-07
   294.859985      -1.99467237E-07
   294.975006      -1.98645964E-07
   295.089996      -1.97819162E-07
   295.204987      -1.96986988E-07
   295.320007      -1.96149600E-07
   295.434998      -1.95307180E-07
   295.549988      -1.94459830E-07
   295.665009      -1.93607718E-07
   295.779999      -1.92750960E-07
   295.894989      -1.91889711E-07
   296.010010      -1.91024100E-07
   296.125000      -1.90154239E-07
   296.239990      -1.89280328E-07
   296.355011      -1.88402467E-07
   296.470001      -1.87520826E-07
   296.584991      -1.86635575E-07
   296.700012      -1.85746885E-07
   296.815002      -1.84854954E-07
   296.929993      -1.83959926E-07
   297.045013      -1.83062042E-07
   297.160004      -1.82161486E-07
   297.274994      -1.81258471E-07
   297.390015      -1.80353211E-07
   297.505005      -1.79445877E-07
   297.619995      -1.78536723E-07
   297.734985      -1.77625935E-07
   297.850006      -1.76713726E-07
   297.964996      -1.75800309E-07
   298.079987      -1.74885869E-07
   298.195007      -1.73970619E-07
   298.309998      -1.73054715E-07
   298.424988      -1.72138343E-07
   298.540009      -1.71221672E-07
   298.654999      -1.70304858E-07
   298.769989      -1.69388031E-07
   298.885010      -1.68471345E-07
   299.000000      -1.67554859E-07
   299.114990      -1.66638728E-07
   299.230011      -1.65723009E-07
   299.345001      -1.64807744E-07
   299.459991      -1.63893020E-07
   299.575012      -1.62978850E-07
   299.690002      -1.62065248E-07
   299.804993      -1.61152215E-07
   299.920013      -1.60239736E-07
   300.035004      -1.59327755E-07
   300.149994      -1.58416242E-07
   300.265015      -1.57505113E-07
   300.380005      -1.56594268E-07
   300.494995      -1.55683608E-07
   300.609985      -1.54772991E-07
   300.725006      -1.53862274E-07
   300.839996      -1.52951287E-07
   300.954987      -1.52039860E-07
   301.070007      -1.51127793E-07
   301.184998      -1.50214902E-07
   301.299988      -1.49300917E-07
   301.415009      -1.48385624E-07
   301.529999      -1.47468768E-07
   301.644989      -1.46550093E-07
   301.760010      -1.45629357E-07
   301.875000      -1.44706263E-07
   301.989990      -1.43780539E-07
   302.105011      -1.42851903E-07
   302.220001      -1.41920069E-07
   302.334991      -1.40984724E-07
   302.450012      -1.40045586E-07
   302.565002      -1.39102340E-07
   302.679993      -1.38154704E-07
   302.795013      -1.37202335E-07
   302.910004      -1.36244935E-07
   303.024994      -1.35282193E-07
   303.140015      -1.34313751E-07
   303.255005      -1.33339285E-07
   303.369995      -1.32358466E-07
   303.484985      -1.31370953E-07
   303.600006      -1.30376378E-07
   303.714996      -1.29374413E-07
   303.829987      -1.28364675E-07
   303.945007      -1.27346823E-07
   304.059998      -1.26320501E-07
   304.174988      -1.25285339E-07
   304.290009      -1.24240955E-07
   304.404999      -1.23186979E-07
   304.519989      -1.22123041E-07
   304.635010      -1.21048757E-07
   304.750000      -1.19963715E-07
   304.864990      -1.18867526E-07
   304.980011      -1.17759789E-07
   305.095001      -1.16640052E-07
   305.209991      -1.15507888E-07
   305.325012      -1.14362827E-07
   305.440002      -1.13204393E-07
   305.554993      -1.12032119E-07
   305.670013      -1.10845512E-07
   305.785004      -1.09644098E-07
   305.899994      -1.08427315E-07
   306.015015      -1.07194637E-07
   306.130005      -1.05945553E-07
   306.244995      -1.04679479E-07
   306.359985      -1.03395898E-07
   306.475006      -1.02094226E-07
   306.589996      -1.00773924E-07
   306.704987      -9.94344092E-08
   306.820007      -9.80751480E-08
   306.934998      -9.66955653E-08
   307.049988      -9.52951424E-08
   307.165009      -9.38733180E-08
   307.279999      -9.24295378E-08
   307.394989      -9.09632689E-08
   307.510010      -8.94739856E-08
   307.625000      -8.79611548E-08
   307.739990      -8.64242864E-08
   307.855011      -8.48628474E-08
   307.970001      -8.32763405E-08
   308.084991      -8.16642540E-08
   308.200012      -8.00261404E-08
   308.315002      -7.83615377E-08
   308.429993      -7.66699628E-08
   308.545013      -7.49510392E-08
   308.660004      -7.32043546E-08
   308.774994      -7.14294828E-08
   308.890015      -6.96261111E-08
   309.005005      -6.77938985E-08
   309.119995      -6.59324613E-08
   309.234985      -6.40415223E-08
   309.350006      -6.21207832E-08
   309.464996      -6.01699597E-08
   309.579987      -5.81888209E-08
   309.695007      -5.61770825E-08
   309.809998      -5.41344924E-08
   309.924988      -5.20607486E-08
   310.040009      -4.99556521E-08
   310.154999      -4.78189257E-08
   310.269989      -4.56503244E-08
   310.385010      -4.34495639E-08
