2562  
0.000000E+00 0.900000E+02 5
0.540000E+02 0.860353E+02 5
0.126000E+03 0.860353E+02 5
0.540000E+02 0.820706E+02 5
0.900000E+02 0.835709E+02 5
0.126000E+03 0.820706E+02 5
0.540000E+02 0.781059E+02 5
0.764436E+02 0.800581E+02 5
0.103556E+03 0.800581E+02 5
0.126000E+03 0.781059E+02 5
0.540000E+02 0.741413E+02 5
0.701556E+02 0.762697E+02 5
0.900000E+02 0.770568E+02 5
0.109844E+03 0.762697E+02 5
0.126000E+03 0.741413E+02 5
0.540000E+02 0.701766E+02 5
0.666285E+02 0.723747E+02 5
0.818378E+02 0.735839E+02 5
0.981622E+02 0.735839E+02 5
0.113372E+03 0.723747E+02 5
0.126000E+03 0.701766E+02 5
0.540000E+02 0.662119E+02 5
0.643986E+02 0.684241E+02 5
0.766103E+02 0.698679E+02 5
0.900000E+02 0.703728E+02 5
0.103390E+03 0.698679E+02 5
0.115601E+03 0.684241E+02 5
0.126000E+03 0.662119E+02 5
0.540000E+02 0.622472E+02 5
0.628736E+02 0.644379E+02 5
0.730492E+02 0.660096E+02 5
0.842229E+02 0.668355E+02 5
0.957771E+02 0.668355E+02 5
0.106951E+03 0.660096E+02 5
0.117126E+03 0.644379E+02 5
0.126000E+03 0.622472E+02 5
0.540000E+02 0.582825E+02 5
0.617717E+02 0.604254E+02 5
0.704980E+02 0.620571E+02 5
0.800191E+02 0.630839E+02 5
0.900000E+02 0.634350E+02 5
0.999809E+02 0.630839E+02 5
0.109502E+03 0.620571E+02 5
0.118228E+03 0.604254E+02 5
0.126000E+03 0.582825E+02 5
0.540000E+02 0.543178E+02 5
0.609426E+02 0.563917E+02 5
0.685962E+02 0.580362E+02 5
0.768693E+02 0.591817E+02 5
0.855717E+02 0.597708E+02 5
0.944283E+02 0.597708E+02 5
0.103131E+03 0.591817E+02 5
0.111404E+03 0.580362E+02 5
0.119057E+03 0.563917E+02 5
0.126000E+03 0.543178E+02 5
0.540000E+02 0.503532E+02 5
0.602990E+02 0.523395E+02 5
0.671328E+02 0.539614E+02 5
0.744452E+02 0.551668E+02 5
0.821231E+02 0.559107E+02 5
0.900000E+02 0.561624E+02 5
0.978769E+02 0.559107E+02 5
0.105555E+03 0.551668E+02 5
0.112867E+03 0.539614E+02 5
0.119701E+03 0.523395E+02 5
0.126000E+03 0.503532E+02 5
0.540000E+02 0.463885E+02 5
0.597866E+02 0.482708E+02 5
0.659772E+02 0.498418E+02 5
0.725353E+02 0.510627E+02 5
0.793908E+02 0.518989E+02 5
0.864410E+02 0.523241E+02 5
0.935590E+02 0.523241E+02 5
0.100609E+03 0.518989E+02 5
0.107465E+03 0.510627E+02 5
0.114023E+03 0.498418E+02 5
0.120213E+03 0.482708E+02 5
0.126000E+03 0.463885E+02 5
0.540000E+02 0.424238E+02 5
0.593697E+02 0.441869E+02 5
0.650443E+02 0.456838E+02 5
0.709991E+02 0.468854E+02 5
0.771890E+02 0.477653E+02 5
0.835495E+02 0.483025E+02 5
0.900000E+02 0.484832E+02 5
0.964505E+02 0.483025E+02 5
0.102811E+03 0.477653E+02 5
0.109001E+03 0.468854E+02 5
0.114956E+03 0.456838E+02 5
0.120630E+03 0.441869E+02 5
0.126000E+03 0.424238E+02 5
0.540000E+02 0.384591E+02 5
0.590238E+02 0.400891E+02 5
0.642764E+02 0.414920E+02 5
0.697401E+02 0.426461E+02 5
0.753857E+02 0.435315E+02 5
0.811719E+02 0.441317E+02 5
0.870471E+02 0.444350E+02 5
0.929529E+02 0.444350E+02 5
0.988281E+02 0.441317E+02 5
0.104614E+03 0.435315E+02 5
0.110260E+03 0.426461E+02 5
0.115724E+03 0.414920E+02 5
0.120976E+03 0.400891E+02 5
0.126000E+03 0.384591E+02 5
0.540000E+02 0.344944E+02 5
0.587317E+02 0.359788E+02 5
0.636327E+02 0.372707E+02 5
0.686905E+02 0.383539E+02 5
0.738858E+02 0.392137E+02 5
0.791918E+02 0.398376E+02 5
0.845758E+02 0.402160E+02 5
0.900000E+02 0.403429E+02 5
0.954242E+02 0.402160E+02 5
0.100808E+03 0.398376E+02 5
0.106114E+03 0.392137E+02 5
0.111309E+03 0.383539E+02 5
0.116367E+03 0.372707E+02 5
0.121268E+03 0.359788E+02 5
0.126000E+03 0.344944E+02 5
0.540000E+02 0.305297E+02 5
0.584804E+02 0.318574E+02 5
0.630836E+02 0.330236E+02 5
0.678008E+02 0.340166E+02 5
0.726191E+02 0.348255E+02 5
0.775213E+02 0.354411E+02 5
0.824866E+02 0.358558E+02 5
0.874911E+02 0.360646E+02 5
0.925089E+02 0.360646E+02 5
0.975134E+02 0.358558E+02 5
0.102479E+03 0.354411E+02 5
0.107381E+03 0.348255E+02 5
0.112199E+03 0.340166E+02 5
0.116916E+03 0.330236E+02 5
0.121520E+03 0.318574E+02 5
0.126000E+03 0.305297E+02 5
0.540000E+02 0.265651E+02 5
0.582603E+02 0.277266E+02 5
0.626069E+02 0.287551E+02 5
0.670340E+02 0.296419E+02 5
0.715330E+02 0.303792E+02 5
0.760930E+02 0.309603E+02 5
0.807010E+02 0.313795E+02 5
0.853421E+02 0.316328E+02 5
0.900000E+02 0.317175E+02 5
0.946579E+02 0.316328E+02 5
0.992990E+02 0.313795E+02 5
0.103907E+03 0.309603E+02 5
0.108467E+03 0.303792E+02 5
0.112966E+03 0.296419E+02 5
0.117393E+03 0.287551E+02 5
0.121740E+03 0.277266E+02 5
0.126000E+03 0.265651E+02 5
0.198000E+03 0.860353E+02 5
0.162000E+03 0.835709E+02 5
0.198000E+03 0.820706E+02 5
0.148444E+03 0.800581E+02 5
0.175556E+03 0.800581E+02 5
0.198000E+03 0.781059E+02 5
0.142156E+03 0.762697E+02 5
0.162000E+03 0.770568E+02 5
0.181844E+03 0.762697E+02 5
0.198000E+03 0.741413E+02 5
0.138628E+03 0.723747E+02 5
0.153838E+03 0.735839E+02 5
0.170162E+03 0.735839E+02 5
0.185372E+03 0.723747E+02 5
0.198000E+03 0.701766E+02 5
0.136399E+03 0.684241E+02 5
0.148610E+03 0.698679E+02 5
0.162000E+03 0.703728E+02 5
0.175390E+03 0.698679E+02 5
0.187601E+03 0.684241E+02 5
0.198000E+03 0.662119E+02 5
0.134874E+03 0.644379E+02 5
0.145049E+03 0.660096E+02 5
0.156223E+03 0.668355E+02 5
0.167777E+03 0.668355E+02 5
0.178951E+03 0.660096E+02 5
0.189126E+03 0.644379E+02 5
0.198000E+03 0.622472E+02 5
0.133772E+03 0.604254E+02 5
0.142498E+03 0.620571E+02 5
0.152019E+03 0.630839E+02 5
0.162000E+03 0.634350E+02 5
0.171981E+03 0.630839E+02 5
0.181502E+03 0.620571E+02 5
0.190228E+03 0.604254E+02 5
0.198000E+03 0.582825E+02 5
0.132943E+03 0.563917E+02 5
0.140596E+03 0.580362E+02 5
0.148869E+03 0.591817E+02 5
0.157572E+03 0.597708E+02 5
0.166428E+03 0.597708E+02 5
0.175131E+03 0.591817E+02 5
0.183404E+03 0.580362E+02 5
0.191057E+03 0.563917E+02 5
0.198000E+03 0.543178E+02 5
0.132299E+03 0.523395E+02 5
0.139133E+03 0.539614E+02 5
0.146445E+03 0.551668E+02 5
0.154123E+03 0.559107E+02 5
0.162000E+03 0.561624E+02 5
0.169877E+03 0.559107E+02 5
0.177555E+03 0.551668E+02 5
0.184867E+03 0.539614E+02 5
0.191701E+03 0.523395E+02 5
0.198000E+03 0.503532E+02 5
0.131787E+03 0.482708E+02 5
0.137977E+03 0.498418E+02 5
0.144535E+03 0.510627E+02 5
0.151391E+03 0.518989E+02 5
0.158441E+03 0.523241E+02 5
0.165559E+03 0.523241E+02 5
0.172609E+03 0.518989E+02 5
0.179465E+03 0.510627E+02 5
0.186023E+03 0.498418E+02 5
0.192213E+03 0.482708E+02 5
0.198000E+03 0.463885E+02 5
0.131370E+03 0.441869E+02 5
0.137044E+03 0.456838E+02 5
0.142999E+03 0.468854E+02 5
0.149189E+03 0.477653E+02 5
0.155550E+03 0.483025E+02 5
0.162000E+03 0.484832E+02 5
0.168450E+03 0.483025E+02 5
0.174811E+03 0.477653E+02 5
0.181001E+03 0.468854E+02 5
0.186956E+03 0.456838E+02 5
0.192630E+03 0.441869E+02 5
0.198000E+03 0.424238E+02 5
0.131024E+03 0.400891E+02 5
0.136276E+03 0.414920E+02 5
0.141740E+03 0.426461E+02 5
0.147386E+03 0.435315E+02 5
0.153172E+03 0.441317E+02 5
0.159047E+03 0.444350E+02 5
0.164953E+03 0.444350E+02 5
0.170828E+03 0.441317E+02 5
0.176614E+03 0.435315E+02 5
0.182260E+03 0.426461E+02 5
0.187724E+03 0.414920E+02 5
0.192976E+03 0.400891E+02 5
0.198000E+03 0.384591E+02 5
0.130732E+03 0.359788E+02 5
0.135633E+03 0.372707E+02 5
0.140691E+03 0.383539E+02 5
0.145886E+03 0.392137E+02 5
0.151192E+03 0.398376E+02 5
0.156576E+03 0.402160E+02 5
0.162000E+03 0.403429E+02 5
0.167424E+03 0.402160E+02 5
0.172808E+03 0.398376E+02 5
0.178114E+03 0.392137E+02 5
0.183309E+03 0.383539E+02 5
0.188367E+03 0.372707E+02 5
0.193268E+03 0.359788E+02 5
0.198000E+03 0.344944E+02 5
0.130480E+03 0.318574E+02 5
0.135084E+03 0.330236E+02 5
0.139801E+03 0.340166E+02 5
0.144619E+03 0.348255E+02 5
0.149521E+03 0.354411E+02 5
0.154487E+03 0.358558E+02 5
0.159491E+03 0.360646E+02 5
0.164509E+03 0.360646E+02 5
0.169513E+03 0.358558E+02 5
0.174479E+03 0.354411E+02 5
0.179381E+03 0.348255E+02 5
0.184199E+03 0.340166E+02 5
0.188916E+03 0.330236E+02 5
0.193520E+03 0.318574E+02 5
0.198000E+03 0.305297E+02 5
0.130260E+03 0.277266E+02 5
0.134607E+03 0.287551E+02 5
0.139034E+03 0.296419E+02 5
0.143533E+03 0.303792E+02 5
0.148093E+03 0.309603E+02 5
0.152701E+03 0.313795E+02 5
0.157342E+03 0.316328E+02 5
0.162000E+03 0.317175E+02 5
0.166658E+03 0.316328E+02 5
0.171299E+03 0.313795E+02 5
0.175907E+03 0.309603E+02 5
0.180467E+03 0.303792E+02 5
0.184966E+03 0.296419E+02 5
0.189393E+03 0.287551E+02 5
0.193740E+03 0.277266E+02 5
0.198000E+03 0.265651E+02 5
0.270000E+03 0.860353E+02 5
0.234000E+03 0.835709E+02 5
0.270000E+03 0.820706E+02 5
0.220444E+03 0.800581E+02 5
0.247556E+03 0.800581E+02 5
0.270000E+03 0.781059E+02 5
0.214156E+03 0.762697E+02 5
0.234000E+03 0.770568E+02 5
0.253844E+03 0.762697E+02 5
0.270000E+03 0.741413E+02 5
0.210628E+03 0.723747E+02 5
0.225838E+03 0.735839E+02 5
0.242162E+03 0.735839E+02 5
0.257372E+03 0.723747E+02 5
0.270000E+03 0.701766E+02 5
0.208399E+03 0.684241E+02 5
0.220610E+03 0.698679E+02 5
0.234000E+03 0.703728E+02 5
0.247390E+03 0.698679E+02 5
0.259601E+03 0.684241E+02 5
0.270000E+03 0.662119E+02 5
0.206874E+03 0.644379E+02 5
0.217049E+03 0.660096E+02 5
0.228223E+03 0.668355E+02 5
0.239777E+03 0.668355E+02 5
0.250951E+03 0.660096E+02 5
0.261126E+03 0.644379E+02 5
0.270000E+03 0.622472E+02 5
0.205772E+03 0.604254E+02 5
0.214498E+03 0.620571E+02 5
0.224019E+03 0.630839E+02 5
0.234000E+03 0.634350E+02 5
0.243981E+03 0.630839E+02 5
0.253502E+03 0.620571E+02 5
0.262228E+03 0.604254E+02 5
0.270000E+03 0.582825E+02 5
0.204943E+03 0.563917E+02 5
0.212596E+03 0.580362E+02 5
0.220869E+03 0.591817E+02 5
0.229572E+03 0.597708E+02 5
0.238428E+03 0.597708E+02 5
0.247131E+03 0.591817E+02 5
0.255404E+03 0.580362E+02 5
0.263057E+03 0.563917E+02 5
0.270000E+03 0.543178E+02 5
0.204299E+03 0.523395E+02 5
0.211133E+03 0.539614E+02 5
0.218445E+03 0.551668E+02 5
0.226123E+03 0.559107E+02 5
0.234000E+03 0.561624E+02 5
0.241877E+03 0.559107E+02 5
0.249555E+03 0.551668E+02 5
0.256867E+03 0.539614E+02 5
0.263701E+03 0.523395E+02 5
0.270000E+03 0.503532E+02 5
0.203787E+03 0.482708E+02 5
0.209977E+03 0.498418E+02 5
0.216535E+03 0.510627E+02 5
0.223391E+03 0.518989E+02 5
0.230441E+03 0.523241E+02 5
0.237559E+03 0.523241E+02 5
0.244609E+03 0.518989E+02 5
0.251465E+03 0.510627E+02 5
0.258023E+03 0.498418E+02 5
0.264213E+03 0.482708E+02 5
0.270000E+03 0.463885E+02 5
0.203370E+03 0.441869E+02 5
0.209044E+03 0.456838E+02 5
0.214999E+03 0.468854E+02 5
0.221189E+03 0.477653E+02 5
0.227550E+03 0.483025E+02 5
0.234000E+03 0.484832E+02 5
0.240450E+03 0.483025E+02 5
0.246811E+03 0.477653E+02 5
0.253001E+03 0.468854E+02 5
0.258956E+03 0.456838E+02 5
0.264630E+03 0.441869E+02 5
0.270000E+03 0.424238E+02 5
0.203024E+03 0.400891E+02 5
0.208276E+03 0.414920E+02 5
0.213740E+03 0.426461E+02 5
0.219386E+03 0.435315E+02 5
0.225172E+03 0.441317E+02 5
0.231047E+03 0.444350E+02 5
0.236953E+03 0.444350E+02 5
0.242828E+03 0.441317E+02 5
0.248614E+03 0.435315E+02 5
0.254260E+03 0.426461E+02 5
0.259724E+03 0.414920E+02 5
0.264976E+03 0.400891E+02 5
0.270000E+03 0.384591E+02 5
0.202732E+03 0.359788E+02 5
0.207633E+03 0.372707E+02 5
0.212691E+03 0.383539E+02 5
0.217886E+03 0.392137E+02 5
0.223192E+03 0.398376E+02 5
0.228576E+03 0.402160E+02 5
0.234000E+03 0.403429E+02 5
0.239424E+03 0.402160E+02 5
0.244808E+03 0.398376E+02 5
0.250114E+03 0.392137E+02 5
0.255309E+03 0.383539E+02 5
0.260367E+03 0.372707E+02 5
0.265268E+03 0.359788E+02 5
0.270000E+03 0.344944E+02 5
0.202480E+03 0.318574E+02 5
0.207084E+03 0.330236E+02 5
0.211801E+03 0.340166E+02 5
0.216619E+03 0.348255E+02 5
0.221521E+03 0.354411E+02 5
0.226487E+03 0.358558E+02 5
0.231491E+03 0.360646E+02 5
0.236509E+03 0.360646E+02 5
0.241513E+03 0.358558E+02 5
0.246479E+03 0.354411E+02 5
0.251381E+03 0.348255E+02 5
0.256199E+03 0.340166E+02 5
0.260916E+03 0.330236E+02 5
0.265520E+03 0.318574E+02 5
0.270000E+03 0.305297E+02 5
0.202260E+03 0.277266E+02 5
0.206607E+03 0.287551E+02 5
0.211034E+03 0.296419E+02 5
0.215533E+03 0.303792E+02 5
0.220093E+03 0.309603E+02 5
0.224701E+03 0.313795E+02 5
0.229342E+03 0.316328E+02 5
0.234000E+03 0.317175E+02 5
0.238658E+03 0.316328E+02 5
0.243299E+03 0.313795E+02 5
0.247907E+03 0.309603E+02 5
0.252467E+03 0.303792E+02 5
0.256966E+03 0.296419E+02 5
0.261393E+03 0.287551E+02 5
0.265740E+03 0.277266E+02 5
0.270000E+03 0.265651E+02 5
0.342000E+03 0.860353E+02 5
0.306000E+03 0.835709E+02 5
0.342000E+03 0.820706E+02 5
0.292444E+03 0.800581E+02 5
0.319556E+03 0.800581E+02 5
0.342000E+03 0.781059E+02 5
0.286156E+03 0.762697E+02 5
0.306000E+03 0.770568E+02 5
0.325844E+03 0.762697E+02 5
0.342000E+03 0.741413E+02 5
0.282628E+03 0.723747E+02 5
0.297838E+03 0.735839E+02 5
0.314162E+03 0.735839E+02 5
0.329372E+03 0.723747E+02 5
0.342000E+03 0.701766E+02 5
0.280399E+03 0.684241E+02 5
0.292610E+03 0.698679E+02 5
0.306000E+03 0.703728E+02 5
0.319390E+03 0.698679E+02 5
0.331601E+03 0.684241E+02 5
0.342000E+03 0.662119E+02 5
0.278874E+03 0.644379E+02 5
0.289049E+03 0.660096E+02 5
0.300223E+03 0.668355E+02 5
0.311777E+03 0.668355E+02 5
0.322951E+03 0.660096E+02 5
0.333126E+03 0.644379E+02 5
0.342000E+03 0.622472E+02 5
0.277772E+03 0.604254E+02 5
0.286498E+03 0.620571E+02 5
0.296019E+03 0.630839E+02 5
0.306000E+03 0.634350E+02 5
0.315981E+03 0.630839E+02 5
0.325502E+03 0.620571E+02 5
0.334228E+03 0.604254E+02 5
0.342000E+03 0.582825E+02 5
0.276943E+03 0.563917E+02 5
0.284596E+03 0.580362E+02 5
0.292869E+03 0.591817E+02 5
0.301572E+03 0.597708E+02 5
0.310428E+03 0.597708E+02 5
0.319131E+03 0.591817E+02 5
0.327404E+03 0.580362E+02 5
0.335057E+03 0.563917E+02 5
0.342000E+03 0.543178E+02 5
0.276299E+03 0.523395E+02 5
0.283133E+03 0.539614E+02 5
0.290445E+03 0.551668E+02 5
0.298123E+03 0.559107E+02 5
0.306000E+03 0.561624E+02 5
0.313877E+03 0.559107E+02 5
0.321555E+03 0.551668E+02 5
0.328867E+03 0.539614E+02 5
0.335701E+03 0.523395E+02 5
0.342000E+03 0.503532E+02 5
0.275787E+03 0.482708E+02 5
0.281977E+03 0.498418E+02 5
0.288535E+03 0.510627E+02 5
0.295391E+03 0.518989E+02 5
0.302441E+03 0.523241E+02 5
0.309559E+03 0.523241E+02 5
0.316609E+03 0.518989E+02 5
0.323465E+03 0.510627E+02 5
0.330023E+03 0.498418E+02 5
0.336213E+03 0.482708E+02 5
0.342000E+03 0.463885E+02 5
0.275370E+03 0.441869E+02 5
0.281044E+03 0.456838E+02 5
0.286999E+03 0.468854E+02 5
0.293189E+03 0.477653E+02 5
0.299550E+03 0.483025E+02 5
0.306000E+03 0.484832E+02 5
0.312450E+03 0.483025E+02 5
0.318811E+03 0.477653E+02 5
0.325001E+03 0.468854E+02 5
0.330956E+03 0.456838E+02 5
0.336630E+03 0.441869E+02 5
0.342000E+03 0.424238E+02 5
0.275024E+03 0.400891E+02 5
0.280276E+03 0.414920E+02 5
0.285740E+03 0.426461E+02 5
0.291386E+03 0.435315E+02 5
0.297172E+03 0.441317E+02 5
0.303047E+03 0.444350E+02 5
0.308953E+03 0.444350E+02 5
0.314828E+03 0.441317E+02 5
0.320614E+03 0.435315E+02 5
0.326260E+03 0.426461E+02 5
0.331724E+03 0.414920E+02 5
0.336976E+03 0.400891E+02 5
0.342000E+03 0.384591E+02 5
0.274732E+03 0.359788E+02 5
0.279633E+03 0.372707E+02 5
0.284691E+03 0.383539E+02 5
0.289886E+03 0.392137E+02 5
0.295192E+03 0.398376E+02 5
0.300576E+03 0.402160E+02 5
0.306000E+03 0.403429E+02 5
0.311424E+03 0.402160E+02 5
0.316808E+03 0.398376E+02 5
0.322114E+03 0.392137E+02 5
0.327309E+03 0.383539E+02 5
0.332367E+03 0.372707E+02 5
0.337268E+03 0.359788E+02 5
0.342000E+03 0.344944E+02 5
0.274480E+03 0.318574E+02 5
0.279084E+03 0.330236E+02 5
0.283801E+03 0.340166E+02 5
0.288619E+03 0.348255E+02 5
0.293521E+03 0.354411E+02 5
0.298487E+03 0.358558E+02 5
0.303491E+03 0.360646E+02 5
0.308509E+03 0.360646E+02 5
0.313513E+03 0.358558E+02 5
0.318479E+03 0.354411E+02 5
0.323381E+03 0.348255E+02 5
0.328199E+03 0.340166E+02 5
0.332916E+03 0.330236E+02 5
0.337520E+03 0.318574E+02 5
0.342000E+03 0.305297E+02 5
0.274260E+03 0.277266E+02 5
0.278607E+03 0.287551E+02 5
0.283034E+03 0.296419E+02 5
0.287533E+03 0.303792E+02 5
0.292093E+03 0.309603E+02 5
0.296701E+03 0.313795E+02 5
0.301342E+03 0.316328E+02 5
0.306000E+03 0.317175E+02 5
0.310658E+03 0.316328E+02 5
0.315299E+03 0.313795E+02 5
0.319907E+03 0.309603E+02 5
0.324467E+03 0.303792E+02 5
0.328966E+03 0.296419E+02 5
0.333393E+03 0.287551E+02 5
0.337740E+03 0.277266E+02 5
0.342000E+03 0.265651E+02 5
0.180000E+02 0.835709E+02 5
0.444356E+01 0.800581E+02 5
0.315564E+02 0.800581E+02 5
0.358156E+03 0.762697E+02 5
0.180000E+02 0.770568E+02 5
0.378444E+02 0.762697E+02 5
0.354628E+03 0.723747E+02 5
0.983775E+01 0.735839E+02 5
0.261623E+02 0.735839E+02 5
0.413715E+02 0.723747E+02 5
0.352399E+03 0.684241E+02 5
0.461033E+01 0.698679E+02 5
0.180000E+02 0.703728E+02 5
0.313897E+02 0.698679E+02 5
0.436014E+02 0.684241E+02 5
0.350874E+03 0.644379E+02 5
0.104920E+01 0.660096E+02 5
0.122229E+02 0.668355E+02 5
0.237771E+02 0.668355E+02 5
0.349508E+02 0.660096E+02 5
0.451264E+02 0.644379E+02 5
0.349772E+03 0.604254E+02 5
0.358498E+03 0.620571E+02 5
0.801915E+01 0.630839E+02 5
0.180000E+02 0.634350E+02 5
0.279808E+02 0.630839E+02 5
0.375020E+02 0.620571E+02 5
0.462283E+02 0.604254E+02 5
0.348943E+03 0.563917E+02 5
0.356596E+03 0.580362E+02 5
0.486930E+01 0.591817E+02 5
0.135717E+02 0.597708E+02 5
0.224283E+02 0.597708E+02 5
0.311307E+02 0.591817E+02 5
0.394038E+02 0.580362E+02 5
0.470574E+02 0.563917E+02 5
0.348299E+03 0.523395E+02 5
0.355133E+03 0.539614E+02 5
0.244522E+01 0.551668E+02 5
0.101231E+02 0.559107E+02 5
0.180000E+02 0.561624E+02 5
0.258769E+02 0.559107E+02 5
0.335548E+02 0.551668E+02 5
0.408672E+02 0.539614E+02 5
0.477010E+02 0.523395E+02 5
0.347787E+03 0.482708E+02 5
0.353977E+03 0.498418E+02 5
0.535310E+00 0.510627E+02 5
0.739076E+01 0.518989E+02 5
0.144410E+02 0.523241E+02 5
0.215590E+02 0.523241E+02 5
0.286092E+02 0.518989E+02 5
0.354647E+02 0.510627E+02 5
0.420228E+02 0.498418E+02 5
0.482134E+02 0.482708E+02 5
0.347370E+03 0.441869E+02 5
0.353044E+03 0.456838E+02 5
0.358999E+03 0.468854E+02 5
0.518898E+01 0.477653E+02 5
0.115495E+02 0.483025E+02 5
0.180000E+02 0.484832E+02 5
0.244505E+02 0.483025E+02 5
0.308110E+02 0.477653E+02 5
0.370009E+02 0.468854E+02 5
0.429557E+02 0.456838E+02 5
0.486303E+02 0.441869E+02 5
0.347024E+03 0.400891E+02 5
0.352276E+03 0.414920E+02 5
0.357740E+03 0.426461E+02 5
0.338573E+01 0.435315E+02 5
0.917191E+01 0.441317E+02 5
0.150471E+02 0.444350E+02 5
0.209529E+02 0.444350E+02 5
0.268281E+02 0.441317E+02 5
0.326143E+02 0.435315E+02 5
0.382599E+02 0.426461E+02 5
0.437236E+02 0.414920E+02 5
0.489762E+02 0.400891E+02 5
0.346732E+03 0.359788E+02 5
0.351633E+03 0.372707E+02 5
0.356691E+03 0.383539E+02 5
0.188578E+01 0.392137E+02 5
0.719184E+01 0.398376E+02 5
0.125758E+02 0.402160E+02 5
0.180000E+02 0.403429E+02 5
0.234242E+02 0.402160E+02 5
0.288082E+02 0.398376E+02 5
0.341142E+02 0.392137E+02 5
0.393095E+02 0.383539E+02 5
0.443673E+02 0.372707E+02 5
0.492683E+02 0.359788E+02 5
0.346480E+03 0.318574E+02 5
0.351084E+03 0.330236E+02 5
0.355801E+03 0.340166E+02 5
0.619061E+00 0.348255E+02 5
0.552132E+01 0.354411E+02 5
0.104866E+02 0.358558E+02 5
0.154911E+02 0.360646E+02 5
0.205089E+02 0.360646E+02 5
0.255134E+02 0.358558E+02 5
0.304787E+02 0.354411E+02 5
0.353809E+02 0.348255E+02 5
0.401992E+02 0.340166E+02 5
0.449164E+02 0.330236E+02 5
0.495196E+02 0.318574E+02 5
0.346260E+03 0.277266E+02 5
0.350607E+03 0.287551E+02 5
0.355034E+03 0.296419E+02 5
0.359533E+03 0.303792E+02 5
0.409303E+01 0.309603E+02 5
0.870101E+01 0.313795E+02 5
0.133421E+02 0.316328E+02 5
0.180000E+02 0.317175E+02 5
0.226579E+02 0.316328E+02 5
0.272990E+02 0.313795E+02 5
0.319070E+02 0.309603E+02 5
0.364670E+02 0.303792E+02 5
0.409660E+02 0.296419E+02 5
0.453931E+02 0.287551E+02 5
0.497397E+02 0.277266E+02 5
0.565368E+02 0.233353E+02 5
0.589523E+02 0.200667E+02 5
0.607166E+02 0.244219E+02 5
0.612687E+02 0.167667E+02 5
0.630718E+02 0.210807E+02 5
0.649826E+02 0.253745E+02 5
0.635057E+02 0.134416E+02 5
0.653473E+02 0.177093E+02 5
0.672786E+02 0.219590E+02 5
0.693288E+02 0.261847E+02 5
0.656813E+02 0.100974E+02 5
0.675625E+02 0.143132E+02 5
0.695156E+02 0.185136E+02 5
0.715670E+02 0.226930E+02 5
0.737473E+02 0.268446E+02 5
0.678119E+02 0.673914E+01 5
0.697349E+02 0.108973E+02 5
0.717123E+02 0.150431E+02 5
0.737682E+02 0.191711E+02 5
0.759295E+02 0.232750E+02 5
0.782278E+02 0.273475E+02 5
0.699132E+02 0.337182E+01 5
0.718808E+02 0.746611E+01 5
0.738857E+02 0.115515E+02 5
0.759498E+02 0.156228E+02 5
0.780975E+02 0.196740E+02 5
0.803564E+02 0.236983E+02 5
0.827585E+02 0.276878E+02 5
0.720000E+02 0.174962E-06 5
0.740158E+02 0.402409E+01 5
0.760516E+02 0.804317E+01 5
0.781282E+02 0.120520E+02 5
0.802677E+02 0.160451E+02 5
0.824946E+02 0.200160E+02 5
0.848366E+02 0.239577E+02 5
0.873258E+02 0.278616E+02 5
0.740868E+02 -0.337182E+01 5
0.761546E+02 0.575470E+00 5
0.782254E+02 0.452201E+01 5
0.803188E+02 0.846260E+01 5
0.824556E+02 0.123918E+02 5
0.846576E+02 0.163038E+02 5
0.869493E+02 0.201921E+02 5
0.893579E+02 0.240492E+02 5
0.919151E+02 0.278663E+02 5
0.761881E+02 -0.673914E+01 5
0.783122E+02 -0.287541E+01 5
0.804220E+02 0.992240E+00 5
0.825367E+02 0.485854E+01 5
0.846759E+02 0.871818E+01 5
0.868596E+02 0.125656E+02 5
0.891097E+02 0.163948E+02 5
0.914499E+02 0.201992E+02 5
0.939068E+02 0.239710E+02 5
0.965113E+02 0.277013E+02 5
0.783187E+02 -0.100974E+02 5
0.805034E+02 -0.632398E+01 5
0.826563E+02 -0.254162E+01 5
0.847966E+02 0.124431E+01 5
0.869431E+02 0.502850E+01 5
0.891147E+02 0.880558E+01 5
0.913310E+02 0.125700E+02 5
0.936132E+02 0.163156E+02 5
0.959842E+02 0.200358E+02 5
0.984698E+02 0.237228E+02 5
0.101099E+03 0.273679E+02 5
0.804943E+02 -0.134416E+02 5
0.827435E+02 -0.976530E+01 5
0.849435E+02 -0.607455E+01 5
0.871134E+02 -0.237503E+01 5
0.892717E+02 0.132787E+01 5
0.914365E+02 0.502888E+01 5
0.936261E+02 0.872267E+01 5
0.958593E+02 0.124037E+02 5
0.981565E+02 0.160659E+02 5
0.100540E+03 0.197027E+02 5
0.103033E+03 0.233066E+02 5
0.105665E+03 0.268688E+02 5
0.827313E+02 -0.167667E+02 5
0.850488E+02 -0.131939E+02 5
0.872993E+02 -0.960083E+01 5
0.895025E+02 -0.599357E+01 5
0.916766E+02 -0.237763E+01 5
0.938393E+02 0.124171E+01 5
0.960080E+02 0.485928E+01 5
0.982001E+02 0.846985E+01 5
0.100434E+03 0.120680E+02 5
0.102728E+03 0.156478E+02 5
0.105104E+03 0.192029E+02 5
0.107584E+03 0.227261E+02 5
0.110195E+03 0.262090E+02 5
0.850477E+02 -0.200667E+02 5
0.874366E+02 -0.166034E+02 5
0.897406E+02 -0.131138E+02 5
0.919798E+02 -0.960427E+01 5
0.941730E+02 -0.608065E+01 5
0.963375E+02 -0.254830E+01 5
0.984902E+02 0.987660E+00 5
0.100647E+03 0.452222E+01 5
0.102826E+03 0.805034E+01 5
0.105043E+03 0.115668E+02 5
0.107316E+03 0.150659E+02 5
0.109664E+03 0.185417E+02 5
0.112110E+03 0.219872E+02 5
0.114678E+03 0.253947E+02 5
0.874632E+02 -0.233353E+02 5
0.899257E+02 -0.199867E+02 5
0.922851E+02 -0.166056E+02 5
0.945625E+02 -0.131987E+02 5
0.967770E+02 -0.977225E+01 5
0.989462E+02 -0.633180E+01 5
0.101087E+03 -0.288247E+01 5
0.103214E+03 0.570860E+00 5
0.105344E+03 0.402340E+01 5
0.107492E+03 0.747035E+01 5
0.109675E+03 0.109068E+02 5
0.111908E+03 0.143274E+02 5
0.114210E+03 0.177264E+02 5
0.116601E+03 0.210977E+02 5
0.119103E+03 0.244338E+02 5
0.900000E+02 -0.265651E+02 5
0.925368E+02 -0.233353E+02 5
0.949523E+02 -0.200667E+02 5
0.972687E+02 -0.167667E+02 5
0.995057E+02 -0.134416E+02 5
0.101681E+03 -0.100974E+02 5
0.103812E+03 -0.673914E+01 5
0.105913E+03 -0.337182E+01 5
0.108000E+03 -0.349924E-06 5
0.110087E+03 0.337182E+01 5
0.112188E+03 0.673914E+01 5
0.114319E+03 0.100974E+02 5
0.116494E+03 0.134416E+02 5
0.118731E+03 0.167667E+02 5
0.121048E+03 0.200667E+02 5
0.123463E+03 0.233353E+02 5
0.128537E+03 0.233353E+02 5
0.126000E+03 0.201359E+02 5
0.130952E+03 0.200667E+02 5
0.123576E+03 0.168805E+02 5
0.128424E+03 0.168805E+02 5
0.133269E+03 0.167667E+02 5
0.121245E+03 0.135767E+02 5
0.126000E+03 0.136218E+02 5
0.130755E+03 0.135767E+02 5
0.135506E+03 0.134416E+02 5
0.118989E+03 0.102310E+02 5
0.123663E+03 0.102980E+02 5
0.128337E+03 0.102980E+02 5
0.133011E+03 0.102310E+02 5
0.137681E+03 0.100974E+02 5
0.116791E+03 0.684931E+01 5
0.121395E+03 0.691570E+01 5
0.126000E+03 0.693788E+01 5
0.130605E+03 0.691570E+01 5
0.135209E+03 0.684931E+01 5
0.139812E+03 0.673914E+01 5
0.114633E+03 0.343725E+01 5
0.119180E+03 0.348110E+01 5
0.123726E+03 0.350310E+01 5
0.128274E+03 0.350310E+01 5
0.132820E+03 0.348110E+01 5
0.137367E+03 0.343725E+01 5
0.141913E+03 0.337182E+01 5
0.112500E+03 0.178969E-14 5
0.117000E+03 0.154742E-14 5
0.121500E+03 0.129561E-14 5
0.126000E+03 0.103581E-14 5
0.130500E+03 0.769628E-15 5
0.135000E+03 0.498698E-15 5
0.139500E+03 0.224694E-15 5
0.144000E+03 -0.900393E-08 5
0.110376E+03 -0.345733E+01 5
0.114839E+03 -0.352193E+01 5
0.119303E+03 -0.356522E+01 5
0.123768E+03 -0.358693E+01 5
0.128232E+03 -0.358693E+01 5
0.132697E+03 -0.356522E+01 5
0.137161E+03 -0.352193E+01 5
0.141624E+03 -0.345733E+01 5
0.146087E+03 -0.337182E+01 5
0.108245E+03 -0.692957E+01 5
0.112681E+03 -0.707892E+01 5
0.117119E+03 -0.718626E+01 5
0.121559E+03 -0.725093E+01 5
0.126000E+03 -0.727253E+01 5
0.130441E+03 -0.725093E+01 5
0.134881E+03 -0.718626E+01 5
0.139319E+03 -0.707892E+01 5
0.143755E+03 -0.692957E+01 5
0.148188E+03 -0.673914E+01 5
0.106089E+03 -0.104113E+02 5
0.110505E+03 -0.106649E+02 5
0.114927E+03 -0.108565E+02 5
0.119355E+03 -0.109849E+02 5
0.123785E+03 -0.110493E+02 5
0.128215E+03 -0.110493E+02 5
0.132645E+03 -0.109849E+02 5
0.137073E+03 -0.108565E+02 5
0.141495E+03 -0.106649E+02 5
0.145911E+03 -0.104113E+02 5
0.150319E+03 -0.100974E+02 5
0.103892E+03 -0.138966E+02 5
0.108293E+03 -0.142730E+02 5
0.112708E+03 -0.145685E+02 5
0.117133E+03 -0.147809E+02 5
0.121565E+03 -0.149090E+02 5
0.126000E+03 -0.149518E+02 5
0.130435E+03 -0.149090E+02 5
0.134867E+03 -0.147809E+02 5
0.139292E+03 -0.145685E+02 5
0.143707E+03 -0.142730E+02 5
0.148108E+03 -0.138966E+02 5
0.152494E+03 -0.134416E+02 5
0.101632E+03 -0.173789E+02 5
0.106023E+03 -0.178958E+02 5
0.110437E+03 -0.183139E+02 5
0.114870E+03 -0.186301E+02 5
0.119316E+03 -0.188421E+02 5
0.123771E+03 -0.189486E+02 5
0.128229E+03 -0.189486E+02 5
0.132684E+03 -0.188421E+02 5
0.137130E+03 -0.186301E+02 5
0.141563E+03 -0.183139E+02 5
0.145977E+03 -0.178958E+02 5
0.150368E+03 -0.173789E+02 5
0.154731E+03 -0.167667E+02 5
0.992906E+02 -0.208507E+02 5
0.103671E+03 -0.215244E+02 5
0.108089E+03 -0.220828E+02 5
0.112538E+03 -0.225217E+02 5
0.117011E+03 -0.228377E+02 5
0.121501E+03 -0.230284E+02 5
0.126000E+03 -0.230921E+02 5
0.130499E+03 -0.230284E+02 5
0.134989E+03 -0.228377E+02 5
0.139462E+03 -0.225217E+02 5
0.143911E+03 -0.220828E+02 5
0.148329E+03 -0.215244E+02 5
0.152709E+03 -0.208507E+02 5
0.157048E+03 -0.200667E+02 5
0.968422E+02 -0.243034E+02 5
0.101209E+03 -0.251483E+02 5
0.105633E+03 -0.258635E+02 5
0.110105E+03 -0.264432E+02 5
0.114617E+03 -0.268825E+02 5
0.119158E+03 -0.271775E+02 5
0.123717E+03 -0.273257E+02 5
0.128283E+03 -0.273257E+02 5
0.132842E+03 -0.271775E+02 5
0.137383E+03 -0.268825E+02 5
0.141895E+03 -0.264432E+02 5
0.146367E+03 -0.258635E+02 5
0.150791E+03 -0.251483E+02 5
0.155158E+03 -0.243034E+02 5
0.159463E+03 -0.233353E+02 5
0.942603E+02 -0.277266E+02 5
0.986069E+02 -0.287551E+02 5
0.103034E+03 -0.296419E+02 5
0.107533E+03 -0.303792E+02 5
0.112093E+03 -0.309603E+02 5
0.116701E+03 -0.313795E+02 5
0.121342E+03 -0.316328E+02 5
0.126000E+03 -0.317175E+02 5
0.130658E+03 -0.316328E+02 5
0.135299E+03 -0.313795E+02 5
0.139907E+03 -0.309603E+02 5
0.144467E+03 -0.303792E+02 5
0.148966E+03 -0.296419E+02 5
0.153393E+03 -0.287551E+02 5
0.157740E+03 -0.277266E+02 5
0.162000E+03 -0.265651E+02 5
0.132717E+03 0.244219E+02 5
0.135072E+03 0.210807E+02 5
0.136983E+03 0.253745E+02 5
0.137347E+03 0.177093E+02 5
0.139279E+03 0.219590E+02 5
0.141329E+03 0.261847E+02 5
0.139562E+03 0.143132E+02 5
0.141516E+03 0.185136E+02 5
0.143567E+03 0.226930E+02 5
0.145747E+03 0.268446E+02 5
0.141735E+03 0.108973E+02 5
0.143712E+03 0.150431E+02 5
0.145768E+03 0.191711E+02 5
0.147929E+03 0.232750E+02 5
0.150228E+03 0.273475E+02 5
0.143881E+03 0.746611E+01 5
0.145886E+03 0.115515E+02 5
0.147950E+03 0.156228E+02 5
0.150097E+03 0.196740E+02 5
0.152356E+03 0.236983E+02 5
0.154759E+03 0.276878E+02 5
0.146016E+03 0.402409E+01 5
0.148052E+03 0.804317E+01 5
0.150128E+03 0.120520E+02 5
0.152268E+03 0.160451E+02 5
0.154495E+03 0.200160E+02 5
0.156837E+03 0.239577E+02 5
0.159326E+03 0.278616E+02 5
0.148155E+03 0.575470E+00 5
0.150225E+03 0.452201E+01 5
0.152319E+03 0.846260E+01 5
0.154456E+03 0.123918E+02 5
0.156658E+03 0.163038E+02 5
0.158949E+03 0.201921E+02 5
0.161358E+03 0.240492E+02 5
0.163915E+03 0.278663E+02 5
0.150312E+03 -0.287541E+01 5
0.152422E+03 0.992239E+00 5
0.154537E+03 0.485854E+01 5
0.156676E+03 0.871818E+01 5
0.158860E+03 0.125656E+02 5
0.161110E+03 0.163948E+02 5
0.163450E+03 0.201992E+02 5
0.165907E+03 0.239710E+02 5
0.168511E+03 0.277013E+02 5
0.152503E+03 -0.632398E+01 5
0.154656E+03 -0.254162E+01 5
0.156797E+03 0.124431E+01 5
0.158943E+03 0.502850E+01 5
0.161115E+03 0.880558E+01 5
0.163331E+03 0.125700E+02 5
0.165613E+03 0.163156E+02 5
0.167984E+03 0.200358E+02 5
0.170470E+03 0.237228E+02 5
0.173099E+03 0.273679E+02 5
0.154744E+03 -0.976530E+01 5
0.156943E+03 -0.607455E+01 5
0.159113E+03 -0.237503E+01 5
0.161272E+03 0.132787E+01 5
0.163437E+03 0.502888E+01 5
0.165626E+03 0.872267E+01 5
0.167859E+03 0.124037E+02 5
0.170157E+03 0.160659E+02 5
0.172540E+03 0.197027E+02 5
0.175033E+03 0.233066E+02 5
0.177665E+03 0.268688E+02 5
0.157049E+03 -0.131939E+02 5
0.159299E+03 -0.960083E+01 5
0.161502E+03 -0.599357E+01 5
0.163677E+03 -0.237763E+01 5
0.165839E+03 0.124171E+01 5
0.168008E+03 0.485928E+01 5
0.170200E+03 0.846985E+01 5
0.172434E+03 0.120680E+02 5
0.174728E+03 0.156478E+02 5
0.177104E+03 0.192029E+02 5
0.179584E+03 0.227261E+02 5
0.182195E+03 0.262090E+02 5
0.159437E+03 -0.166034E+02 5
0.161741E+03 -0.131138E+02 5
0.163980E+03 -0.960427E+01 5
0.166173E+03 -0.608065E+01 5
0.168338E+03 -0.254830E+01 5
0.170490E+03 0.987660E+00 5
0.172647E+03 0.452222E+01 5
0.174826E+03 0.805034E+01 5
0.177043E+03 0.115668E+02 5
0.179316E+03 0.150659E+02 5
0.181664E+03 0.185417E+02 5
0.184110E+03 0.219872E+02 5
0.186678E+03 0.253947E+02 5
0.161926E+03 -0.199867E+02 5
0.164285E+03 -0.166056E+02 5
0.166562E+03 -0.131987E+02 5
0.168777E+03 -0.977225E+01 5
0.170946E+03 -0.633180E+01 5
0.173087E+03 -0.288247E+01 5
0.175214E+03 0.570860E+00 5
0.177344E+03 0.402340E+01 5
0.179492E+03 0.747035E+01 5
0.181675E+03 0.109068E+02 5
0.183908E+03 0.143274E+02 5
0.186210E+03 0.177264E+02 5
0.188601E+03 0.210977E+02 5
0.191103E+03 0.244338E+02 5
0.164537E+03 -0.233353E+02 5
0.166952E+03 -0.200667E+02 5
0.169269E+03 -0.167667E+02 5
0.171506E+03 -0.134416E+02 5
0.173681E+03 -0.100974E+02 5
0.175812E+03 -0.673914E+01 5
0.177913E+03 -0.337182E+01 5
0.180000E+03 -0.349924E-06 5
0.182087E+03 0.337182E+01 5
0.184188E+03 0.673914E+01 5
0.186319E+03 0.100974E+02 5
0.188494E+03 0.134416E+02 5
0.190731E+03 0.167667E+02 5
0.193048E+03 0.200667E+02 5
0.195463E+03 0.233353E+02 5
0.200537E+03 0.233353E+02 5
0.198000E+03 0.201359E+02 5
0.202952E+03 0.200667E+02 5
0.195576E+03 0.168805E+02 5
0.200424E+03 0.168805E+02 5
0.205269E+03 0.167667E+02 5
0.193245E+03 0.135767E+02 5
0.198000E+03 0.136218E+02 5
0.202755E+03 0.135767E+02 5
0.207506E+03 0.134416E+02 5
0.190989E+03 0.102310E+02 5
0.195663E+03 0.102980E+02 5
0.200337E+03 0.102980E+02 5
0.205011E+03 0.102310E+02 5
0.209681E+03 0.100974E+02 5
0.188791E+03 0.684931E+01 5
0.193395E+03 0.691570E+01 5
0.198000E+03 0.693788E+01 5
0.202605E+03 0.691570E+01 5
0.207209E+03 0.684931E+01 5
0.211812E+03 0.673914E+01 5
0.186633E+03 0.343725E+01 5
0.191180E+03 0.348110E+01 5
0.195726E+03 0.350310E+01 5
0.200274E+03 0.350310E+01 5
0.204820E+03 0.348110E+01 5
0.209367E+03 0.343725E+01 5
0.213913E+03 0.337182E+01 5
0.184500E+03 0.178969E-14 5
0.189000E+03 0.154742E-14 5
0.193500E+03 0.129561E-14 5
0.198000E+03 0.103581E-14 5
0.202500E+03 0.769628E-15 5
0.207000E+03 0.498698E-15 5
0.211500E+03 0.224694E-15 5
0.216000E+03 -0.900391E-08 5
0.182376E+03 -0.345733E+01 5
0.186839E+03 -0.352193E+01 5
0.191303E+03 -0.356522E+01 5
0.195768E+03 -0.358693E+01 5
0.200232E+03 -0.358693E+01 5
0.204697E+03 -0.356522E+01 5
0.209161E+03 -0.352193E+01 5
0.213624E+03 -0.345733E+01 5
0.218087E+03 -0.337182E+01 5
0.180245E+03 -0.692957E+01 5
0.184681E+03 -0.707892E+01 5
0.189119E+03 -0.718626E+01 5
0.193559E+03 -0.725093E+01 5
0.198000E+03 -0.727253E+01 5
0.202441E+03 -0.725093E+01 5
0.206881E+03 -0.718626E+01 5
0.211319E+03 -0.707892E+01 5
0.215755E+03 -0.692957E+01 5
0.220188E+03 -0.673914E+01 5
0.178089E+03 -0.104113E+02 5
0.182505E+03 -0.106649E+02 5
0.186927E+03 -0.108565E+02 5
0.191355E+03 -0.109849E+02 5
0.195785E+03 -0.110493E+02 5
0.200215E+03 -0.110493E+02 5
0.204645E+03 -0.109849E+02 5
0.209073E+03 -0.108565E+02 5
0.213495E+03 -0.106649E+02 5
0.217911E+03 -0.104113E+02 5
0.222319E+03 -0.100974E+02 5
0.175892E+03 -0.138966E+02 5
0.180293E+03 -0.142730E+02 5
0.184708E+03 -0.145685E+02 5
0.189133E+03 -0.147809E+02 5
0.193565E+03 -0.149090E+02 5
0.198000E+03 -0.149518E+02 5
0.202435E+03 -0.149090E+02 5
0.206867E+03 -0.147809E+02 5
0.211292E+03 -0.145685E+02 5
0.215707E+03 -0.142730E+02 5
0.220108E+03 -0.138966E+02 5
0.224494E+03 -0.134416E+02 5
0.173632E+03 -0.173789E+02 5
0.178023E+03 -0.178958E+02 5
0.182437E+03 -0.183139E+02 5
0.186870E+03 -0.186301E+02 5
0.191316E+03 -0.188421E+02 5
0.195771E+03 -0.189486E+02 5
0.200229E+03 -0.189486E+02 5
0.204684E+03 -0.188421E+02 5
0.209130E+03 -0.186301E+02 5
0.213563E+03 -0.183139E+02 5
0.217977E+03 -0.178958E+02 5
0.222368E+03 -0.173789E+02 5
0.226731E+03 -0.167667E+02 5
0.171291E+03 -0.208507E+02 5
0.175671E+03 -0.215244E+02 5
0.180089E+03 -0.220828E+02 5
0.184538E+03 -0.225217E+02 5
0.189011E+03 -0.228377E+02 5
0.193501E+03 -0.230284E+02 5
0.198000E+03 -0.230921E+02 5
0.202499E+03 -0.230284E+02 5
0.206989E+03 -0.228377E+02 5
0.211462E+03 -0.225217E+02 5
0.215911E+03 -0.220828E+02 5
0.220329E+03 -0.215244E+02 5
0.224709E+03 -0.208507E+02 5
0.229048E+03 -0.200667E+02 5
0.168842E+03 -0.243034E+02 5
0.173209E+03 -0.251483E+02 5
0.177633E+03 -0.258635E+02 5
0.182105E+03 -0.264432E+02 5
0.186617E+03 -0.268825E+02 5
0.191158E+03 -0.271775E+02 5
0.195717E+03 -0.273257E+02 5
0.200283E+03 -0.273257E+02 5
0.204842E+03 -0.271775E+02 5
0.209383E+03 -0.268825E+02 5
0.213895E+03 -0.264432E+02 5
0.218367E+03 -0.258635E+02 5
0.222791E+03 -0.251483E+02 5
0.227158E+03 -0.243034E+02 5
0.231463E+03 -0.233353E+02 5
0.166260E+03 -0.277266E+02 5
0.170607E+03 -0.287551E+02 5
0.175034E+03 -0.296419E+02 5
0.179533E+03 -0.303792E+02 5
0.184093E+03 -0.309603E+02 5
0.188701E+03 -0.313795E+02 5
0.193342E+03 -0.316328E+02 5
0.198000E+03 -0.317175E+02 5
0.202658E+03 -0.316328E+02 5
0.207299E+03 -0.313795E+02 5
0.211907E+03 -0.309603E+02 5
0.216467E+03 -0.303792E+02 5
0.220966E+03 -0.296419E+02 5
0.225393E+03 -0.287551E+02 5
0.229740E+03 -0.277266E+02 5
0.234000E+03 -0.265651E+02 5
0.204717E+03 0.244219E+02 5
0.207072E+03 0.210807E+02 5
0.208983E+03 0.253745E+02 5
0.209347E+03 0.177093E+02 5
0.211279E+03 0.219590E+02 5
0.213329E+03 0.261847E+02 5
0.211562E+03 0.143132E+02 5
0.213516E+03 0.185136E+02 5
0.215567E+03 0.226930E+02 5
0.217747E+03 0.268446E+02 5
0.213735E+03 0.108973E+02 5
0.215712E+03 0.150431E+02 5
0.217768E+03 0.191711E+02 5
0.219929E+03 0.232750E+02 5
0.222228E+03 0.273475E+02 5
0.215881E+03 0.746611E+01 5
0.217886E+03 0.115515E+02 5
0.219950E+03 0.156228E+02 5
0.222097E+03 0.196740E+02 5
0.224356E+03 0.236983E+02 5
0.226759E+03 0.276878E+02 5
0.218016E+03 0.402409E+01 5
0.220052E+03 0.804317E+01 5
0.222128E+03 0.120520E+02 5
0.224268E+03 0.160451E+02 5
0.226495E+03 0.200160E+02 5
0.228837E+03 0.239577E+02 5
0.231326E+03 0.278616E+02 5
0.220155E+03 0.575470E+00 5
0.222225E+03 0.452201E+01 5
0.224319E+03 0.846260E+01 5
0.226456E+03 0.123918E+02 5
0.228658E+03 0.163038E+02 5
0.230949E+03 0.201921E+02 5
0.233358E+03 0.240492E+02 5
0.235915E+03 0.278663E+02 5
0.222312E+03 -0.287541E+01 5
0.224422E+03 0.992239E+00 5
0.226537E+03 0.485854E+01 5
0.228676E+03 0.871818E+01 5
0.230860E+03 0.125656E+02 5
0.233110E+03 0.163948E+02 5
0.235450E+03 0.201992E+02 5
0.237907E+03 0.239710E+02 5
0.240511E+03 0.277013E+02 5
0.224503E+03 -0.632398E+01 5
0.226656E+03 -0.254162E+01 5
0.228797E+03 0.124431E+01 5
0.230943E+03 0.502850E+01 5
0.233115E+03 0.880558E+01 5
0.235331E+03 0.125700E+02 5
0.237613E+03 0.163156E+02 5
0.239984E+03 0.200358E+02 5
0.242470E+03 0.237228E+02 5
0.245099E+03 0.273679E+02 5
0.226744E+03 -0.976530E+01 5
0.228943E+03 -0.607455E+01 5
0.231113E+03 -0.237503E+01 5
0.233272E+03 0.132787E+01 5
0.235437E+03 0.502888E+01 5
0.237626E+03 0.872267E+01 5
0.239859E+03 0.124037E+02 5
0.242157E+03 0.160659E+02 5
0.244540E+03 0.197027E+02 5
0.247033E+03 0.233066E+02 5
0.249665E+03 0.268688E+02 5
0.229049E+03 -0.131939E+02 5
0.231299E+03 -0.960083E+01 5
0.233502E+03 -0.599357E+01 5
0.235677E+03 -0.237763E+01 5
0.237839E+03 0.124171E+01 5
0.240008E+03 0.485928E+01 5
0.242200E+03 0.846985E+01 5
0.244434E+03 0.120680E+02 5
0.246728E+03 0.156478E+02 5
0.249104E+03 0.192029E+02 5
0.251584E+03 0.227261E+02 5
0.254195E+03 0.262090E+02 5
0.231437E+03 -0.166034E+02 5
0.233741E+03 -0.131138E+02 5
0.235980E+03 -0.960427E+01 5
0.238173E+03 -0.608065E+01 5
0.240338E+03 -0.254830E+01 5
0.242490E+03 0.987659E+00 5
0.244647E+03 0.452222E+01 5
0.246826E+03 0.805034E+01 5
0.249043E+03 0.115668E+02 5
0.251316E+03 0.150659E+02 5
0.253664E+03 0.185417E+02 5
0.256110E+03 0.219872E+02 5
0.258678E+03 0.253947E+02 5
0.233926E+03 -0.199867E+02 5
0.236285E+03 -0.166056E+02 5
0.238562E+03 -0.131987E+02 5
0.240777E+03 -0.977225E+01 5
0.242946E+03 -0.633180E+01 5
0.245087E+03 -0.288247E+01 5
0.247214E+03 0.570860E+00 5
0.249344E+03 0.402340E+01 5
0.251492E+03 0.747035E+01 5
0.253675E+03 0.109068E+02 5
0.255908E+03 0.143274E+02 5
0.258210E+03 0.177264E+02 5
0.260601E+03 0.210977E+02 5
0.263103E+03 0.244338E+02 5
0.236537E+03 -0.233353E+02 5
0.238952E+03 -0.200667E+02 5
0.241269E+03 -0.167667E+02 5
0.243506E+03 -0.134416E+02 5
0.245681E+03 -0.100974E+02 5
0.247812E+03 -0.673914E+01 5
0.249913E+03 -0.337182E+01 5
0.252000E+03 -0.349924E-06 5
0.254087E+03 0.337182E+01 5
0.256188E+03 0.673914E+01 5
0.258319E+03 0.100974E+02 5
0.260494E+03 0.134416E+02 5
0.262731E+03 0.167667E+02 5
0.265048E+03 0.200667E+02 5
0.267463E+03 0.233353E+02 5
0.272537E+03 0.233353E+02 5
0.270000E+03 0.201359E+02 5
0.274952E+03 0.200667E+02 5
0.267576E+03 0.168805E+02 5
0.272424E+03 0.168805E+02 5
0.277269E+03 0.167667E+02 5
0.265245E+03 0.135767E+02 5
0.270000E+03 0.136218E+02 5
0.274755E+03 0.135767E+02 5
0.279506E+03 0.134416E+02 5
0.262989E+03 0.102310E+02 5
0.267663E+03 0.102980E+02 5
0.272337E+03 0.102980E+02 5
0.277011E+03 0.102310E+02 5
0.281681E+03 0.100974E+02 5
0.260791E+03 0.684931E+01 5
0.265395E+03 0.691570E+01 5
0.270000E+03 0.693788E+01 5
0.274605E+03 0.691570E+01 5
0.279209E+03 0.684931E+01 5
0.283812E+03 0.673914E+01 5
0.258633E+03 0.343725E+01 5
0.263180E+03 0.348110E+01 5
0.267726E+03 0.350310E+01 5
0.272274E+03 0.350310E+01 5
0.276820E+03 0.348110E+01 5
0.281367E+03 0.343725E+01 5
0.285913E+03 0.337182E+01 5
0.256500E+03 0.293628E-14 5
0.261000E+03 0.277658E-14 5
0.265500E+03 0.259976E-14 5
0.270000E+03 0.240691E-14 5
0.274500E+03 0.219922E-14 5
0.279000E+03 0.197797E-14 5
0.283500E+03 0.174453E-14 5
0.288000E+03 0.174962E-06 5
0.254376E+03 -0.345733E+01 5
0.258839E+03 -0.352193E+01 5
0.263303E+03 -0.356522E+01 5
0.267768E+03 -0.358693E+01 5
0.272232E+03 -0.358693E+01 5
0.276697E+03 -0.356522E+01 5
0.281161E+03 -0.352193E+01 5
0.285624E+03 -0.345733E+01 5
0.290087E+03 -0.337182E+01 5
0.252245E+03 -0.692957E+01 5
0.256681E+03 -0.707892E+01 5
0.261119E+03 -0.718626E+01 5
0.265559E+03 -0.725093E+01 5
0.270000E+03 -0.727253E+01 5
0.274441E+03 -0.725093E+01 5
0.278881E+03 -0.718626E+01 5
0.283319E+03 -0.707892E+01 5
0.287755E+03 -0.692957E+01 5
0.292188E+03 -0.673914E+01 5
0.250089E+03 -0.104113E+02 5
0.254505E+03 -0.106649E+02 5
0.258927E+03 -0.108565E+02 5
0.263355E+03 -0.109849E+02 5
0.267785E+03 -0.110493E+02 5
0.272215E+03 -0.110493E+02 5
0.276645E+03 -0.109849E+02 5
0.281073E+03 -0.108565E+02 5
0.285495E+03 -0.106649E+02 5
0.289911E+03 -0.104113E+02 5
0.294319E+03 -0.100974E+02 5
0.247892E+03 -0.138966E+02 5
0.252293E+03 -0.142730E+02 5
0.256708E+03 -0.145685E+02 5
0.261133E+03 -0.147809E+02 5
0.265565E+03 -0.149090E+02 5
0.270000E+03 -0.149518E+02 5
0.274435E+03 -0.149090E+02 5
0.278867E+03 -0.147809E+02 5
0.283292E+03 -0.145685E+02 5
0.287707E+03 -0.142730E+02 5
0.292108E+03 -0.138966E+02 5
0.296494E+03 -0.134416E+02 5
0.245632E+03 -0.173789E+02 5
0.250023E+03 -0.178958E+02 5
0.254437E+03 -0.183139E+02 5
0.258870E+03 -0.186301E+02 5
0.263316E+03 -0.188421E+02 5
0.267771E+03 -0.189486E+02 5
0.272229E+03 -0.189486E+02 5
0.276684E+03 -0.188421E+02 5
0.281130E+03 -0.186301E+02 5
0.285563E+03 -0.183139E+02 5
0.289977E+03 -0.178958E+02 5
0.294368E+03 -0.173789E+02 5
0.298731E+03 -0.167667E+02 5
0.243291E+03 -0.208507E+02 5
0.247671E+03 -0.215244E+02 5
0.252089E+03 -0.220828E+02 5
0.256538E+03 -0.225217E+02 5
0.261011E+03 -0.228377E+02 5
0.265501E+03 -0.230284E+02 5
0.270000E+03 -0.230921E+02 5
0.274499E+03 -0.230284E+02 5
0.278989E+03 -0.228377E+02 5
0.283462E+03 -0.225217E+02 5
0.287911E+03 -0.220828E+02 5
0.292329E+03 -0.215244E+02 5
0.296709E+03 -0.208507E+02 5
0.301048E+03 -0.200667E+02 5
0.240842E+03 -0.243034E+02 5
0.245209E+03 -0.251483E+02 5
0.249633E+03 -0.258635E+02 5
0.254105E+03 -0.264432E+02 5
0.258617E+03 -0.268825E+02 5
0.263158E+03 -0.271775E+02 5
0.267717E+03 -0.273257E+02 5
0.272283E+03 -0.273257E+02 5
0.276842E+03 -0.271775E+02 5
0.281383E+03 -0.268825E+02 5
0.285895E+03 -0.264432E+02 5
0.290367E+03 -0.258635E+02 5
0.294790E+03 -0.251483E+02 5
0.299158E+03 -0.243034E+02 5
0.303463E+03 -0.233353E+02 5
0.238260E+03 -0.277266E+02 5
0.242607E+03 -0.287551E+02 5
0.247034E+03 -0.296419E+02 5
0.251533E+03 -0.303792E+02 5
0.256093E+03 -0.309603E+02 5
0.260701E+03 -0.313795E+02 5
0.265342E+03 -0.316328E+02 5
0.270000E+03 -0.317175E+02 5
0.274658E+03 -0.316328E+02 5
0.279299E+03 -0.313795E+02 5
0.283907E+03 -0.309603E+02 5
0.288467E+03 -0.303792E+02 5
0.292966E+03 -0.296419E+02 5
0.297393E+03 -0.287551E+02 5
0.301740E+03 -0.277266E+02 5
0.306000E+03 -0.265651E+02 5
0.276717E+03 0.244219E+02 5
0.279072E+03 0.210807E+02 5
0.280983E+03 0.253745E+02 5
0.281347E+03 0.177093E+02 5
0.283279E+03 0.219590E+02 5
0.285329E+03 0.261847E+02 5
0.283562E+03 0.143132E+02 5
0.285516E+03 0.185136E+02 5
0.287567E+03 0.226930E+02 5
0.289747E+03 0.268446E+02 5
0.285735E+03 0.108973E+02 5
0.287712E+03 0.150431E+02 5
0.289768E+03 0.191711E+02 5
0.291929E+03 0.232750E+02 5
0.294228E+03 0.273475E+02 5
0.287881E+03 0.746611E+01 5
0.289886E+03 0.115515E+02 5
0.291950E+03 0.156228E+02 5
0.294097E+03 0.196740E+02 5
0.296356E+03 0.236983E+02 5
0.298759E+03 0.276878E+02 5
0.290016E+03 0.402409E+01 5
0.292052E+03 0.804317E+01 5
0.294128E+03 0.120520E+02 5
0.296268E+03 0.160451E+02 5
0.298495E+03 0.200160E+02 5
0.300837E+03 0.239577E+02 5
0.303326E+03 0.278616E+02 5
0.292155E+03 0.575470E+00 5
0.294225E+03 0.452201E+01 5
0.296319E+03 0.846260E+01 5
0.298456E+03 0.123918E+02 5
0.300658E+03 0.163038E+02 5
0.302949E+03 0.201921E+02 5
0.305358E+03 0.240492E+02 5
0.307915E+03 0.278663E+02 5
0.294312E+03 -0.287541E+01 5
0.296422E+03 0.992240E+00 5
0.298537E+03 0.485854E+01 5
0.300676E+03 0.871818E+01 5
0.302860E+03 0.125656E+02 5
0.305110E+03 0.163948E+02 5
0.307450E+03 0.201992E+02 5
0.309907E+03 0.239710E+02 5
0.312511E+03 0.277013E+02 5
0.296503E+03 -0.632398E+01 5
0.298656E+03 -0.254162E+01 5
0.300797E+03 0.124431E+01 5
0.302943E+03 0.502850E+01 5
0.305115E+03 0.880558E+01 5
0.307331E+03 0.125700E+02 5
0.309613E+03 0.163156E+02 5
0.311984E+03 0.200358E+02 5
0.314470E+03 0.237228E+02 5
0.317099E+03 0.273679E+02 5
0.298744E+03 -0.976530E+01 5
0.300943E+03 -0.607455E+01 5
0.303113E+03 -0.237503E+01 5
0.305272E+03 0.132787E+01 5
0.307437E+03 0.502888E+01 5
0.309626E+03 0.872267E+01 5
0.311859E+03 0.124037E+02 5
0.314157E+03 0.160659E+02 5
0.316540E+03 0.197027E+02 5
0.319033E+03 0.233066E+02 5
0.321665E+03 0.268688E+02 5
0.301049E+03 -0.131939E+02 5
0.303299E+03 -0.960083E+01 5
0.305502E+03 -0.599357E+01 5
0.307677E+03 -0.237763E+01 5
0.309839E+03 0.124171E+01 5
0.312008E+03 0.485928E+01 5
0.314200E+03 0.846985E+01 5
0.316434E+03 0.120680E+02 5
0.318728E+03 0.156478E+02 5
0.321104E+03 0.192029E+02 5
0.323584E+03 0.227261E+02 5
0.326195E+03 0.262090E+02 5
0.303437E+03 -0.166034E+02 5
0.305741E+03 -0.131138E+02 5
0.307980E+03 -0.960427E+01 5
0.310173E+03 -0.608065E+01 5
0.312338E+03 -0.254830E+01 5
0.314490E+03 0.987660E+00 5
0.316647E+03 0.452222E+01 5
0.318826E+03 0.805034E+01 5
0.321043E+03 0.115668E+02 5
0.323316E+03 0.150659E+02 5
0.325664E+03 0.185417E+02 5
0.328110E+03 0.219872E+02 5
0.330678E+03 0.253947E+02 5
0.305926E+03 -0.199867E+02 5
0.308285E+03 -0.166056E+02 5
0.310562E+03 -0.131987E+02 5
0.312777E+03 -0.977225E+01 5
0.314946E+03 -0.633180E+01 5
0.317087E+03 -0.288247E+01 5
0.319214E+03 0.570861E+00 5
0.321344E+03 0.402340E+01 5
0.323492E+03 0.747035E+01 5
0.325675E+03 0.109068E+02 5
0.327908E+03 0.143274E+02 5
0.330210E+03 0.177264E+02 5
0.332601E+03 0.210977E+02 5
0.335103E+03 0.244338E+02 5
0.308537E+03 -0.233353E+02 5
0.310952E+03 -0.200667E+02 5
0.313269E+03 -0.167667E+02 5
0.315506E+03 -0.134416E+02 5
0.317681E+03 -0.100974E+02 5
0.319812E+03 -0.673914E+01 5
0.321913E+03 -0.337182E+01 5
0.324000E+03 -0.165958E-06 5
0.326087E+03 0.337182E+01 5
0.328188E+03 0.673914E+01 5
0.330319E+03 0.100974E+02 5
0.332494E+03 0.134416E+02 5
0.334731E+03 0.167667E+02 5
0.337048E+03 0.200667E+02 5
0.339463E+03 0.233353E+02 5
0.344537E+03 0.233353E+02 5
0.342000E+03 0.201359E+02 5
0.346952E+03 0.200667E+02 5
0.339576E+03 0.168805E+02 5
0.344424E+03 0.168805E+02 5
0.349269E+03 0.167667E+02 5
0.337245E+03 0.135767E+02 5
0.342000E+03 0.136218E+02 5
0.346755E+03 0.135767E+02 5
0.351506E+03 0.134416E+02 5
0.334989E+03 0.102310E+02 5
0.339663E+03 0.102980E+02 5
0.344337E+03 0.102980E+02 5
0.349011E+03 0.102310E+02 5
0.353681E+03 0.100974E+02 5
0.332791E+03 0.684931E+01 5
0.337395E+03 0.691570E+01 5
0.342000E+03 0.693788E+01 5
0.346605E+03 0.691570E+01 5
0.351209E+03 0.684931E+01 5
0.355812E+03 0.673914E+01 5
0.330633E+03 0.343725E+01 5
0.335180E+03 0.348110E+01 5
0.339726E+03 0.350310E+01 5
0.344274E+03 0.350310E+01 5
0.348820E+03 0.348110E+01 5
0.353367E+03 0.343725E+01 5
0.357913E+03 0.337182E+01 5
0.328500E+03 0.341142E-14 5
0.333000E+03 0.346516E-14 5
0.337500E+03 0.349754E-14 5
0.342000E+03 0.350835E-14 5
0.346500E+03 0.349754E-14 5
0.351000E+03 0.346516E-14 5
0.355500E+03 0.341142E-14 5
0.360000E+03 0.174962E-06 5
0.326376E+03 -0.345733E+01 5
0.330839E+03 -0.352193E+01 5
0.335303E+03 -0.356522E+01 5
0.339768E+03 -0.358693E+01 5
0.344232E+03 -0.358693E+01 5
0.348697E+03 -0.356522E+01 5
0.353161E+03 -0.352193E+01 5
0.357624E+03 -0.345733E+01 5
0.208677E+01 -0.337182E+01 5
0.324245E+03 -0.692957E+01 5
0.328681E+03 -0.707892E+01 5
0.333119E+03 -0.718626E+01 5
0.337559E+03 -0.725093E+01 5
0.342000E+03 -0.727253E+01 5
0.346441E+03 -0.725093E+01 5
0.350881E+03 -0.718626E+01 5
0.355319E+03 -0.707892E+01 5
0.359755E+03 -0.692957E+01 5
0.418806E+01 -0.673914E+01 5
0.322089E+03 -0.104113E+02 5
0.326505E+03 -0.106649E+02 5
0.330927E+03 -0.108565E+02 5
0.335355E+03 -0.109849E+02 5
0.339785E+03 -0.110493E+02 5
0.344215E+03 -0.110493E+02 5
0.348645E+03 -0.109849E+02 5
0.353073E+03 -0.108565E+02 5
0.357495E+03 -0.106649E+02 5
0.191084E+01 -0.104113E+02 5
0.631873E+01 -0.100974E+02 5
0.319892E+03 -0.138966E+02 5
0.324293E+03 -0.142730E+02 5
0.328708E+03 -0.145685E+02 5
0.333133E+03 -0.147809E+02 5
0.337565E+03 -0.149090E+02 5
0.342000E+03 -0.149518E+02 5
0.346435E+03 -0.149090E+02 5
0.350867E+03 -0.147809E+02 5
0.355292E+03 -0.145685E+02 5
0.359707E+03 -0.142730E+02 5
0.410845E+01 -0.138966E+02 5
0.849429E+01 -0.134416E+02 5
0.317632E+03 -0.173789E+02 5
0.322023E+03 -0.178958E+02 5
0.326437E+03 -0.183139E+02 5
0.330870E+03 -0.186301E+02 5
0.335316E+03 -0.188421E+02 5
0.339771E+03 -0.189486E+02 5
0.344229E+03 -0.189486E+02 5
0.348684E+03 -0.188421E+02 5
0.353130E+03 -0.186301E+02 5
0.357563E+03 -0.183139E+02 5
0.197677E+01 -0.178958E+02 5
0.636752E+01 -0.173789E+02 5
0.107313E+02 -0.167667E+02 5
0.315291E+03 -0.208507E+02 5
0.319671E+03 -0.215244E+02 5
0.324089E+03 -0.220828E+02 5
0.328538E+03 -0.225217E+02 5
0.333011E+03 -0.228377E+02 5
0.337501E+03 -0.230284E+02 5
0.342000E+03 -0.230921E+02 5
0.346499E+03 -0.230284E+02 5
0.350989E+03 -0.228377E+02 5
0.355462E+03 -0.225217E+02 5
0.359911E+03 -0.220828E+02 5
0.432887E+01 -0.215244E+02 5
0.870937E+01 -0.208507E+02 5
0.130477E+02 -0.200667E+02 5
0.312842E+03 -0.243034E+02 5
0.317209E+03 -0.251483E+02 5
0.321633E+03 -0.258635E+02 5
0.326105E+03 -0.264432E+02 5
0.330617E+03 -0.268825E+02 5
0.335158E+03 -0.271775E+02 5
0.339717E+03 -0.273257E+02 5
0.344283E+03 -0.273257E+02 5
0.348842E+03 -0.271775E+02 5
0.353383E+03 -0.268825E+02 5
0.357895E+03 -0.264432E+02 5
0.236706E+01 -0.258635E+02 5
0.679050E+01 -0.251483E+02 5
0.111578E+02 -0.243034E+02 5
0.154632E+02 -0.233353E+02 5
0.310260E+03 -0.277266E+02 5
0.314607E+03 -0.287551E+02 5
0.319034E+03 -0.296419E+02 5
0.323533E+03 -0.303792E+02 5
0.328093E+03 -0.309603E+02 5
0.332701E+03 -0.313795E+02 5
0.337342E+03 -0.316328E+02 5
0.342000E+03 -0.317175E+02 5
0.346658E+03 -0.316328E+02 5
0.351299E+03 -0.313795E+02 5
0.355907E+03 -0.309603E+02 5
0.466996E+00 -0.303792E+02 5
0.496598E+01 -0.296419E+02 5
0.939305E+01 -0.287551E+02 5
0.137397E+02 -0.277266E+02 5
0.180000E+02 -0.265651E+02 5
0.348717E+03 0.244219E+02 5
0.351072E+03 0.210807E+02 5
0.352983E+03 0.253745E+02 5
0.353347E+03 0.177093E+02 5
0.355279E+03 0.219590E+02 5
0.357329E+03 0.261847E+02 5
0.355562E+03 0.143132E+02 5
0.357516E+03 0.185136E+02 5
0.359567E+03 0.226930E+02 5
0.174728E+01 0.268446E+02 5
0.357735E+03 0.108973E+02 5
0.359712E+03 0.150431E+02 5
0.176816E+01 0.191711E+02 5
0.392946E+01 0.232750E+02 5
0.622785E+01 0.273475E+02 5
0.359881E+03 0.746611E+01 5
0.188566E+01 0.115515E+02 5
0.394976E+01 0.156228E+02 5
0.609746E+01 0.196740E+02 5
0.835636E+01 0.236983E+02 5
0.107585E+02 0.276878E+02 5
0.201578E+01 0.402409E+01 5
0.405159E+01 0.804317E+01 5
0.612817E+01 0.120520E+02 5
0.826770E+01 0.160451E+02 5
0.104946E+02 0.200160E+02 5
0.128366E+02 0.239577E+02 5
0.153258E+02 0.278616E+02 5
0.415465E+01 0.575470E+00 5
0.622540E+01 0.452201E+01 5
0.831884E+01 0.846260E+01 5
0.104556E+02 0.123918E+02 5
0.126576E+02 0.163038E+02 5
0.149493E+02 0.201921E+02 5
0.173579E+02 0.240492E+02 5
0.199151E+02 0.278663E+02 5
0.631221E+01 -0.287541E+01 5
0.842200E+01 0.992240E+00 5
0.105367E+02 0.485854E+01 5
0.126759E+02 0.871818E+01 5
0.148596E+02 0.125656E+02 5
0.171097E+02 0.163948E+02 5
0.194499E+02 0.201992E+02 5
0.219068E+02 0.239710E+02 5
0.245113E+02 0.277013E+02 5
0.850338E+01 -0.632398E+01 5
0.106563E+02 -0.254162E+01 5
0.127966E+02 0.124431E+01 5
0.149431E+02 0.502850E+01 5
0.171147E+02 0.880558E+01 5
0.193310E+02 0.125700E+02 5
0.216132E+02 0.163156E+02 5
0.239842E+02 0.200358E+02 5
0.264698E+02 0.237228E+02 5
0.290994E+02 0.273679E+02 5
0.107435E+02 -0.976530E+01 5
0.129435E+02 -0.607455E+01 5
0.151134E+02 -0.237503E+01 5
0.172717E+02 0.132787E+01 5
0.194365E+02 0.502888E+01 5
0.216261E+02 0.872267E+01 5
0.238593E+02 0.124037E+02 5
0.261565E+02 0.160659E+02 5
0.285397E+02 0.197027E+02 5
0.310333E+02 0.233066E+02 5
0.336651E+02 0.268688E+02 5
0.130488E+02 -0.131939E+02 5
0.152993E+02 -0.960083E+01 5
0.175025E+02 -0.599357E+01 5
0.196766E+02 -0.237763E+01 5
0.218393E+02 0.124171E+01 5
0.240080E+02 0.485928E+01 5
0.262001E+02 0.846985E+01 5
0.284337E+02 0.120680E+02 5
0.307280E+02 0.156478E+02 5
0.331038E+02 0.192029E+02 5
0.355842E+02 0.227261E+02 5
0.381951E+02 0.262090E+02 5
0.154366E+02 -0.166034E+02 5
0.177406E+02 -0.131138E+02 5
0.199798E+02 -0.960427E+01 5
0.221730E+02 -0.608065E+01 5
0.243375E+02 -0.254830E+01 5
0.264902E+02 0.987660E+00 5
0.286475E+02 0.452222E+01 5
0.308259E+02 0.805034E+01 5
0.330426E+02 0.115668E+02 5
0.353156E+02 0.150659E+02 5
0.376644E+02 0.185417E+02 5
0.401104E+02 0.219872E+02 5
0.426776E+02 0.253947E+02 5
0.179257E+02 -0.199867E+02 5
0.202851E+02 -0.166056E+02 5
0.225625E+02 -0.131987E+02 5
0.247770E+02 -0.977225E+01 5
0.269462E+02 -0.633180E+01 5
0.290867E+02 -0.288247E+01 5
0.312142E+02 0.570861E+00 5
0.333442E+02 0.402340E+01 5
0.354924E+02 0.747035E+01 5
0.376748E+02 0.109068E+02 5
0.399081E+02 0.143274E+02 5
0.422104E+02 0.177264E+02 5
0.446014E+02 0.210977E+02 5
0.471030E+02 0.244338E+02 5
0.205368E+02 -0.233353E+02 5
0.229523E+02 -0.200667E+02 5
0.252687E+02 -0.167667E+02 5
0.275057E+02 -0.134416E+02 5
0.296813E+02 -0.100974E+02 5
0.318119E+02 -0.673914E+01 5
0.339132E+02 -0.337182E+01 5
0.360000E+02 -0.165958E-06 5
0.380868E+02 0.337182E+01 5
0.401881E+02 0.673914E+01 5
0.423187E+02 0.100974E+02 5
0.444943E+02 0.134416E+02 5
0.467313E+02 0.167667E+02 5
0.490477E+02 0.200667E+02 5
0.514632E+02 0.233353E+02 5
0.540000E+02 0.201359E+02 5
0.515761E+02 0.168805E+02 5
0.564239E+02 0.168805E+02 5
0.492453E+02 0.135767E+02 5
0.540000E+02 0.136218E+02 5
0.587547E+02 0.135767E+02 5
0.469893E+02 0.102310E+02 5
0.516628E+02 0.102980E+02 5
0.563372E+02 0.102980E+02 5
0.610107E+02 0.102310E+02 5
0.447906E+02 0.684931E+01 5
0.493949E+02 0.691570E+01 5
0.540000E+02 0.693788E+01 5
0.586051E+02 0.691570E+01 5
0.632094E+02 0.684931E+01 5
0.426329E+02 0.343725E+01 5
0.471795E+02 0.348110E+01 5
0.517265E+02 0.350310E+01 5
0.562735E+02 0.350310E+01 5
0.608205E+02 0.348110E+01 5
0.653671E+02 0.343725E+01 5
0.405000E+02 0.341142E-14 5
0.450000E+02 0.346516E-14 5
0.495000E+02 0.349754E-14 5
0.540000E+02 0.350835E-14 5
0.585000E+02 0.349754E-14 5
0.630000E+02 0.346516E-14 5
0.675000E+02 0.341142E-14 5
0.383760E+02 -0.345733E+01 5
0.428395E+02 -0.352193E+01 5
0.473035E+02 -0.356522E+01 5
0.517678E+02 -0.358693E+01 5
0.562322E+02 -0.358693E+01 5
0.606965E+02 -0.356522E+01 5
0.651605E+02 -0.352193E+01 5
0.696240E+02 -0.345733E+01 5
0.362447E+02 -0.692957E+01 5
0.406806E+02 -0.707892E+01 5
0.451190E+02 -0.718626E+01 5
0.495591E+02 -0.725093E+01 5
0.540000E+02 -0.727253E+01 5
0.584409E+02 -0.725093E+01 5
0.628810E+02 -0.718626E+01 5
0.673194E+02 -0.707892E+01 5
0.717553E+02 -0.692957E+01 5
0.340892E+02 -0.104113E+02 5
0.385051E+02 -0.106649E+02 5
0.429274E+02 -0.108565E+02 5
0.473545E+02 -0.109849E+02 5
0.517845E+02 -0.110493E+02 5
0.562155E+02 -0.110493E+02 5
0.606455E+02 -0.109849E+02 5
0.650726E+02 -0.108565E+02 5
0.694949E+02 -0.106649E+02 5
0.739109E+02 -0.104113E+02 5
0.318915E+02 -0.138966E+02 5
0.362931E+02 -0.142730E+02 5
0.407079E+02 -0.145685E+02 5
0.451328E+02 -0.147809E+02 5
0.495646E+02 -0.149090E+02 5
0.540000E+02 -0.149518E+02 5
0.584354E+02 -0.149090E+02 5
0.628672E+02 -0.147809E+02 5
0.672921E+02 -0.145685E+02 5
0.717069E+02 -0.142730E+02 5
0.761085E+02 -0.138966E+02 5
0.296325E+02 -0.173789E+02 5
0.340232E+02 -0.178958E+02 5
0.384371E+02 -0.183139E+02 5
0.428698E+02 -0.186301E+02 5
0.473163E+02 -0.188421E+02 5
0.517711E+02 -0.189486E+02 5
0.562289E+02 -0.189486E+02 5
0.606837E+02 -0.188421E+02 5
0.651302E+02 -0.186301E+02 5
0.695629E+02 -0.183139E+02 5
0.739768E+02 -0.178958E+02 5
0.783675E+02 -0.173789E+02 5
0.272906E+02 -0.208507E+02 5
0.316711E+02 -0.215244E+02 5
0.360889E+02 -0.220828E+02 5
0.405380E+02 -0.225217E+02 5
0.450114E+02 -0.228377E+02 5
0.495014E+02 -0.230284E+02 5
0.540000E+02 -0.230921E+02 5
0.584986E+02 -0.230284E+02 5
0.629886E+02 -0.228377E+02 5
0.674620E+02 -0.225217E+02 5
0.719111E+02 -0.220828E+02 5
0.763289E+02 -0.215244E+02 5
0.807094E+02 -0.208507E+02 5
0.248422E+02 -0.243034E+02 5
0.292095E+02 -0.251483E+02 5
0.336329E+02 -0.258635E+02 5
0.381051E+02 -0.264432E+02 5
0.426169E+02 -0.268825E+02 5
0.471581E+02 -0.271775E+02 5
0.517173E+02 -0.273257E+02 5
0.562827E+02 -0.273257E+02 5
0.608419E+02 -0.271775E+02 5
0.653831E+02 -0.268825E+02 5
0.698949E+02 -0.264432E+02 5
0.743671E+02 -0.258635E+02 5
0.787905E+02 -0.251483E+02 5
0.831578E+02 -0.243034E+02 5
0.222603E+02 -0.277266E+02 5
0.266069E+02 -0.287551E+02 5
0.310340E+02 -0.296419E+02 5
0.355330E+02 -0.303792E+02 5
0.400930E+02 -0.309603E+02 5
0.447010E+02 -0.313795E+02 5
0.493421E+02 -0.316328E+02 5
0.540000E+02 -0.317175E+02 5
0.586579E+02 -0.316328E+02 5
0.632990E+02 -0.313795E+02 5
0.679070E+02 -0.309603E+02 5
0.724670E+02 -0.303792E+02 5
0.769660E+02 -0.296419E+02 5
0.813931E+02 -0.287551E+02 5
0.857397E+02 -0.277266E+02 5
0.180000E+02 -0.305297E+02 5
0.180000E+02 -0.344944E+02 5
0.224366E+02 -0.316970E+02 5
0.180000E+02 -0.384591E+02 5
0.226543E+02 -0.356776E+02 5
0.269860E+02 -0.327294E+02 5
0.180000E+02 -0.424238E+02 5
0.229219E+02 -0.396685E+02 5
0.274537E+02 -0.367217E+02 5
0.316420E+02 -0.336160E+02 5
0.180000E+02 -0.463885E+02 5
0.232509E+02 -0.436691E+02 5
0.280294E+02 -0.407308E+02 5
0.323919E+02 -0.376124E+02 5
0.363953E+02 -0.343465E+02 5
0.180000E+02 -0.503532E+02 5
0.236576E+02 -0.476792E+02 5
0.287394E+02 -0.447551E+02 5
0.333157E+02 -0.416277E+02 5
0.374578E+02 -0.383360E+02 5
0.412330E+02 -0.349114E+02 5
0.180000E+02 -0.543178E+02 5
0.241647E+02 -0.516981E+02 5
0.296206E+02 -0.487922E+02 5
0.344572E+02 -0.456577E+02 5
0.387670E+02 -0.423411E+02 5
0.426357E+02 -0.388796E+02 5
0.461392E+02 -0.353024E+02 5
0.180000E+02 -0.582825E+02 5
0.248062E+02 -0.557249E+02 5
0.307264E+02 -0.528389E+02 5
0.358785E+02 -0.496961E+02 5
0.403862E+02 -0.463531E+02 5
0.443626E+02 -0.428536E+02 5
0.479052E+02 -0.392315E+02 5
0.510953E+02 -0.355127E+02 5
0.180000E+02 -0.622472E+02 5
0.256337E+02 -0.597578E+02 5
0.321359E+02 -0.568898E+02 5
0.376688E+02 -0.537337E+02 5
0.424043E+02 -0.503590E+02 5
0.464965E+02 -0.468180E+02 5
0.500742E+02 -0.431493E+02 5
0.532413E+02 -0.393819E+02 5
0.560806E+02 -0.355376E+02 5
0.180000E+02 -0.662119E+02 5
0.267313E+02 -0.637942E+02 5
0.339725E+02 -0.609365E+02 5
0.399609E+02 -0.577563E+02 5
0.449482E+02 -0.543402E+02 5
0.491521E+02 -0.507505E+02 5
0.527469E+02 -0.470314E+02 5
0.558672E+02 -0.432147E+02 5
0.586161E+02 -0.393232E+02 5
0.610730E+02 -0.353739E+02 5
0.180000E+02 -0.701766E+02 5
0.282435E+02 -0.678290E+02 5
0.364368E+02 -0.649650E+02 5
0.429592E+02 -0.617414E+02 5
0.482030E+02 -0.582681E+02 5
0.524888E+02 -0.546189E+02 5
0.560576E+02 -0.508436E+02 5
0.590856E+02 -0.469759E+02 5
0.617013E+02 -0.430392E+02 5
0.639992E+02 -0.390501E+02 5
0.660499E+02 -0.350208E+02 5
0.180000E+02 -0.741413E+02 5
0.304421E+02 -0.718531E+02 5
0.398766E+02 -0.689502E+02 5
0.469899E+02 -0.656519E+02 5
0.524440E+02 -0.620982E+02 5
0.567298E+02 -0.583755E+02 5
0.601856E+02 -0.545371E+02 5
0.630408E+02 -0.506173E+02 5
0.654533E+02 -0.466386E+02 5
0.675331E+02 -0.426161E+02 5
0.693592E+02 -0.385606E+02 5
0.709894E+02 -0.344797E+02 5
0.180000E+02 -0.781059E+02 5
0.339013E+02 -0.758462E+02 5
0.449380E+02 -0.728445E+02 5
0.525920E+02 -0.694230E+02 5
0.580829E+02 -0.657591E+02 5
0.621837E+02 -0.619477E+02 5
0.653636E+02 -0.580418E+02 5
0.679118E+02 -0.540723E+02 5
0.700124E+02 -0.500583E+02 5
0.717870E+02 -0.460124E+02 5
0.733187E+02 -0.419427E+02 5
0.746659E+02 -0.378551E+02 5
0.758711E+02 -0.337538E+02 5
0.180000E+02 -0.820706E+02 5
0.400513E+02 -0.797582E+02 5
0.529139E+02 -0.765465E+02 5
0.606661E+02 -0.729361E+02 5
0.657206E+02 -0.691330E+02 5
0.692577E+02 -0.652258E+02 5
0.718770E+02 -0.612570E+02 5
0.739056E+02 -0.572490E+02 5
0.755345E+02 -0.532149E+02 5
0.768821E+02 -0.491623E+02 5
0.780252E+02 -0.450965E+02 5
0.790159E+02 -0.410208E+02 5
0.798909E+02 -0.369375E+02 5
0.806766E+02 -0.328486E+02 5
0.180000E+02 -0.860353E+02 5
0.533904E+02 -0.834213E+02 5
0.664815E+02 -0.798172E+02 5
0.726245E+02 -0.759661E+02 5
0.761393E+02 -0.720261E+02 5
0.784182E+02 -0.680450E+02 5
0.800246E+02 -0.640418E+02 5
0.812266E+02 -0.600253E+02 5
0.821674E+02 -0.560002E+02 5
0.829305E+02 -0.519694E+02 5
0.835673E+02 -0.479344E+02 5
0.841117E+02 -0.438964E+02 5
0.845869E+02 -0.398562E+02 5
0.850092E+02 -0.358143E+02 5
0.853904E+02 -0.317710E+02 5
0.000000E+00 -0.900000E+02 5
0.900000E+02 -0.860353E+02 5
0.900000E+02 -0.820706E+02 5
0.900000E+02 -0.781059E+02 5
0.900000E+02 -0.741413E+02 5
0.900000E+02 -0.701766E+02 5
0.900000E+02 -0.662119E+02 5
0.900000E+02 -0.622472E+02 5
0.900000E+02 -0.582825E+02 5
0.900000E+02 -0.543178E+02 5
0.900000E+02 -0.503532E+02 5
0.900000E+02 -0.463885E+02 5
0.900000E+02 -0.424238E+02 5
0.900000E+02 -0.384591E+02 5
0.900000E+02 -0.344944E+02 5
0.900000E+02 -0.305297E+02 5
0.944366E+02 -0.316970E+02 5
0.946543E+02 -0.356776E+02 5
0.989860E+02 -0.327294E+02 5
0.949219E+02 -0.396685E+02 5
0.994537E+02 -0.367217E+02 5
0.103642E+03 -0.336160E+02 5
0.952509E+02 -0.436691E+02 5
0.100029E+03 -0.407308E+02 5
0.104392E+03 -0.376124E+02 5
0.108395E+03 -0.343465E+02 5
0.956576E+02 -0.476792E+02 5
0.100739E+03 -0.447551E+02 5
0.105316E+03 -0.416277E+02 5
0.109458E+03 -0.383360E+02 5
0.113233E+03 -0.349114E+02 5
0.961647E+02 -0.516981E+02 5
0.101621E+03 -0.487922E+02 5
0.106457E+03 -0.456577E+02 5
0.110767E+03 -0.423411E+02 5
0.114636E+03 -0.388796E+02 5
0.118139E+03 -0.353024E+02 5
0.968062E+02 -0.557249E+02 5
0.102726E+03 -0.528389E+02 5
0.107879E+03 -0.496961E+02 5
0.112386E+03 -0.463531E+02 5
0.116363E+03 -0.428536E+02 5
0.119905E+03 -0.392315E+02 5
0.123095E+03 -0.355127E+02 5
0.976338E+02 -0.597578E+02 5
0.104136E+03 -0.568898E+02 5
0.109669E+03 -0.537337E+02 5
0.114404E+03 -0.503590E+02 5
0.118497E+03 -0.468180E+02 5
0.122074E+03 -0.431493E+02 5
0.125241E+03 -0.393819E+02 5
0.128081E+03 -0.355376E+02 5
0.987313E+02 -0.637942E+02 5
0.105972E+03 -0.609365E+02 5
0.111961E+03 -0.577563E+02 5
0.116948E+03 -0.543402E+02 5
0.121152E+03 -0.507505E+02 5
0.124747E+03 -0.470314E+02 5
0.127867E+03 -0.432147E+02 5
0.130616E+03 -0.393232E+02 5
0.133073E+03 -0.353739E+02 5
0.100244E+03 -0.678290E+02 5
0.108437E+03 -0.649650E+02 5
0.114959E+03 -0.617414E+02 5
0.120203E+03 -0.582681E+02 5
0.124489E+03 -0.546189E+02 5
0.128058E+03 -0.508436E+02 5
0.131086E+03 -0.469759E+02 5
0.133701E+03 -0.430392E+02 5
0.135999E+03 -0.390501E+02 5
0.138050E+03 -0.350208E+02 5
0.102442E+03 -0.718531E+02 5
0.111877E+03 -0.689502E+02 5
0.118990E+03 -0.656519E+02 5
0.124444E+03 -0.620982E+02 5
0.128730E+03 -0.583755E+02 5
0.132186E+03 -0.545371E+02 5
0.135041E+03 -0.506173E+02 5
0.137453E+03 -0.466386E+02 5
0.139533E+03 -0.426161E+02 5
0.141359E+03 -0.385606E+02 5
0.142989E+03 -0.344797E+02 5
0.105901E+03 -0.758462E+02 5
0.116938E+03 -0.728445E+02 5
0.124592E+03 -0.694231E+02 5
0.130083E+03 -0.657591E+02 5
0.134184E+03 -0.619478E+02 5
0.137364E+03 -0.580418E+02 5
0.139912E+03 -0.540723E+02 5
0.142012E+03 -0.500583E+02 5
0.143787E+03 -0.460124E+02 5
0.145319E+03 -0.419427E+02 5
0.146666E+03 -0.378551E+02 5
0.147871E+03 -0.337538E+02 5
0.112051E+03 -0.797582E+02 5
0.124914E+03 -0.765465E+02 5
0.132666E+03 -0.729361E+02 5
0.137721E+03 -0.691330E+02 5
0.141258E+03 -0.652258E+02 5
0.143877E+03 -0.612570E+02 5
0.145906E+03 -0.572490E+02 5
0.147535E+03 -0.532149E+02 5
0.148882E+03 -0.491623E+02 5
0.150025E+03 -0.450965E+02 5
0.151016E+03 -0.410208E+02 5
0.151891E+03 -0.369375E+02 5
0.152677E+03 -0.328486E+02 5
0.125390E+03 -0.834213E+02 5
0.138481E+03 -0.798172E+02 5
0.144624E+03 -0.759661E+02 5
0.148139E+03 -0.720261E+02 5
0.150418E+03 -0.680450E+02 5
0.152025E+03 -0.640418E+02 5
0.153227E+03 -0.600253E+02 5
0.154167E+03 -0.560002E+02 5
0.154930E+03 -0.519694E+02 5
0.155567E+03 -0.479344E+02 5
0.156112E+03 -0.438964E+02 5
0.156587E+03 -0.398562E+02 5
0.157009E+03 -0.358143E+02 5
0.157390E+03 -0.317710E+02 5
0.162000E+03 -0.860353E+02 5
0.162000E+03 -0.820706E+02 5
0.162000E+03 -0.781059E+02 5
0.162000E+03 -0.741413E+02 5
0.162000E+03 -0.701766E+02 5
0.162000E+03 -0.662119E+02 5
0.162000E+03 -0.622472E+02 5
0.162000E+03 -0.582825E+02 5
0.162000E+03 -0.543178E+02 5
0.162000E+03 -0.503532E+02 5
0.162000E+03 -0.463885E+02 5
0.162000E+03 -0.424238E+02 5
0.162000E+03 -0.384591E+02 5
0.162000E+03 -0.344944E+02 5
0.162000E+03 -0.305297E+02 5
0.166437E+03 -0.316970E+02 5
0.166654E+03 -0.356776E+02 5
0.170986E+03 -0.327294E+02 5
0.166922E+03 -0.396685E+02 5
0.171454E+03 -0.367217E+02 5
0.175642E+03 -0.336160E+02 5
0.167251E+03 -0.436691E+02 5
0.172029E+03 -0.407308E+02 5
0.176392E+03 -0.376124E+02 5
0.180395E+03 -0.343465E+02 5
0.167658E+03 -0.476792E+02 5
0.172739E+03 -0.447551E+02 5
0.177316E+03 -0.416277E+02 5
0.181458E+03 -0.383360E+02 5
0.185233E+03 -0.349114E+02 5
0.168165E+03 -0.516981E+02 5
0.173621E+03 -0.487922E+02 5
0.178457E+03 -0.456577E+02 5
0.182767E+03 -0.423411E+02 5
0.186636E+03 -0.388796E+02 5
0.190139E+03 -0.353024E+02 5
0.168806E+03 -0.557249E+02 5
0.174726E+03 -0.528389E+02 5
0.179879E+03 -0.496961E+02 5
0.184386E+03 -0.463531E+02 5
0.188363E+03 -0.428536E+02 5
0.191905E+03 -0.392315E+02 5
0.195095E+03 -0.355127E+02 5
0.169634E+03 -0.597578E+02 5
0.176136E+03 -0.568898E+02 5
0.181669E+03 -0.537337E+02 5
0.186404E+03 -0.503590E+02 5
0.190497E+03 -0.468180E+02 5
0.194074E+03 -0.431493E+02 5
0.197241E+03 -0.393819E+02 5
0.200081E+03 -0.355376E+02 5
0.170731E+03 -0.637942E+02 5
0.177972E+03 -0.609365E+02 5
0.183961E+03 -0.577563E+02 5
0.188948E+03 -0.543402E+02 5
0.193152E+03 -0.507505E+02 5
0.196747E+03 -0.470314E+02 5
0.199867E+03 -0.432147E+02 5
0.202616E+03 -0.393232E+02 5
0.205073E+03 -0.353739E+02 5
0.172244E+03 -0.678290E+02 5
0.180437E+03 -0.649650E+02 5
0.186959E+03 -0.617414E+02 5
0.192203E+03 -0.582681E+02 5
0.196489E+03 -0.546189E+02 5
0.200058E+03 -0.508436E+02 5
0.203086E+03 -0.469759E+02 5
0.205701E+03 -0.430392E+02 5
0.207999E+03 -0.390501E+02 5
0.210050E+03 -0.350208E+02 5
0.174442E+03 -0.718531E+02 5
0.183877E+03 -0.689502E+02 5
0.190990E+03 -0.656519E+02 5
0.196444E+03 -0.620982E+02 5
0.200730E+03 -0.583755E+02 5
0.204186E+03 -0.545371E+02 5
0.207041E+03 -0.506173E+02 5
0.209453E+03 -0.466386E+02 5
0.211533E+03 -0.426161E+02 5
0.213359E+03 -0.385606E+02 5
0.214989E+03 -0.344797E+02 5
0.177901E+03 -0.758462E+02 5
0.188938E+03 -0.728445E+02 5
0.196592E+03 -0.694231E+02 5
0.202083E+03 -0.657591E+02 5
0.206184E+03 -0.619478E+02 5
0.209364E+03 -0.580418E+02 5
0.211912E+03 -0.540723E+02 5
0.214012E+03 -0.500583E+02 5
0.215787E+03 -0.460124E+02 5
0.217319E+03 -0.419427E+02 5
0.218666E+03 -0.378551E+02 5
0.219871E+03 -0.337538E+02 5
0.184051E+03 -0.797582E+02 5
0.196914E+03 -0.765465E+02 5
0.204666E+03 -0.729361E+02 5
0.209721E+03 -0.691330E+02 5
0.213258E+03 -0.652258E+02 5
0.215877E+03 -0.612570E+02 5
0.217906E+03 -0.572490E+02 5
0.219535E+03 -0.532149E+02 5
0.220882E+03 -0.491623E+02 5
0.222025E+03 -0.450965E+02 5
0.223016E+03 -0.410208E+02 5
0.223891E+03 -0.369375E+02 5
0.224677E+03 -0.328486E+02 5
0.197390E+03 -0.834213E+02 5
0.210481E+03 -0.798172E+02 5
0.216624E+03 -0.759661E+02 5
0.220139E+03 -0.720261E+02 5
0.222418E+03 -0.680450E+02 5
0.224025E+03 -0.640418E+02 5
0.225227E+03 -0.600253E+02 5
0.226167E+03 -0.560002E+02 5
0.226930E+03 -0.519694E+02 5
0.227567E+03 -0.479344E+02 5
0.228112E+03 -0.438964E+02 5
0.228587E+03 -0.398562E+02 5
0.229009E+03 -0.358143E+02 5
0.229390E+03 -0.317710E+02 5
0.234000E+03 -0.860353E+02 5
0.234000E+03 -0.820706E+02 5
0.234000E+03 -0.781059E+02 5
0.234000E+03 -0.741413E+02 5
0.234000E+03 -0.701766E+02 5
0.234000E+03 -0.662119E+02 5
0.234000E+03 -0.622472E+02 5
0.234000E+03 -0.582825E+02 5
0.234000E+03 -0.543178E+02 5
0.234000E+03 -0.503532E+02 5
0.234000E+03 -0.463885E+02 5
0.234000E+03 -0.424238E+02 5
0.234000E+03 -0.384591E+02 5
0.234000E+03 -0.344944E+02 5
0.234000E+03 -0.305297E+02 5
0.238437E+03 -0.316970E+02 5
0.238654E+03 -0.356776E+02 5
0.242986E+03 -0.327294E+02 5
0.238922E+03 -0.396685E+02 5
0.243454E+03 -0.367217E+02 5
0.247642E+03 -0.336160E+02 5
0.239251E+03 -0.436691E+02 5
0.244029E+03 -0.407308E+02 5
0.248392E+03 -0.376124E+02 5
0.252395E+03 -0.343465E+02 5
0.239658E+03 -0.476792E+02 5
0.244739E+03 -0.447551E+02 5
0.249316E+03 -0.416277E+02 5
0.253458E+03 -0.383360E+02 5
0.257233E+03 -0.349114E+02 5
0.240165E+03 -0.516981E+02 5
0.245621E+03 -0.487922E+02 5
0.250457E+03 -0.456577E+02 5
0.254767E+03 -0.423411E+02 5
0.258636E+03 -0.388796E+02 5
0.262139E+03 -0.353024E+02 5
0.240806E+03 -0.557249E+02 5
0.246726E+03 -0.528389E+02 5
0.251879E+03 -0.496961E+02 5
0.256386E+03 -0.463531E+02 5
0.260363E+03 -0.428536E+02 5
0.263905E+03 -0.392315E+02 5
0.267095E+03 -0.355127E+02 5
0.241634E+03 -0.597578E+02 5
0.248136E+03 -0.568898E+02 5
0.253669E+03 -0.537337E+02 5
0.258404E+03 -0.503590E+02 5
0.262496E+03 -0.468180E+02 5
0.266074E+03 -0.431493E+02 5
0.269241E+03 -0.393819E+02 5
0.272081E+03 -0.355376E+02 5
0.242731E+03 -0.637942E+02 5
0.249972E+03 -0.609365E+02 5
0.255961E+03 -0.577563E+02 5
0.260948E+03 -0.543402E+02 5
0.265152E+03 -0.507505E+02 5
0.268747E+03 -0.470314E+02 5
0.271867E+03 -0.432147E+02 5
0.274616E+03 -0.393232E+02 5
0.277073E+03 -0.353739E+02 5
0.244244E+03 -0.678290E+02 5
0.252437E+03 -0.649650E+02 5
0.258959E+03 -0.617414E+02 5
0.264203E+03 -0.582681E+02 5
0.268489E+03 -0.546189E+02 5
0.272058E+03 -0.508436E+02 5
0.275086E+03 -0.469759E+02 5
0.277701E+03 -0.430392E+02 5
0.279999E+03 -0.390501E+02 5
0.282050E+03 -0.350208E+02 5
0.246442E+03 -0.718531E+02 5
0.255877E+03 -0.689502E+02 5
0.262990E+03 -0.656519E+02 5
0.268444E+03 -0.620982E+02 5
0.272730E+03 -0.583755E+02 5
0.276186E+03 -0.545371E+02 5
0.279041E+03 -0.506173E+02 5
0.281453E+03 -0.466386E+02 5
0.283533E+03 -0.426161E+02 5
0.285359E+03 -0.385606E+02 5
0.286989E+03 -0.344797E+02 5
0.249901E+03 -0.758462E+02 5
0.260938E+03 -0.728445E+02 5
0.268592E+03 -0.694230E+02 5
0.274083E+03 -0.657591E+02 5
0.278184E+03 -0.619477E+02 5
0.281364E+03 -0.580418E+02 5
0.283912E+03 -0.540723E+02 5
0.286012E+03 -0.500583E+02 5
0.287787E+03 -0.460124E+02 5
0.289319E+03 -0.419427E+02 5
0.290666E+03 -0.378551E+02 5
0.291871E+03 -0.337538E+02 5
0.256051E+03 -0.797582E+02 5
0.268914E+03 -0.765465E+02 5
0.276666E+03 -0.729361E+02 5
0.281721E+03 -0.691330E+02 5
0.285258E+03 -0.652258E+02 5
0.287877E+03 -0.612570E+02 5
0.289906E+03 -0.572490E+02 5
0.291534E+03 -0.532149E+02 5
0.292882E+03 -0.491623E+02 5
0.294025E+03 -0.450965E+02 5
0.295016E+03 -0.410208E+02 5
0.295891E+03 -0.369375E+02 5
0.296677E+03 -0.328486E+02 5
0.269390E+03 -0.834213E+02 5
0.282482E+03 -0.798172E+02 5
0.288624E+03 -0.759661E+02 5
0.292139E+03 -0.720261E+02 5
0.294418E+03 -0.680450E+02 5
0.296025E+03 -0.640418E+02 5
0.297227E+03 -0.600253E+02 5
0.298167E+03 -0.560002E+02 5
0.298930E+03 -0.519694E+02 5
0.299567E+03 -0.479344E+02 5
0.300112E+03 -0.438964E+02 5
0.300587E+03 -0.398562E+02 5
0.301009E+03 -0.358143E+02 5
0.301390E+03 -0.317710E+02 5
0.306000E+03 -0.860353E+02 5
0.306000E+03 -0.820706E+02 5
0.306000E+03 -0.781059E+02 5
0.306000E+03 -0.741413E+02 5
0.306000E+03 -0.701766E+02 5
0.306000E+03 -0.662119E+02 5
0.306000E+03 -0.622472E+02 5
0.306000E+03 -0.582825E+02 5
0.306000E+03 -0.543178E+02 5
0.306000E+03 -0.503532E+02 5
0.306000E+03 -0.463885E+02 5
0.306000E+03 -0.424238E+02 5
0.306000E+03 -0.384591E+02 5
0.306000E+03 -0.344944E+02 5
0.306000E+03 -0.305297E+02 5
0.310437E+03 -0.316970E+02 5
0.310654E+03 -0.356776E+02 5
0.314986E+03 -0.327294E+02 5
0.310922E+03 -0.396685E+02 5
0.315454E+03 -0.367217E+02 5
0.319642E+03 -0.336160E+02 5
0.311251E+03 -0.436691E+02 5
0.316029E+03 -0.407308E+02 5
0.320392E+03 -0.376124E+02 5
0.324395E+03 -0.343465E+02 5
0.311658E+03 -0.476792E+02 5
0.316739E+03 -0.447551E+02 5
0.321316E+03 -0.416277E+02 5
0.325458E+03 -0.383360E+02 5
0.329233E+03 -0.349114E+02 5
0.312165E+03 -0.516981E+02 5
0.317621E+03 -0.487922E+02 5
0.322457E+03 -0.456577E+02 5
0.326767E+03 -0.423411E+02 5
0.330636E+03 -0.388796E+02 5
0.334139E+03 -0.353024E+02 5
0.312806E+03 -0.557249E+02 5
0.318726E+03 -0.528389E+02 5
0.323879E+03 -0.496961E+02 5
0.328386E+03 -0.463531E+02 5
0.332363E+03 -0.428536E+02 5
0.335905E+03 -0.392315E+02 5
0.339095E+03 -0.355127E+02 5
0.313634E+03 -0.597578E+02 5
0.320136E+03 -0.568898E+02 5
0.325669E+03 -0.537337E+02 5
0.330404E+03 -0.503590E+02 5
0.334496E+03 -0.468180E+02 5
0.338074E+03 -0.431493E+02 5
0.341241E+03 -0.393819E+02 5
0.344081E+03 -0.355376E+02 5
0.314731E+03 -0.637942E+02 5
0.321972E+03 -0.609365E+02 5
0.327961E+03 -0.577563E+02 5
0.332948E+03 -0.543402E+02 5
0.337152E+03 -0.507505E+02 5
0.340747E+03 -0.470314E+02 5
0.343867E+03 -0.432147E+02 5
0.346616E+03 -0.393232E+02 5
0.349073E+03 -0.353739E+02 5
0.316244E+03 -0.678290E+02 5
0.324437E+03 -0.649650E+02 5
0.330959E+03 -0.617414E+02 5
0.336203E+03 -0.582681E+02 5
0.340489E+03 -0.546189E+02 5
0.344058E+03 -0.508436E+02 5
0.347086E+03 -0.469759E+02 5
0.349701E+03 -0.430392E+02 5
0.351999E+03 -0.390501E+02 5
0.354050E+03 -0.350208E+02 5
0.318442E+03 -0.718531E+02 5
0.327877E+03 -0.689502E+02 5
0.334990E+03 -0.656519E+02 5
0.340444E+03 -0.620982E+02 5
0.344730E+03 -0.583755E+02 5
0.348186E+03 -0.545371E+02 5
0.351041E+03 -0.506173E+02 5
0.353453E+03 -0.466386E+02 5
0.355533E+03 -0.426161E+02 5
0.357359E+03 -0.385606E+02 5
0.358989E+03 -0.344797E+02 5
0.321901E+03 -0.758462E+02 5
0.332938E+03 -0.728445E+02 5
0.340592E+03 -0.694231E+02 5
0.346083E+03 -0.657591E+02 5
0.350184E+03 -0.619477E+02 5
0.353364E+03 -0.580418E+02 5
0.355912E+03 -0.540723E+02 5
0.358012E+03 -0.500583E+02 5
0.359787E+03 -0.460124E+02 5
0.131868E+01 -0.419427E+02 5
0.266590E+01 -0.378551E+02 5
0.387112E+01 -0.337538E+02 5
0.328051E+03 -0.797582E+02 5
0.340914E+03 -0.765465E+02 5
0.348666E+03 -0.729361E+02 5
0.353721E+03 -0.691330E+02 5
0.357258E+03 -0.652258E+02 5
0.359877E+03 -0.612570E+02 5
0.190557E+01 -0.572490E+02 5
0.353451E+01 -0.532149E+02 5
0.488207E+01 -0.491623E+02 5
0.602516E+01 -0.450965E+02 5
0.701589E+01 -0.410208E+02 5
0.789086E+01 -0.369375E+02 5
0.867664E+01 -0.328486E+02 5
0.341390E+03 -0.834213E+02 5
0.354482E+03 -0.798172E+02 5
0.624492E+00 -0.759661E+02 5
0.413932E+01 -0.720261E+02 5
0.641819E+01 -0.680450E+02 5
0.802456E+01 -0.640418E+02 5
0.922658E+01 -0.600253E+02 5
0.101675E+02 -0.560002E+02 5
0.109305E+02 -0.519694E+02 5
0.115673E+02 -0.479344E+02 5
0.121117E+02 -0.438964E+02 5
0.125869E+02 -0.398562E+02 5
0.130092E+02 -0.358143E+02 5
0.133904E+02 -0.317710E+02 5
